
0 -50.0 50
10 -50.0 50
13 -7.0 7
0 -50.0 50
10 -50.0 50
13 -7.0 7
0 -50.0 50
10 -50.0 50
13 -50.0 50
0 -50.0 50
10 -50.0 50
13 -8.0 8
0 -50.0 50
10 -50.0 50
13 -50.0 50
0 -50.0 50
10 -50.0 50
13 -50.0 50
0 -50.0 50
10 -50.0 50
13 -7.0 7
0 -50.0 50
10 -8.0 8
13 -8.0 8
0 -50.0 50
10 -50.0 50
13 -50.0 50
0 -50.0 50
10 -7.0 7
13 -50.0 50
0 -50.0 50
10 -50.0 50
13 -7.0 7
0 -50.0 50
10 -50.0 50
13 -50.0 50
0 -50.0 50
10 -50.0 50
13 -50.0 50
0 -50.0 50
10 -50.0 50
13 -50.0 50
0 -50.0 50
10 -50.0 50
13 -50.0 50
0 -50.0 50
10 -50.0 50
13 -50.0 50
0 -50.0 50
10 -50.0 50
13 -50.0 50
0 -50.0 50
10 -50.0 50
13 -50.0 50
0 -50.0 50
10 -50.0 50
13 -50.0 50
0 -50.0 50
10 -50.0 50
13 -7.0 7
0 -50.0 50
10 -50.0 50
13 -50.0 50
0 -50.0 50
10 -50.0 50
13 -50.0 50
0 -50.0 50
10 -50.0 50
13 -8.0 8
0 -50.0 50
10 -50.0 50
13 -50.0 50
0 -50.0 50
10 -7.0 7
13 -50.0 50
0 -50.0 50
10 -7.0 7
13 -7.0 7
0 -50.0 50
10 -50.0 50
13 -50.0 50
0 -50.0 50
10 -50.0 50
13 -50.0 50
0 -50.0 50
10 -50.0 50
13 -50.0 50
0 -50.0 50
10 -7.0 7
13 -7.0 7
0 -50.0 50
10 -50.0 50
13 -7.0 7
0 -50.0 50
10 -50.0 50
13 -50.0 50
0 -50.0 50
10 -50.0 50
13 -50.0 50
0 -50.0 50
10 -50.0 50
13 -7.0 7
0 -50.0 50
10 -50.0 50
13 -50.0 50
0 -50.0 50
10 -50.0 50
13 -50.0 50
0 -50.0 50
10 -50.0 50
13 -7.0 7
0 -50.0 50
10 -7.0 7
13 -7.0 7
0 -50.0 50
10 -50.0 50
13 -7.0 7
0 -50.0 50
10 -7.0 7
13 -7.0 7