0 -50.0 50
1 -50.0 50
2 -50.0 50
3 -50.0 50
4 -30.0 30
5 -11.0 11
6 -50.0 50
7 -14.0 14
8 -17.0 17
9 -17.0 17
10 -10.0 10
11 -15.0 15
12 -10.0 10
13 -8.0 8
14 -9.0 9
15 -11.0 11
16 -23.0 23
17 -14.0 14
0 -50.0 50
1 -50.0 50
2 -28.0 28
3 -50.0 50
4 -14.0 14
5 -32.0 32
6 -50.0 50
7 -45.0 45
8 -50.0 50
9 -20.0 20
10 -27.0 27
11 -18.0 18
12 -11.0 11
13 -14.0 14
14 -7.0 7
15 -8.0 8
16 -9.0 9
17 -7.0 7
0 -50.0 50
1 -49.0 49
2 -50.0 50
3 -50.0 50
4 -50.0 50
5 -34.0 34
6 -18.0 18
7 -36.0 36
8 -9.0 9
9 -23.0 23
10 -12.0 12
11 -8.0 8
12 -7.0 7
13 -9.0 9
14 -8.0 8
15 -14.0 14
16 -11.0 11
17 -7.0 7
0 -50.0 50
1 -50.0 50
2 -17.0 17
3 -50.0 50
4 -50.0 50
5 -50.0 50
6 -21.0 21
7 -13.0 13
8 -16.0 16
9 -13.0 13
10 -15.0 15
11 -39.0 39
12 -20.0 20
13 -50.0 50
14 -13.0 13
15 -25.0 25
16 -9.0 9
17 -9.0 9
0 -37.0 37
1 -50.0 50
2 -50.0 50
3 -50.0 50
4 -50.0 50
5 -23.0 23
6 -50.0 50
7 -14.0 14
8 -50.0 50
9 -17.0 17
10 -40.0 40
11 -27.0 27
12 -8.0 8
13 -9.0 9
14 -9.0 9
15 -7.0 7
16 -7.0 7
17 -7.0 7
0 -50.0 50
1 -18.0 18
2 -50.0 50
3 -46.0 46
4 -50.0 50
5 -50.0 50
6 -50.0 50
7 -36.0 36
8 -18.0 18
9 -14.0 14
10 -35.0 35
11 -26.0 26
12 -10.0 10
13 -14.0 14
14 -10.0 10
15 -7.0 7
16 -7.0 7
17 -7.0 7
0 -50.0 50
1 -50.0 50
2 -50.0 50
3 -31.0 31
4 -41.0 41
5 -50.0 50
6 -50.0 50
7 -35.0 35
8 -13.0 13
9 -11.0 11
10 -7.0 7
11 -8.0 8
12 -7.0 7
13 -7.0 7
14 -7.0 7
15 -7.0 7
16 -7.0 7
17 -7.0 7
0 -50.0 50
1 -50.0 50
2 -50.0 50
3 -12.0 12
4 -50.0 50
5 -22.0 22
6 -24.0 24
7 -9.0 9
8 -18.0 18
9 -37.0 37
10 -24.0 24
11 -16.0 16
12 -50.0 50
13 -15.0 15
14 -14.0 14
15 -7.0 7
16 -7.0 7
17 -9.0 9
0 -50.0 50
1 -12.0 12
2 -50.0 50
3 -50.0 50
4 -50.0 50
5 -45.0 45
6 -15.0 15
7 -10.0 10
8 -14.0 14
9 -8.0 8
10 -13.0 13
11 -17.0 17
12 -19.0 19
13 -13.0 13
14 -11.0 11
15 -9.0 9
16 -7.0 7
17 -7.0 7
0 -50.0 50
1 -50.0 50
2 -50.0 50
3 -50.0 50
4 -50.0 50
5 -24.0 24
6 -16.0 16
7 -18.0 18
8 -32.0 32
9 -21.0 21
10 -7.0 7
11 -7.0 7
12 -11.0 11
13 -14.0 14
14 -7.0 7
15 -7.0 7
16 -7.0 7
17 -7.0 7
0 -50.0 50
1 -50.0 50
2 -50.0 50
3 -31.0 31
4 -33.0 33
5 -31.0 31
6 -50.0 50
7 -43.0 43
8 -18.0 18
9 -7.0 7
10 -18.0 18
11 -14.0 14
12 -15.0 15
13 -17.0 17
14 -10.0 10
15 -7.0 7
16 -9.0 9
17 -7.0 7
0 -50.0 50
1 -50.0 50
2 -50.0 50
3 -17.0 17
4 -50.0 50
5 -35.0 35
6 -45.0 45
7 -13.0 13
8 -11.0 11
9 -15.0 15
10 -12.0 12
11 -13.0 13
12 -15.0 15
13 -8.0 8
14 -8.0 8
15 -9.0 9
16 -12.0 12
17 -9.0 9
0 -50.0 50
1 -50.0 50
2 -24.0 24
3 -50.0 50
4 -50.0 50
5 -50.0 50
6 -34.0 34
7 -29.0 29
8 -22.0 22
9 -13.0 13
10 -11.0 11
11 -16.0 16
12 -11.0 11
13 -29.0 29
14 -9.0 9
15 -11.0 11
16 -7.0 7
17 -7.0 7
0 -50.0 50
1 -50.0 50
2 -50.0 50
3 -29.0 29
4 -50.0 50
5 -37.0 37
6 -50.0 50
7 -22.0 22
8 -43.0 43
9 -30.0 30
10 -7.0 7
11 -7.0 7
12 -12.0 12
13 -7.0 7
14 -8.0 8
15 -9.0 9
16 -9.0 9
17 -7.0 7
0 -50.0 50
1 -50.0 50
2 -50.0 50
3 -17.0 17
4 -40.0 40
5 -33.0 33
6 -29.0 29
7 -50.0 50
8 -46.0 46
9 -25.0 25
10 -8.0 8
11 -8.0 8
12 -8.0 8
13 -9.0 9
14 -7.0 7
15 -7.0 7
16 -7.0 7
17 -7.0 7
0 -24.0 24
1 -50.0 50
2 -43.0 43
3 -50.0 50
4 -32.0 32
5 -50.0 50
6 -50.0 50
7 -17.0 17
8 -14.0 14
9 -8.0 8
10 -10.0 10
11 -15.0 15
12 -12.0 12
13 -11.0 11
14 -7.0 7
15 -33.0 33
16 -43.0 43
17 -7.0 7
0 -50.0 50
1 -50.0 50
2 -35.0 35
3 -50.0 50
4 -12.0 12
5 -26.0 26
6 -35.0 35
7 -28.0 28
8 -34.0 34
9 -24.0 24
10 -36.0 36
11 -22.0 22
12 -9.0 9
13 -7.0 7
14 -15.0 15
15 -16.0 16
16 -12.0 12
17 -9.0 9
0 -50.0 50
1 -50.0 50
2 -36.0 36
3 -46.0 46
4 -50.0 50
5 -34.0 34
6 -14.0 14
7 -50.0 50
8 -50.0 50
9 -30.0 30
10 -10.0 10
11 -28.0 28
12 -17.0 17
13 -7.0 7
14 -7.0 7
15 -8.0 8
16 -9.0 9
17 -7.0 7
0 -26.0 26
1 -50.0 50
2 -50.0 50
3 -35.0 35
4 -50.0 50
5 -47.0 47
6 -50.0 50
7 -18.0 18
8 -16.0 16
9 -17.0 17
10 -23.0 23
11 -10.0 10
12 -7.0 7
13 -12.0 12
14 -10.0 10
15 -12.0 12
16 -7.0 7
17 -7.0 7
0 -26.0 26
1 -50.0 50
2 -50.0 50
3 -50.0 50
4 -50.0 50
5 -50.0 50
6 -29.0 29
7 -30.0 30
8 -41.0 41
9 -33.0 33
10 -21.0 21
11 -11.0 11
12 -16.0 16
13 -7.0 7
14 -7.0 7
15 -9.0 9
16 -9.0 9
17 -7.0 7
0 -50.0 50
1 -50.0 50
2 -50.0 50
3 -50.0 50
4 -45.0 45
5 -13.0 13
6 -10.0 10
7 -10.0 10
8 -11.0 11
9 -22.0 22
10 -22.0 22
11 -19.0 19
12 -8.0 8
13 -8.0 8
14 -10.0 10
15 -10.0 10
16 -9.0 9
17 -7.0 7
0 -41.0 41
1 -50.0 50
2 -50.0 50
3 -50.0 50
4 -19.0 19
5 -27.0 27
6 -50.0 50
7 -26.0 26
8 -12.0 12
9 -7.0 7
10 -7.0 7
11 -15.0 15
12 -16.0 16
13 -12.0 12
14 -18.0 18
15 -15.0 15
16 -7.0 7
17 -7.0 7
0 -50.0 50
1 -46.0 46
2 -49.0 49
3 -50.0 50
4 -47.0 47
5 -50.0 50
6 -26.0 26
7 -14.0 14
8 -9.0 9
9 -7.0 7
10 -8.0 8
11 -7.0 7
12 -8.0 8
13 -11.0 11
14 -8.0 8
15 -10.0 10
16 -29.0 29
17 -28.0 28
0 -50.0 50
1 -50.0 50
2 -50.0 50
3 -50.0 50
4 -25.0 25
5 -21.0 21
6 -38.0 38
7 -32.0 32
8 -50.0 50
9 -15.0 15
10 -8.0 8
11 -7.0 7
12 -7.0 7
13 -7.0 7
14 -13.0 13
15 -35.0 35
16 -9.0 9
17 -7.0 7
0 -50.0 50
1 -50.0 50
2 -31.0 31
3 -50.0 50
4 -50.0 50
5 -50.0 50
6 -50.0 50
7 -23.0 23
8 -11.0 11
9 -15.0 15
10 -16.0 16
11 -9.0 9
12 -8.0 8
13 -9.0 9
14 -9.0 9
15 -9.0 9
16 -9.0 9
17 -7.0 7
0 -50.0 50
1 -50.0 50
2 -50.0 50
3 -30.0 30
4 -50.0 50
5 -25.0 25
6 -10.0 10
7 -14.0 14
8 -25.0 25
9 -20.0 20
10 -11.0 11
11 -19.0 19
12 -17.0 17
13 -9.0 9
14 -22.0 22
15 -22.0 22
16 -17.0 17
17 -7.0 7
0 -50.0 50
1 -50.0 50
2 -18.0 18
3 -36.0 36
4 -50.0 50
5 -50.0 50
6 -27.0 27
7 -22.0 22
8 -50.0 50
9 -27.0 27
10 -11.0 11
11 -10.0 10
12 -7.0 7
13 -7.0 7
14 -9.0 9
15 -7.0 7
16 -9.0 9
17 -7.0 7
0 -40.0 40
1 -50.0 50
2 -50.0 50
3 -50.0 50
4 -50.0 50
5 -13.0 13
6 -25.0 25
7 -19.0 19
8 -9.0 9
9 -10.0 10
10 -50.0 50
11 -45.0 45
12 -11.0 11
13 -9.0 9
14 -8.0 8
15 -7.0 7
16 -7.0 7
17 -7.0 7
0 -50.0 50
1 -19.0 19
2 -50.0 50
3 -50.0 50
4 -46.0 46
5 -50.0 50
6 -50.0 50
7 -9.0 9
8 -13.0 13
9 -16.0 16
10 -19.0 19
11 -11.0 11
12 -47.0 47
13 -37.0 37
14 -13.0 13
15 -10.0 10
16 -11.0 11
17 -11.0 11
0 -50.0 50
1 -50.0 50
2 -23.0 23
3 -50.0 50
4 -28.0 28
5 -50.0 50
6 -26.0 26
7 -50.0 50
8 -10.0 10
9 -21.0 21
10 -11.0 11
11 -11.0 11
12 -9.0 9
13 -11.0 11
14 -14.0 14
15 -7.0 7
16 -8.0 8
17 -50.0 50
0 -50.0 50
1 -50.0 50
2 -50.0 50
3 -50.0 50
4 -34.0 34
5 -39.0 39
6 -18.0 18
7 -9.0 9
8 -12.0 12
9 -9.0 9
10 -40.0 40
11 -41.0 41
12 -12.0 12
13 -13.0 13
14 -16.0 16
15 -9.0 9
16 -9.0 9
17 -9.0 9
0 -50.0 50
1 -50.0 50
2 -50.0 50
3 -50.0 50
4 -32.0 32
5 -31.0 31
6 -35.0 35
7 -50.0 50
8 -11.0 11
9 -8.0 8
10 -19.0 19
11 -7.0 7
12 -8.0 8
13 -11.0 11
14 -11.0 11
15 -20.0 20
16 -7.0 7
17 -7.0 7
0 -50.0 50
1 -36.0 36
2 -50.0 50
3 -50.0 50
4 -13.0 13
5 -24.0 24
6 -50.0 50
7 -37.0 37
8 -50.0 50
9 -12.0 12
10 -11.0 11
11 -10.0 10
12 -9.0 9
13 -7.0 7
14 -7.0 7
15 -7.0 7
16 -9.0 9
17 -12.0 12
0 -50.0 50
1 -50.0 50
2 -50.0 50
3 -39.0 39
4 -50.0 50
5 -21.0 21
6 -50.0 50
7 -17.0 17
8 -18.0 18
9 -8.0 8
10 -35.0 35
11 -9.0 9
12 -11.0 11
13 -16.0 16
14 -7.0 7
15 -7.0 7
16 -7.0 7
17 -7.0 7
0 -50.0 50
1 -39.0 39
2 -50.0 50
3 -45.0 45
4 -37.0 37
5 -49.0 49
6 -50.0 50
7 -50.0 50
8 -24.0 24
9 -7.0 7
10 -9.0 9
11 -10.0 10
12 -11.0 11
13 -28.0 28
14 -8.0 8
15 -8.0 8
16 -31.0 31
17 -21.0 21
0 -50.0 50
1 -44.0 44
2 -50.0 50
3 -49.0 49
4 -46.0 46
5 -11.0 11
6 -19.0 19
7 -12.0 12
8 -50.0 50
9 -23.0 23
10 -27.0 27
11 -18.0 18
12 -10.0 10
13 -7.0 7
14 -7.0 7
15 -9.0 9
16 -12.0 12
17 -9.0 9
0 -50.0 50
1 -39.0 39
2 -50.0 50
3 -50.0 50
4 -50.0 50
5 -18.0 18
6 -50.0 50
7 -12.0 12
8 -10.0 10
9 -18.0 18
10 -21.0 21
11 -14.0 14
12 -9.0 9
13 -9.0 9
14 -12.0 12
15 -7.0 7
16 -7.0 7
17 -7.0 7
0 -50.0 50
1 -32.0 32
2 -50.0 50
3 -50.0 50
4 -50.0 50
5 -32.0 32
6 -42.0 42
7 -26.0 26
8 -10.0 10
9 -8.0 8
10 -12.0 12
11 -10.0 10
12 -8.0 8
13 -9.0 9
14 -9.0 9
15 -7.0 7
16 -9.0 9
17 -12.0 12
0 -35.0 35
1 -50.0 50
2 -40.0 40
3 -50.0 50
4 -50.0 50
5 -50.0 50
6 -18.0 18
7 -18.0 18
8 -11.0 11
9 -10.0 10
10 -9.0 9
11 -19.0 19
12 -9.0 9
13 -8.0 8
14 -7.0 7
15 -50.0 50
16 -11.0 11
17 -7.0 7
0 -30.0 30
1 -50.0 50
2 -50.0 50
3 -50.0 50
4 -15.0 15
5 -26.0 26
6 -39.0 39
7 -24.0 24
8 -50.0 50
9 -50.0 50
10 -15.0 15
11 -7.0 7
12 -10.0 10
13 -10.0 10
14 -20.0 20
15 -7.0 7
16 -7.0 7
17 -7.0 7
