0 -50.0 50
1 -50.0 50
2 -50.0 50
3 -50.0 50
4 -50.0 50
5 -50.0 50
6 -50.0 50
7 -50.0 50
8 -50.0 50
9 -42.0 42
0 -50.0 50
1 -50.0 50
2 -50.0 50
3 -50.0 50
4 -50.0 50
5 -50.0 50
6 -50.0 50
7 -50.0 50
8 -50.0 50
9 -50.0 50
0 -50.0 50
1 -50.0 50
2 -50.0 50
3 -50.0 50
4 -50.0 50
5 -50.0 50
6 -50.0 50
7 -50.0 50
8 -45.0 45
9 -50.0 50
0 -50.0 50
1 -50.0 50
2 -37.0 37
3 -50.0 50
4 -50.0 50
5 -50.0 50
6 -50.0 50
7 -50.0 50
8 -50.0 50
9 -50.0 50
0 -50.0 50
1 -41.0 41
2 -50.0 50
3 -50.0 50
4 -50.0 50
5 -50.0 50
6 -50.0 50
7 -50.0 50
8 -50.0 50
9 -50.0 50
0 -50.0 50
1 -50.0 50
2 -50.0 50
3 -50.0 50
4 -50.0 50
5 -50.0 50
6 -50.0 50
7 -50.0 50
8 -50.0 50
9 -50.0 50
0 -50.0 50
1 -50.0 50
2 -50.0 50
3 -50.0 50
4 -50.0 50
5 -50.0 50
6 -50.0 50
7 -50.0 50
8 -50.0 50
9 -50.0 50
0 -50.0 50
1 -50.0 50
2 -50.0 50
3 -50.0 50
4 -50.0 50
5 -50.0 50
6 -50.0 50
7 -50.0 50
8 -50.0 50
9 -50.0 50
0 -50.0 50
1 -50.0 50
2 -50.0 50
3 -50.0 50
4 -50.0 50
5 -50.0 50
6 -50.0 50
7 -50.0 50
8 -30.0 30
9 -50.0 50
0 -50.0 50
1 -50.0 50
2 -50.0 50
3 -50.0 50
4 -50.0 50
5 -50.0 50
6 -40.0 40
7 -50.0 50
8 -50.0 50
9 -50.0 50
0 -50.0 50
1 -50.0 50
2 -50.0 50
3 -50.0 50
4 -41.0 41
5 -50.0 50
6 -50.0 50
7 -50.0 50
8 -50.0 50
9 -50.0 50
0 -50.0 50
1 -50.0 50
2 -50.0 50
3 -50.0 50
4 -50.0 50
5 -50.0 50
6 -50.0 50
7 -50.0 50
8 -50.0 50
9 -50.0 50
0 -50.0 50
1 -50.0 50
2 -50.0 50
3 -50.0 50
4 -50.0 50
5 -50.0 50
6 -37.0 37
7 -50.0 50
8 -50.0 50
9 -50.0 50
0 -50.0 50
1 -50.0 50
2 -50.0 50
3 -50.0 50
4 -50.0 50
5 -50.0 50
6 -50.0 50
7 -50.0 50
8 -50.0 50
9 -50.0 50
0 -50.0 50
1 -50.0 50
2 -50.0 50
3 -50.0 50
4 -50.0 50
5 -50.0 50
6 -50.0 50
7 -50.0 50
8 -50.0 50
9 -50.0 50
0 -50.0 50
1 -50.0 50
2 -50.0 50
3 -50.0 50
4 -50.0 50
5 -50.0 50
6 -50.0 50
7 -50.0 50
8 -50.0 50
9 -50.0 50
0 -50.0 50
1 -50.0 50
2 -50.0 50
3 -50.0 50
4 -50.0 50
5 -50.0 50
6 -50.0 50
7 -50.0 50
8 -50.0 50
9 -50.0 50
0 -50.0 50
1 -50.0 50
2 -50.0 50
3 -39.0 39
4 -50.0 50
5 -50.0 50
6 -50.0 50
7 -50.0 50
8 -50.0 50
9 -50.0 50
0 -50.0 50
1 -50.0 50
2 -50.0 50
3 -39.0 39
4 -50.0 50
5 -50.0 50
6 -50.0 50
7 -50.0 50
8 -50.0 50
9 -50.0 50
0 -50.0 50
1 -50.0 50
2 -50.0 50
3 -50.0 50
4 -50.0 50
5 -50.0 50
6 -50.0 50
7 -50.0 50
8 -50.0 50
9 -50.0 50
