0 -50.0 50
1 -50.0 50
2 -34.0 34
3 -50.0 50
4 -16.0 16
5 -50.0 50
0 -50.0 50
1 -50.0 50
2 -49.0 49
3 -50.0 50
4 -45.0 45
5 -35.0 35
0 -44.0 44
1 -50.0 50
2 -50.0 50
3 -19.0 19
4 -44.0 44
5 -50.0 50
0 -50.0 50
1 -50.0 50
2 -50.0 50
3 -50.0 50
4 -50.0 50
5 -47.0 47
0 -49.0 49
1 -50.0 50
2 -50.0 50
3 -50.0 50
4 -50.0 50
5 -12.0 12
0 -32.0 32
1 -50.0 50
2 -40.0 40
3 -50.0 50
4 -50.0 50
5 -37.0 37
0 -31.0 31
1 -50.0 50
2 -50.0 50
3 -50.0 50
4 -44.0 44
5 -50.0 50
0 -50.0 50
1 -50.0 50
2 -31.0 31
3 -50.0 50
4 -48.0 48
5 -21.0 21
0 -50.0 50
1 -50.0 50
2 -50.0 50
3 -50.0 50
4 -50.0 50
5 -22.0 22
0 -50.0 50
1 -50.0 50
2 -34.0 34
3 -28.0 28
4 -50.0 50
5 -46.0 46
0 -50.0 50
1 -50.0 50
2 -41.0 41
3 -50.0 50
4 -50.0 50
5 -38.0 38
0 -50.0 50
1 -23.0 23
2 -50.0 50
3 -41.0 41
4 -50.0 50
5 -50.0 50
0 -50.0 50
1 -50.0 50
2 -42.0 42
3 -50.0 50
4 -25.0 25
5 -18.0 18
0 -50.0 50
1 -33.0 33
2 -50.0 50
3 -42.0 42
4 -50.0 50
5 -50.0 50
0 -17.0 17
1 -50.0 50
2 -50.0 50
3 -50.0 50
4 -30.0 30
5 -50.0 50
0 -50.0 50
1 -14.0 14
2 -50.0 50
3 -29.0 29
4 -50.0 50
5 -50.0 50
0 -50.0 50
1 -50.0 50
2 -50.0 50
3 -37.0 37
4 -50.0 50
5 -43.0 43
0 -50.0 50
1 -38.0 38
2 -50.0 50
3 -50.0 50
4 -30.0 30
5 -43.0 43
0 -50.0 50
1 -50.0 50
2 -50.0 50
3 -21.0 21
4 -37.0 37
5 -50.0 50
0 -50.0 50
1 -50.0 50
2 -50.0 50
3 -33.0 33
4 -24.0 24
5 -50.0 50
