0 -39.0 39
1 -50.0 50
2 -50.0 50
3 -50.0 50
4 -28.0 28
5 -26.0 26
6 -25.0 25
7 -17.0 17
8 -13.0 13
9 -11.0 11
10 -50.0 50
11 -50.0 50
12 -24.0 24
13 -24.0 24
14 -10.0 10
15 -16.0 16
16 -16.0 16
17 -8.0 8
18 -9.0 9
19 -7.0 7
20 -7.0 7
21 -7.0 7
0 -50.0 50
1 -36.0 36
2 -50.0 50
3 -50.0 50
4 -50.0 50
5 -30.0 30
6 -21.0 21
7 -15.0 15
8 -11.0 11
9 -14.0 14
10 -38.0 38
11 -12.0 12
12 -7.0 7
13 -7.0 7
14 -7.0 7
15 -7.0 7
16 -7.0 7
17 -7.0 7
18 -7.0 7
19 -7.0 7
20 -7.0 7
21 -7.0 7
0 -13.0 13
1 -50.0 50
2 -50.0 50
3 -50.0 50
4 -23.0 23
5 -25.0 25
6 -50.0 50
7 -50.0 50
8 -19.0 19
9 -13.0 13
10 -10.0 10
11 -9.0 9
12 -12.0 12
13 -9.0 9
14 -10.0 10
15 -12.0 12
16 -14.0 14
17 -9.0 9
18 -17.0 17
19 -22.0 22
20 -16.0 16
21 -10.0 10
0 -50.0 50
1 -50.0 50
2 -42.0 42
3 -50.0 50
4 -50.0 50
5 -50.0 50
6 -42.0 42
7 -15.0 15
8 -18.0 18
9 -12.0 12
10 -16.0 16
11 -7.0 7
12 -14.0 14
13 -17.0 17
14 -13.0 13
15 -8.0 8
16 -7.0 7
17 -7.0 7
18 -7.0 7
19 -8.0 8
20 -7.0 7
21 -7.0 7
0 -50.0 50
1 -50.0 50
2 -41.0 41
3 -38.0 38
4 -21.0 21
5 -30.0 30
6 -27.0 27
7 -50.0 50
8 -32.0 32
9 -10.0 10
10 -8.0 8
11 -37.0 37
12 -17.0 17
13 -47.0 47
14 -9.0 9
15 -8.0 8
16 -7.0 7
17 -9.0 9
18 -7.0 7
19 -7.0 7
20 -9.0 9
21 -7.0 7
0 -33.0 33
1 -50.0 50
2 -50.0 50
3 -50.0 50
4 -50.0 50
5 -26.0 26
6 -50.0 50
7 -36.0 36
8 -13.0 13
9 -7.0 7
10 -7.0 7
11 -10.0 10
12 -16.0 16
13 -11.0 11
14 -11.0 11
15 -10.0 10
16 -10.0 10
17 -8.0 8
18 -7.0 7
19 -9.0 9
20 -7.0 7
21 -9.0 9
0 -50.0 50
1 -50.0 50
2 -35.0 35
3 -50.0 50
4 -37.0 37
5 -50.0 50
6 -14.0 14
7 -23.0 23
8 -7.0 7
9 -29.0 29
10 -50.0 50
11 -11.0 11
12 -9.0 9
13 -10.0 10
14 -14.0 14
15 -14.0 14
16 -9.0 9
17 -7.0 7
18 -7.0 7
19 -7.0 7
20 -7.0 7
21 -7.0 7
0 -50.0 50
1 -17.0 17
2 -50.0 50
3 -50.0 50
4 -50.0 50
5 -20.0 20
6 -43.0 43
7 -33.0 33
8 -19.0 19
9 -50.0 50
10 -21.0 21
11 -26.0 26
12 -8.0 8
13 -27.0 27
14 -16.0 16
15 -27.0 27
16 -14.0 14
17 -7.0 7
18 -8.0 8
19 -7.0 7
20 -7.0 7
21 -7.0 7
0 -50.0 50
1 -50.0 50
2 -16.0 16
3 -31.0 31
4 -21.0 21
5 -50.0 50
6 -50.0 50
7 -41.0 41
8 -50.0 50
9 -50.0 50
10 -26.0 26
11 -18.0 18
12 -9.0 9
13 -7.0 7
14 -9.0 9
15 -10.0 10
16 -8.0 8
17 -11.0 11
18 -14.0 14
19 -10.0 10
20 -7.0 7
21 -7.0 7
0 -47.0 47
1 -50.0 50
2 -50.0 50
3 -50.0 50
4 -30.0 30
5 -50.0 50
6 -27.0 27
7 -14.0 14
8 -36.0 36
9 -15.0 15
10 -7.0 7
11 -10.0 10
12 -9.0 9
13 -14.0 14
14 -8.0 8
15 -12.0 12
16 -15.0 15
17 -7.0 7
18 -7.0 7
19 -7.0 7
20 -7.0 7
21 -7.0 7
0 -17.0 17
1 -50.0 50
2 -50.0 50
3 -44.0 44
4 -50.0 50
5 -29.0 29
6 -50.0 50
7 -27.0 27
8 -14.0 14
9 -21.0 21
10 -23.0 23
11 -24.0 24
12 -10.0 10
13 -8.0 8
14 -7.0 7
15 -8.0 8
16 -11.0 11
17 -13.0 13
18 -13.0 13
19 -9.0 9
20 -7.0 7
21 -7.0 7
0 -50.0 50
1 -50.0 50
2 -39.0 39
3 -50.0 50
4 -50.0 50
5 -33.0 33
6 -29.0 29
7 -33.0 33
8 -22.0 22
9 -10.0 10
10 -15.0 15
11 -7.0 7
12 -13.0 13
13 -24.0 24
14 -27.0 27
15 -18.0 18
16 -13.0 13
17 -10.0 10
18 -7.0 7
19 -9.0 9
20 -7.0 7
21 -7.0 7
0 -50.0 50
1 -50.0 50
2 -50.0 50
3 -50.0 50
4 -42.0 42
5 -35.0 35
6 -46.0 46
7 -50.0 50
8 -13.0 13
9 -14.0 14
10 -10.0 10
11 -10.0 10
12 -9.0 9
13 -10.0 10
14 -7.0 7
15 -9.0 9
16 -8.0 8
17 -11.0 11
18 -27.0 27
19 -7.0 7
20 -7.0 7
21 -7.0 7
0 -26.0 26
1 -50.0 50
2 -50.0 50
3 -42.0 42
4 -50.0 50
5 -30.0 30
6 -50.0 50
7 -16.0 16
8 -16.0 16
9 -30.0 30
10 -14.0 14
11 -9.0 9
12 -50.0 50
13 -13.0 13
14 -13.0 13
15 -9.0 9
16 -7.0 7
17 -11.0 11
18 -8.0 8
19 -9.0 9
20 -7.0 7
21 -7.0 7
0 -35.0 35
1 -50.0 50
2 -50.0 50
3 -25.0 25
4 -50.0 50
5 -44.0 44
6 -50.0 50
7 -18.0 18
8 -14.0 14
9 -13.0 13
10 -7.0 7
11 -8.0 8
12 -7.0 7
13 -7.0 7
14 -17.0 17
15 -22.0 22
16 -44.0 44
17 -25.0 25
18 -11.0 11
19 -9.0 9
20 -7.0 7
21 -7.0 7
0 -41.0 41
1 -50.0 50
2 -50.0 50
3 -38.0 38
4 -50.0 50
5 -40.0 40
6 -12.0 12
7 -7.0 7
8 -24.0 24
9 -14.0 14
10 -18.0 18
11 -20.0 20
12 -25.0 25
13 -10.0 10
14 -15.0 15
15 -22.0 22
16 -22.0 22
17 -47.0 47
18 -30.0 30
19 -11.0 11
20 -12.0 12
21 -12.0 12
0 -50.0 50
1 -36.0 36
2 -50.0 50
3 -50.0 50
4 -28.0 28
5 -15.0 15
6 -25.0 25
7 -47.0 47
8 -50.0 50
9 -36.0 36
10 -14.0 14
11 -14.0 14
12 -14.0 14
13 -7.0 7
14 -7.0 7
15 -7.0 7
16 -9.0 9
17 -10.0 10
18 -7.0 7
19 -7.0 7
20 -7.0 7
21 -9.0 9
0 -50.0 50
1 -50.0 50
2 -50.0 50
3 -50.0 50
4 -18.0 18
5 -16.0 16
6 -50.0 50
7 -19.0 19
8 -22.0 22
9 -45.0 45
10 -9.0 9
11 -9.0 9
12 -10.0 10
13 -11.0 11
14 -14.0 14
15 -7.0 7
16 -7.0 7
17 -7.0 7
18 -7.0 7
19 -9.0 9
20 -10.0 10
21 -15.0 15
0 -50.0 50
1 -50.0 50
2 -23.0 23
3 -50.0 50
4 -50.0 50
5 -17.0 17
6 -24.0 24
7 -23.0 23
8 -38.0 38
9 -17.0 17
10 -7.0 7
11 -7.0 7
12 -11.0 11
13 -14.0 14
14 -9.0 9
15 -10.0 10
16 -7.0 7
17 -8.0 8
18 -8.0 8
19 -9.0 9
20 -7.0 7
21 -9.0 9
0 -50.0 50
1 -21.0 21
2 -50.0 50
3 -44.0 44
4 -50.0 50
5 -50.0 50
6 -42.0 42
7 -16.0 16
8 -12.0 12
9 -7.0 7
10 -15.0 15
11 -11.0 11
12 -11.0 11
13 -10.0 10
14 -7.0 7
15 -9.0 9
16 -11.0 11
17 -7.0 7
18 -10.0 10
19 -11.0 11
20 -9.0 9
21 -7.0 7
0 -26.0 26
1 -50.0 50
2 -50.0 50
3 -50.0 50
4 -50.0 50
5 -50.0 50
6 -24.0 24
7 -22.0 22
8 -24.0 24
9 -11.0 11
10 -12.0 12
11 -8.0 8
12 -14.0 14
13 -15.0 15
14 -8.0 8
15 -14.0 14
16 -21.0 21
17 -11.0 11
18 -7.0 7
19 -7.0 7
20 -7.0 7
21 -7.0 7
0 -50.0 50
1 -50.0 50
2 -50.0 50
3 -33.0 33
4 -11.0 11
5 -50.0 50
6 -50.0 50
7 -32.0 32
8 -14.0 14
9 -16.0 16
10 -9.0 9
11 -9.0 9
12 -23.0 23
13 -15.0 15
14 -10.0 10
15 -7.0 7
16 -9.0 9
17 -11.0 11
18 -14.0 14
19 -7.0 7
20 -7.0 7
21 -7.0 7
0 -50.0 50
1 -50.0 50
2 -50.0 50
3 -20.0 20
4 -38.0 38
5 -50.0 50
6 -50.0 50
7 -7.0 7
8 -9.0 9
9 -10.0 10
10 -19.0 19
11 -7.0 7
12 -7.0 7
13 -8.0 8
14 -14.0 14
15 -7.0 7
16 -11.0 11
17 -13.0 13
18 -7.0 7
19 -7.0 7
20 -50.0 50
21 -15.0 15
0 -50.0 50
1 -37.0 37
2 -50.0 50
3 -50.0 50
4 -26.0 26
5 -41.0 41
6 -50.0 50
7 -33.0 33
8 -11.0 11
9 -11.0 11
10 -13.0 13
11 -34.0 34
12 -14.0 14
13 -7.0 7
14 -7.0 7
15 -9.0 9
16 -9.0 9
17 -8.0 8
18 -7.0 7
19 -7.0 7
20 -7.0 7
21 -7.0 7
0 -50.0 50
1 -29.0 29
2 -50.0 50
3 -50.0 50
4 -21.0 21
5 -50.0 50
6 -46.0 46
7 -27.0 27
8 -14.0 14
9 -9.0 9
10 -7.0 7
11 -9.0 9
12 -9.0 9
13 -8.0 8
14 -36.0 36
15 -12.0 12
16 -8.0 8
17 -8.0 8
18 -8.0 8
19 -7.0 7
20 -7.0 7
21 -7.0 7
0 -50.0 50
1 -50.0 50
2 -49.0 49
3 -50.0 50
4 -50.0 50
5 -33.0 33
6 -12.0 12
7 -40.0 40
8 -12.0 12
9 -7.0 7
10 -11.0 11
11 -13.0 13
12 -31.0 31
13 -10.0 10
14 -7.0 7
15 -8.0 8
16 -13.0 13
17 -8.0 8
18 -9.0 9
19 -9.0 9
20 -7.0 7
21 -7.0 7
0 -19.0 19
1 -50.0 50
2 -50.0 50
3 -50.0 50
4 -50.0 50
5 -36.0 36
6 -50.0 50
7 -10.0 10
8 -13.0 13
9 -13.0 13
10 -24.0 24
11 -9.0 9
12 -8.0 8
13 -10.0 10
14 -10.0 10
15 -9.0 9
16 -7.0 7
17 -10.0 10
18 -16.0 16
19 -10.0 10
20 -9.0 9
21 -7.0 7
0 -26.0 26
1 -50.0 50
2 -50.0 50
3 -50.0 50
4 -40.0 40
5 -28.0 28
6 -39.0 39
7 -12.0 12
8 -19.0 19
9 -7.0 7
10 -7.0 7
11 -9.0 9
12 -9.0 9
13 -50.0 50
14 -15.0 15
15 -7.0 7
16 -12.0 12
17 -12.0 12
18 -7.0 7
19 -7.0 7
20 -7.0 7
21 -7.0 7
0 -42.0 42
1 -50.0 50
2 -50.0 50
3 -29.0 29
4 -42.0 42
5 -35.0 35
6 -50.0 50
7 -24.0 24
8 -26.0 26
9 -32.0 32
10 -7.0 7
11 -9.0 9
12 -9.0 9
13 -10.0 10
14 -10.0 10
15 -7.0 7
16 -9.0 9
17 -7.0 7
18 -9.0 9
19 -7.0 7
20 -7.0 7
21 -7.0 7
0 -50.0 50
1 -48.0 48
2 -50.0 50
3 -44.0 44
4 -50.0 50
5 -17.0 17
6 -19.0 19
7 -18.0 18
8 -15.0 15
9 -20.0 20
10 -46.0 46
11 -27.0 27
12 -9.0 9
13 -10.0 10
14 -12.0 12
15 -7.0 7
16 -23.0 23
17 -11.0 11
18 -7.0 7
19 -7.0 7
20 -7.0 7
21 -7.0 7
0 -50.0 50
1 -42.0 42
2 -50.0 50
3 -50.0 50
4 -50.0 50
5 -25.0 25
6 -33.0 33
7 -50.0 50
8 -15.0 15
9 -12.0 12
10 -7.0 7
11 -9.0 9
12 -7.0 7
13 -7.0 7
14 -9.0 9
15 -15.0 15
16 -18.0 18
17 -7.0 7
18 -8.0 8
19 -7.0 7
20 -7.0 7
21 -9.0 9
0 -50.0 50
1 -18.0 18
2 -38.0 38
3 -50.0 50
4 -50.0 50
5 -20.0 20
6 -50.0 50
7 -26.0 26
8 -50.0 50
9 -19.0 19
10 -15.0 15
11 -22.0 22
12 -15.0 15
13 -16.0 16
14 -7.0 7
15 -9.0 9
16 -11.0 11
17 -10.0 10
18 -9.0 9
19 -8.0 8
20 -9.0 9
21 -7.0 7
0 -31.0 31
1 -50.0 50
2 -50.0 50
3 -50.0 50
4 -33.0 33
5 -31.0 31
6 -50.0 50
7 -45.0 45
8 -15.0 15
9 -9.0 9
10 -14.0 14
11 -11.0 11
12 -14.0 14
13 -7.0 7
14 -7.0 7
15 -7.0 7
16 -10.0 10
17 -7.0 7
18 -7.0 7
19 -7.0 7
20 -7.0 7
21 -7.0 7
0 -32.0 32
1 -50.0 50
2 -50.0 50
3 -50.0 50
4 -45.0 45
5 -39.0 39
6 -29.0 29
7 -17.0 17
8 -21.0 21
9 -50.0 50
10 -50.0 50
11 -22.0 22
12 -7.0 7
13 -9.0 9
14 -8.0 8
15 -9.0 9
16 -7.0 7
17 -7.0 7
18 -9.0 9
19 -7.0 7
20 -7.0 7
21 -7.0 7
0 -50.0 50
1 -50.0 50
2 -50.0 50
3 -48.0 48
4 -50.0 50
5 -25.0 25
6 -16.0 16
7 -10.0 10
8 -17.0 17
9 -10.0 10
10 -7.0 7
11 -7.0 7
12 -13.0 13
13 -8.0 8
14 -10.0 10
15 -7.0 7
16 -7.0 7
17 -8.0 8
18 -8.0 8
19 -7.0 7
20 -7.0 7
21 -9.0 9
0 -50.0 50
1 -50.0 50
2 -24.0 24
3 -43.0 43
4 -50.0 50
5 -25.0 25
6 -40.0 40
7 -8.0 8
8 -26.0 26
9 -12.0 12
10 -7.0 7
11 -26.0 26
12 -15.0 15
13 -10.0 10
14 -7.0 7
15 -50.0 50
16 -20.0 20
17 -30.0 30
18 -14.0 14
19 -9.0 9
20 -9.0 9
21 -10.0 10
0 -50.0 50
1 -50.0 50
2 -50.0 50
3 -50.0 50
4 -39.0 39
5 -21.0 21
6 -12.0 12
7 -10.0 10
8 -13.0 13
9 -19.0 19
10 -50.0 50
11 -50.0 50
12 -13.0 13
13 -8.0 8
14 -9.0 9
15 -7.0 7
16 -9.0 9
17 -7.0 7
18 -7.0 7
19 -7.0 7
20 -7.0 7
21 -7.0 7
0 -50.0 50
1 -50.0 50
2 -50.0 50
3 -50.0 50
4 -50.0 50
5 -24.0 24
6 -20.0 20
7 -24.0 24
8 -50.0 50
9 -28.0 28
10 -18.0 18
11 -7.0 7
12 -9.0 9
13 -9.0 9
14 -9.0 9
15 -7.0 7
16 -9.0 9
17 -7.0 7
18 -7.0 7
19 -7.0 7
20 -7.0 7
21 -7.0 7
0 -50.0 50
1 -34.0 34
2 -50.0 50
3 -41.0 41
4 -50.0 50
5 -50.0 50
6 -33.0 33
7 -39.0 39
8 -14.0 14
9 -10.0 10
10 -25.0 25
11 -11.0 11
12 -15.0 15
13 -15.0 15
14 -8.0 8
15 -8.0 8
16 -8.0 8
17 -8.0 8
18 -7.0 7
19 -7.0 7
20 -7.0 7
21 -7.0 7
0 -50.0 50
1 -50.0 50
2 -27.0 27
3 -50.0 50
4 -37.0 37
5 -50.0 50
6 -50.0 50
7 -24.0 24
8 -20.0 20
9 -11.0 11
10 -27.0 27
11 -13.0 13
12 -12.0 12
13 -10.0 10
14 -7.0 7
15 -9.0 9
16 -11.0 11
17 -34.0 34
18 -8.0 8
19 -8.0 8
20 -7.0 7
21 -7.0 7
