0 -50.0 50
1 -34.0 34
2 -50.0 50
3 -36.0 36
4 -50.0 50
5 -50.0 50
6 -43.0 43
7 -34.0 34
8 -11.0 11
9 -11.0 11
10 -9.0 9
11 -10.0 10
12 -10.0 10
13 -11.0 11
14 -14.0 14
15 -7.0 7
16 -10.0 10
17 -10.0 10
18 -7.0 7
19 -7.0 7
0 -50.0 50
1 -50.0 50
2 -50.0 50
3 -13.0 13
4 -50.0 50
5 -29.0 29
6 -20.0 20
7 -35.0 35
8 -50.0 50
9 -16.0 16
10 -26.0 26
11 -14.0 14
12 -9.0 9
13 -17.0 17
14 -11.0 11
15 -7.0 7
16 -9.0 9
17 -10.0 10
18 -14.0 14
19 -9.0 9
0 -50.0 50
1 -36.0 36
2 -50.0 50
3 -50.0 50
4 -41.0 41
5 -36.0 36
6 -16.0 16
7 -29.0 29
8 -15.0 15
9 -17.0 17
10 -50.0 50
11 -35.0 35
12 -14.0 14
13 -27.0 27
14 -14.0 14
15 -8.0 8
16 -9.0 9
17 -9.0 9
18 -7.0 7
19 -7.0 7
0 -27.0 27
1 -50.0 50
2 -50.0 50
3 -21.0 21
4 -35.0 35
5 -50.0 50
6 -50.0 50
7 -20.0 20
8 -29.0 29
9 -11.0 11
10 -8.0 8
11 -10.0 10
12 -10.0 10
13 -7.0 7
14 -22.0 22
15 -29.0 29
16 -12.0 12
17 -14.0 14
18 -7.0 7
19 -7.0 7
0 -50.0 50
1 -50.0 50
2 -21.0 21
3 -50.0 50
4 -50.0 50
5 -32.0 32
6 -50.0 50
7 -29.0 29
8 -35.0 35
9 -50.0 50
10 -50.0 50
11 -16.0 16
12 -18.0 18
13 -11.0 11
14 -9.0 9
15 -7.0 7
16 -7.0 7
17 -8.0 8
18 -7.0 7
19 -7.0 7
0 -50.0 50
1 -50.0 50
2 -50.0 50
3 -50.0 50
4 -22.0 22
5 -38.0 38
6 -29.0 29
7 -50.0 50
8 -14.0 14
9 -24.0 24
10 -7.0 7
11 -14.0 14
12 -21.0 21
13 -10.0 10
14 -10.0 10
15 -7.0 7
16 -7.0 7
17 -7.0 7
18 -7.0 7
19 -9.0 9
0 -50.0 50
1 -50.0 50
2 -24.0 24
3 -50.0 50
4 -33.0 33
5 -25.0 25
6 -33.0 33
7 -50.0 50
8 -26.0 26
9 -16.0 16
10 -19.0 19
11 -15.0 15
12 -13.0 13
13 -8.0 8
14 -9.0 9
15 -14.0 14
16 -10.0 10
17 -9.0 9
18 -7.0 7
19 -7.0 7
0 -50.0 50
1 -50.0 50
2 -50.0 50
3 -10.0 10
4 -33.0 33
5 -50.0 50
6 -50.0 50
7 -50.0 50
8 -7.0 7
9 -11.0 11
10 -10.0 10
11 -10.0 10
12 -7.0 7
13 -9.0 9
14 -14.0 14
15 -9.0 9
16 -21.0 21
17 -12.0 12
18 -11.0 11
19 -7.0 7
0 -50.0 50
1 -26.0 26
2 -50.0 50
3 -50.0 50
4 -50.0 50
5 -33.0 33
6 -50.0 50
7 -9.0 9
8 -7.0 7
9 -9.0 9
10 -27.0 27
11 -7.0 7
12 -10.0 10
13 -8.0 8
14 -7.0 7
15 -8.0 8
16 -9.0 9
17 -8.0 8
18 -7.0 7
19 -8.0 8
0 -50.0 50
1 -37.0 37
2 -50.0 50
3 -50.0 50
4 -38.0 38
5 -27.0 27
6 -34.0 34
7 -50.0 50
8 -9.0 9
9 -7.0 7
10 -9.0 9
11 -15.0 15
12 -7.0 7
13 -8.0 8
14 -11.0 11
15 -8.0 8
16 -21.0 21
17 -10.0 10
18 -7.0 7
19 -7.0 7
0 -50.0 50
1 -39.0 39
2 -50.0 50
3 -50.0 50
4 -50.0 50
5 -50.0 50
6 -10.0 10
7 -19.0 19
8 -10.0 10
9 -10.0 10
10 -50.0 50
11 -14.0 14
12 -9.0 9
13 -9.0 9
14 -9.0 9
15 -7.0 7
16 -7.0 7
17 -9.0 9
18 -9.0 9
19 -7.0 7
0 -28.0 28
1 -50.0 50
2 -50.0 50
3 -50.0 50
4 -48.0 48
5 -33.0 33
6 -50.0 50
7 -50.0 50
8 -11.0 11
9 -28.0 28
10 -7.0 7
11 -7.0 7
12 -12.0 12
13 -14.0 14
14 -7.0 7
15 -8.0 8
16 -9.0 9
17 -7.0 7
18 -9.0 9
19 -18.0 18
0 -50.0 50
1 -50.0 50
2 -50.0 50
3 -44.0 44
4 -50.0 50
5 -21.0 21
6 -50.0 50
7 -34.0 34
8 -50.0 50
9 -16.0 16
10 -14.0 14
11 -14.0 14
12 -13.0 13
13 -8.0 8
14 -7.0 7
15 -7.0 7
16 -10.0 10
17 -20.0 20
18 -7.0 7
19 -7.0 7
0 -30.0 30
1 -50.0 50
2 -50.0 50
3 -50.0 50
4 -50.0 50
5 -42.0 42
6 -37.0 37
7 -50.0 50
8 -29.0 29
9 -15.0 15
10 -8.0 8
11 -8.0 8
12 -12.0 12
13 -13.0 13
14 -7.0 7
15 -10.0 10
16 -7.0 7
17 -7.0 7
18 -7.0 7
19 -7.0 7
0 -50.0 50
1 -44.0 44
2 -50.0 50
3 -50.0 50
4 -32.0 32
5 -50.0 50
6 -48.0 48
7 -16.0 16
8 -7.0 7
9 -13.0 13
10 -11.0 11
11 -10.0 10
12 -13.0 13
13 -7.0 7
14 -9.0 9
15 -10.0 10
16 -17.0 17
17 -11.0 11
18 -7.0 7
19 -7.0 7
0 -50.0 50
1 -50.0 50
2 -26.0 26
3 -50.0 50
4 -50.0 50
5 -33.0 33
6 -21.0 21
7 -22.0 22
8 -14.0 14
9 -7.0 7
10 -47.0 47
11 -8.0 8
12 -24.0 24
13 -11.0 11
14 -8.0 8
15 -8.0 8
16 -9.0 9
17 -10.0 10
18 -9.0 9
19 -7.0 7
0 -50.0 50
1 -50.0 50
2 -47.0 47
3 -50.0 50
4 -44.0 44
5 -25.0 25
6 -50.0 50
7 -17.0 17
8 -10.0 10
9 -8.0 8
10 -7.0 7
11 -8.0 8
12 -7.0 7
13 -7.0 7
14 -8.0 8
15 -12.0 12
16 -7.0 7
17 -12.0 12
18 -10.0 10
19 -7.0 7
0 -14.0 14
1 -50.0 50
2 -46.0 46
3 -50.0 50
4 -50.0 50
5 -50.0 50
6 -50.0 50
7 -22.0 22
8 -17.0 17
9 -7.0 7
10 -8.0 8
11 -7.0 7
12 -9.0 9
13 -10.0 10
14 -13.0 13
15 -9.0 9
16 -10.0 10
17 -7.0 7
18 -7.0 7
19 -7.0 7
0 -50.0 50
1 -50.0 50
2 -50.0 50
3 -50.0 50
4 -49.0 49
5 -18.0 18
6 -11.0 11
7 -22.0 22
8 -30.0 30
9 -27.0 27
10 -50.0 50
11 -9.0 9
12 -13.0 13
13 -13.0 13
14 -7.0 7
15 -15.0 15
16 -17.0 17
17 -7.0 7
18 -9.0 9
19 -7.0 7
0 -50.0 50
1 -50.0 50
2 -50.0 50
3 -50.0 50
4 -38.0 38
5 -33.0 33
6 -26.0 26
7 -12.0 12
8 -16.0 16
9 -47.0 47
10 -20.0 20
11 -13.0 13
12 -7.0 7
13 -7.0 7
14 -9.0 9
15 -14.0 14
16 -9.0 9
17 -7.0 7
18 -7.0 7
19 -7.0 7
0 -50.0 50
1 -50.0 50
2 -39.0 39
3 -45.0 45
4 -50.0 50
5 -27.0 27
6 -38.0 38
7 -50.0 50
8 -35.0 35
9 -18.0 18
10 -16.0 16
11 -42.0 42
12 -12.0 12
13 -11.0 11
14 -11.0 11
15 -8.0 8
16 -9.0 9
17 -7.0 7
18 -7.0 7
19 -7.0 7
0 -50.0 50
1 -50.0 50
2 -50.0 50
3 -50.0 50
4 -10.0 10
5 -50.0 50
6 -21.0 21
7 -26.0 26
8 -23.0 23
9 -18.0 18
10 -13.0 13
11 -13.0 13
12 -41.0 41
13 -18.0 18
14 -10.0 10
15 -8.0 8
16 -8.0 8
17 -7.0 7
18 -9.0 9
19 -7.0 7
0 -50.0 50
1 -50.0 50
2 -50.0 50
3 -50.0 50
4 -50.0 50
5 -30.0 30
6 -50.0 50
7 -28.0 28
8 -18.0 18
9 -21.0 21
10 -14.0 14
11 -7.0 7
12 -11.0 11
13 -7.0 7
14 -10.0 10
15 -7.0 7
16 -7.0 7
17 -7.0 7
18 -7.0 7
19 -7.0 7
0 -50.0 50
1 -33.0 33
2 -34.0 34
3 -50.0 50
4 -50.0 50
5 -37.0 37
6 -50.0 50
7 -30.0 30
8 -18.0 18
9 -13.0 13
10 -14.0 14
11 -18.0 18
12 -16.0 16
13 -9.0 9
14 -9.0 9
15 -7.0 7
16 -7.0 7
17 -7.0 7
18 -7.0 7
19 -7.0 7
0 -34.0 34
1 -50.0 50
2 -50.0 50
3 -27.0 27
4 -44.0 44
5 -50.0 50
6 -38.0 38
7 -27.0 27
8 -22.0 22
9 -9.0 9
10 -50.0 50
11 -50.0 50
12 -13.0 13
13 -12.0 12
14 -9.0 9
15 -10.0 10
16 -9.0 9
17 -9.0 9
18 -7.0 7
19 -7.0 7
0 -30.0 30
1 -50.0 50
2 -50.0 50
3 -35.0 35
4 -50.0 50
5 -47.0 47
6 -50.0 50
7 -50.0 50
8 -22.0 22
9 -13.0 13
10 -7.0 7
11 -11.0 11
12 -12.0 12
13 -8.0 8
14 -7.0 7
15 -9.0 9
16 -11.0 11
17 -7.0 7
18 -7.0 7
19 -7.0 7
0 -50.0 50
1 -50.0 50
2 -50.0 50
3 -50.0 50
4 -23.0 23
5 -36.0 36
6 -50.0 50
7 -21.0 21
8 -50.0 50
9 -13.0 13
10 -24.0 24
11 -9.0 9
12 -7.0 7
13 -7.0 7
14 -10.0 10
15 -7.0 7
16 -15.0 15
17 -18.0 18
18 -16.0 16
19 -7.0 7
0 -50.0 50
1 -50.0 50
2 -50.0 50
3 -50.0 50
4 -38.0 38
5 -50.0 50
6 -41.0 41
7 -20.0 20
8 -8.0 8
9 -9.0 9
10 -9.0 9
11 -8.0 8
12 -22.0 22
13 -10.0 10
14 -9.0 9
15 -14.0 14
16 -10.0 10
17 -7.0 7
18 -7.0 7
19 -7.0 7
0 -50.0 50
1 -34.0 34
2 -50.0 50
3 -50.0 50
4 -50.0 50
5 -37.0 37
6 -15.0 15
7 -13.0 13
8 -50.0 50
9 -25.0 25
10 -25.0 25
11 -10.0 10
12 -9.0 9
13 -7.0 7
14 -8.0 8
15 -8.0 8
16 -7.0 7
17 -7.0 7
18 -7.0 7
19 -8.0 8
0 -50.0 50
1 -50.0 50
2 -36.0 36
3 -50.0 50
4 -50.0 50
5 -26.0 26
6 -50.0 50
7 -14.0 14
8 -19.0 19
9 -19.0 19
10 -18.0 18
11 -50.0 50
12 -14.0 14
13 -12.0 12
14 -11.0 11
15 -10.0 10
16 -7.0 7
17 -7.0 7
18 -7.0 7
19 -9.0 9
0 -50.0 50
1 -50.0 50
2 -50.0 50
3 -10.0 10
4 -50.0 50
5 -50.0 50
6 -20.0 20
7 -14.0 14
8 -10.0 10
9 -9.0 9
10 -7.0 7
11 -7.0 7
12 -9.0 9
13 -11.0 11
14 -10.0 10
15 -10.0 10
16 -8.0 8
17 -8.0 8
18 -7.0 7
19 -7.0 7
0 -50.0 50
1 -31.0 31
2 -50.0 50
3 -50.0 50
4 -31.0 31
5 -50.0 50
6 -31.0 31
7 -24.0 24
8 -26.0 26
9 -50.0 50
10 -20.0 20
11 -12.0 12
12 -7.0 7
13 -7.0 7
14 -8.0 8
15 -7.0 7
16 -9.0 9
17 -7.0 7
18 -7.0 7
19 -7.0 7
0 -50.0 50
1 -50.0 50
2 -50.0 50
3 -50.0 50
4 -34.0 34
5 -50.0 50
6 -20.0 20
7 -28.0 28
8 -22.0 22
9 -12.0 12
10 -14.0 14
11 -14.0 14
12 -17.0 17
13 -15.0 15
14 -16.0 16
15 -13.0 13
16 -7.0 7
17 -7.0 7
18 -7.0 7
19 -7.0 7
0 -50.0 50
1 -26.0 26
2 -35.0 35
3 -50.0 50
4 -50.0 50
5 -27.0 27
6 -13.0 13
7 -50.0 50
8 -20.0 20
9 -50.0 50
10 -30.0 30
11 -12.0 12
12 -41.0 41
13 -17.0 17
14 -8.0 8
15 -7.0 7
16 -9.0 9
17 -7.0 7
18 -9.0 9
19 -9.0 9
0 -47.0 47
1 -50.0 50
2 -49.0 49
3 -50.0 50
4 -50.0 50
5 -13.0 13
6 -12.0 12
7 -11.0 11
8 -25.0 25
9 -50.0 50
10 -21.0 21
11 -27.0 27
12 -17.0 17
13 -7.0 7
14 -8.0 8
15 -10.0 10
16 -9.0 9
17 -7.0 7
18 -7.0 7
19 -7.0 7
0 -50.0 50
1 -50.0 50
2 -50.0 50
3 -50.0 50
4 -23.0 23
5 -24.0 24
6 -22.0 22
7 -35.0 35
8 -38.0 38
9 -12.0 12
10 -8.0 8
11 -18.0 18
12 -17.0 17
13 -50.0 50
14 -11.0 11
15 -9.0 9
16 -9.0 9
17 -10.0 10
18 -10.0 10
19 -10.0 10
0 -50.0 50
1 -50.0 50
2 -36.0 36
3 -42.0 42
4 -25.0 25
5 -50.0 50
6 -43.0 43
7 -16.0 16
8 -16.0 16
9 -16.0 16
10 -15.0 15
11 -13.0 13
12 -7.0 7
13 -10.0 10
14 -9.0 9
15 -7.0 7
16 -14.0 14
17 -15.0 15
18 -11.0 11
19 -15.0 15
0 -50.0 50
1 -50.0 50
2 -50.0 50
3 -37.0 37
4 -50.0 50
5 -15.0 15
6 -23.0 23
7 -50.0 50
8 -22.0 22
9 -14.0 14
10 -15.0 15
11 -9.0 9
12 -10.0 10
13 -21.0 21
14 -11.0 11
15 -38.0 38
16 -23.0 23
17 -18.0 18
18 -9.0 9
19 -7.0 7
0 -50.0 50
1 -50.0 50
2 -42.0 42
3 -38.0 38
4 -50.0 50
5 -20.0 20
6 -50.0 50
7 -14.0 14
8 -11.0 11
9 -10.0 10
10 -15.0 15
11 -50.0 50
12 -48.0 48
13 -16.0 16
14 -15.0 15
15 -8.0 8
16 -10.0 10
17 -7.0 7
18 -7.0 7
19 -9.0 9
0 -50.0 50
1 -45.0 45
2 -50.0 50
3 -43.0 43
4 -50.0 50
5 -11.0 11
6 -50.0 50
7 -50.0 50
8 -13.0 13
9 -9.0 9
10 -7.0 7
11 -9.0 9
12 -16.0 16
13 -9.0 9
14 -8.0 8
15 -10.0 10
16 -9.0 9
17 -7.0 7
18 -7.0 7
19 -7.0 7
0 -50.0 50
1 -50.0 50
2 -50.0 50
3 -24.0 24
4 -50.0 50
5 -14.0 14
6 -23.0 23
7 -31.0 31
8 -49.0 49
9 -12.0 12
10 -8.0 8
11 -16.0 16
12 -13.0 13
13 -13.0 13
14 -21.0 21
15 -17.0 17
16 -7.0 7
17 -7.0 7
18 -8.0 8
19 -7.0 7
0 -50.0 50
1 -50.0 50
2 -35.0 35
3 -26.0 26
4 -50.0 50
5 -50.0 50
6 -50.0 50
7 -22.0 22
8 -12.0 12
9 -8.0 8
10 -13.0 13
11 -14.0 14
12 -23.0 23
13 -9.0 9
14 -9.0 9
15 -8.0 8
16 -8.0 8
17 -9.0 9
18 -12.0 12
19 -10.0 10
0 -21.0 21
1 -50.0 50
2 -50.0 50
3 -34.0 34
4 -50.0 50
5 -27.0 27
6 -50.0 50
7 -43.0 43
8 -25.0 25
9 -8.0 8
10 -8.0 8
11 -9.0 9
12 -29.0 29
13 -11.0 11
14 -7.0 7
15 -7.0 7
16 -7.0 7
17 -7.0 7
18 -7.0 7
19 -7.0 7
0 -50.0 50
1 -50.0 50
2 -23.0 23
3 -50.0 50
4 -50.0 50
5 -37.0 37
6 -31.0 31
7 -32.0 32
8 -25.0 25
9 -32.0 32
10 -23.0 23
11 -35.0 35
12 -50.0 50
13 -13.0 13
14 -14.0 14
15 -7.0 7
16 -8.0 8
17 -7.0 7
18 -7.0 7
19 -7.0 7
0 -50.0 50
1 -50.0 50
2 -26.0 26
3 -50.0 50
4 -50.0 50
5 -48.0 48
6 -20.0 20
7 -42.0 42
8 -34.0 34
9 -15.0 15
10 -26.0 26
11 -11.0 11
12 -36.0 36
13 -17.0 17
14 -18.0 18
15 -16.0 16
16 -7.0 7
17 -7.0 7
18 -7.0 7
19 -7.0 7
0 -37.0 37
1 -50.0 50
2 -50.0 50
3 -33.0 33
4 -50.0 50
5 -46.0 46
6 -50.0 50
7 -28.0 28
8 -24.0 24
9 -19.0 19
10 -16.0 16
11 -12.0 12
12 -9.0 9
13 -19.0 19
14 -50.0 50
15 -18.0 18
16 -10.0 10
17 -10.0 10
18 -8.0 8
19 -10.0 10
0 -50.0 50
1 -35.0 35
2 -50.0 50
3 -28.0 28
4 -50.0 50
5 -50.0 50
6 -31.0 31
7 -15.0 15
8 -7.0 7
9 -8.0 8
10 -12.0 12
11 -10.0 10
12 -8.0 8
13 -14.0 14
14 -8.0 8
15 -8.0 8
16 -12.0 12
17 -15.0 15
18 -7.0 7
19 -7.0 7
0 -50.0 50
1 -50.0 50
2 -40.0 40
3 -28.0 28
4 -26.0 26
5 -50.0 50
6 -50.0 50
7 -50.0 50
8 -14.0 14
9 -12.0 12
10 -11.0 11
11 -8.0 8
12 -7.0 7
13 -7.0 7
14 -11.0 11
15 -10.0 10
16 -7.0 7
17 -7.0 7
18 -8.0 8
19 -7.0 7
0 -50.0 50
1 -50.0 50
2 -50.0 50
3 -49.0 49
4 -50.0 50
5 -50.0 50
6 -15.0 15
7 -10.0 10
8 -12.0 12
9 -15.0 15
10 -10.0 10
11 -15.0 15
12 -12.0 12
13 -14.0 14
14 -38.0 38
15 -37.0 37
16 -17.0 17
17 -11.0 11
18 -13.0 13
19 -10.0 10
0 -50.0 50
1 -35.0 35
2 -50.0 50
3 -50.0 50
4 -50.0 50
5 -34.0 34
6 -9.0 9
7 -15.0 15
8 -12.0 12
9 -11.0 11
10 -46.0 46
11 -45.0 45
12 -23.0 23
13 -7.0 7
14 -7.0 7
15 -7.0 7
16 -7.0 7
17 -13.0 13
18 -13.0 13
19 -7.0 7
0 -50.0 50
1 -50.0 50
2 -50.0 50
3 -24.0 24
4 -38.0 38
5 -50.0 50
6 -31.0 31
7 -32.0 32
8 -29.0 29
9 -24.0 24
10 -20.0 20
11 -11.0 11
12 -11.0 11
13 -12.0 12
14 -7.0 7
15 -7.0 7
16 -7.0 7
17 -11.0 11
18 -11.0 11
19 -9.0 9
0 -50.0 50
1 -50.0 50
2 -38.0 38
3 -50.0 50
4 -45.0 45
5 -26.0 26
6 -25.0 25
7 -21.0 21
8 -10.0 10
9 -7.0 7
10 -11.0 11
11 -10.0 10
12 -13.0 13
13 -50.0 50
14 -24.0 24
15 -13.0 13
16 -12.0 12
17 -33.0 33
18 -11.0 11
19 -7.0 7
0 -50.0 50
1 -50.0 50
2 -50.0 50
3 -50.0 50
4 -50.0 50
5 -32.0 32
6 -36.0 36
7 -15.0 15
8 -9.0 9
9 -29.0 29
10 -13.0 13
11 -11.0 11
12 -9.0 9
13 -8.0 8
14 -7.0 7
15 -8.0 8
16 -7.0 7
17 -7.0 7
18 -7.0 7
19 -9.0 9
0 -50.0 50
1 -33.0 33
2 -50.0 50
3 -50.0 50
4 -13.0 13
5 -41.0 41
6 -50.0 50
7 -42.0 42
8 -15.0 15
9 -7.0 7
10 -8.0 8
11 -9.0 9
12 -16.0 16
13 -9.0 9
14 -9.0 9
15 -7.0 7
16 -7.0 7
17 -8.0 8
18 -11.0 11
19 -10.0 10
0 -50.0 50
1 -22.0 22
2 -50.0 50
3 -50.0 50
4 -50.0 50
5 -19.0 19
6 -39.0 39
7 -30.0 30
8 -34.0 34
9 -11.0 11
10 -11.0 11
11 -22.0 22
12 -11.0 11
13 -9.0 9
14 -8.0 8
15 -8.0 8
16 -7.0 7
17 -7.0 7
18 -7.0 7
19 -9.0 9
0 -50.0 50
1 -50.0 50
2 -50.0 50
3 -49.0 49
4 -31.0 31
5 -37.0 37
6 -21.0 21
7 -19.0 19
8 -50.0 50
9 -24.0 24
10 -13.0 13
11 -8.0 8
12 -8.0 8
13 -8.0 8
14 -13.0 13
15 -7.0 7
16 -7.0 7
17 -7.0 7
18 -10.0 10
19 -11.0 11
0 -36.0 36
1 -50.0 50
2 -50.0 50
3 -50.0 50
4 -41.0 41
5 -50.0 50
6 -31.0 31
7 -50.0 50
8 -19.0 19
9 -7.0 7
10 -7.0 7
11 -9.0 9
12 -9.0 9
13 -10.0 10
14 -8.0 8
15 -17.0 17
16 -7.0 7
17 -7.0 7
18 -13.0 13
19 -10.0 10
0 -13.0 13
1 -50.0 50
2 -50.0 50
3 -50.0 50
4 -50.0 50
5 -50.0 50
6 -50.0 50
7 -15.0 15
8 -14.0 14
9 -10.0 10
10 -15.0 15
11 -12.0 12
12 -13.0 13
13 -17.0 17
14 -36.0 36
15 -12.0 12
16 -7.0 7
17 -7.0 7
18 -7.0 7
19 -7.0 7
0 -50.0 50
1 -47.0 47
2 -50.0 50
3 -44.0 44
4 -29.0 29
5 -50.0 50
6 -50.0 50
7 -11.0 11
8 -9.0 9
9 -10.0 10
10 -8.0 8
11 -10.0 10
12 -12.0 12
13 -8.0 8
14 -17.0 17
15 -8.0 8
16 -7.0 7
17 -7.0 7
18 -7.0 7
19 -7.0 7
0 -50.0 50
1 -50.0 50
2 -50.0 50
3 -50.0 50
4 -50.0 50
5 -38.0 38
6 -8.0 8
7 -9.0 9
8 -7.0 7
9 -12.0 12
10 -15.0 15
11 -13.0 13
12 -10.0 10
13 -11.0 11
14 -10.0 10
15 -12.0 12
16 -9.0 9
17 -7.0 7
18 -9.0 9
19 -13.0 13
0 -50.0 50
1 -23.0 23
2 -50.0 50
3 -50.0 50
4 -43.0 43
5 -37.0 37
6 -50.0 50
7 -14.0 14
8 -18.0 18
9 -28.0 28
10 -38.0 38
11 -12.0 12
12 -7.0 7
13 -20.0 20
14 -28.0 28
15 -13.0 13
16 -13.0 13
17 -31.0 31
18 -10.0 10
19 -9.0 9
0 -50.0 50
1 -44.0 44
2 -50.0 50
3 -36.0 36
4 -50.0 50
5 -22.0 22
6 -11.0 11
7 -50.0 50
8 -13.0 13
9 -13.0 13
10 -14.0 14
11 -13.0 13
12 -36.0 36
13 -12.0 12
14 -45.0 45
15 -14.0 14
16 -9.0 9
17 -7.0 7
18 -7.0 7
19 -7.0 7
0 -50.0 50
1 -50.0 50
2 -50.0 50
3 -41.0 41
4 -39.0 39
5 -50.0 50
6 -13.0 13
7 -14.0 14
8 -14.0 14
9 -11.0 11
10 -7.0 7
11 -10.0 10
12 -10.0 10
13 -10.0 10
14 -14.0 14
15 -17.0 17
16 -7.0 7
17 -7.0 7
18 -7.0 7
19 -8.0 8
0 -31.0 31
1 -50.0 50
2 -50.0 50
3 -48.0 48
4 -48.0 48
5 -49.0 49
6 -36.0 36
7 -19.0 19
8 -7.0 7
9 -8.0 8
10 -28.0 28
11 -18.0 18
12 -50.0 50
13 -29.0 29
14 -9.0 9
15 -8.0 8
16 -15.0 15
17 -7.0 7
18 -7.0 7
19 -7.0 7
0 -50.0 50
1 -50.0 50
2 -50.0 50
3 -23.0 23
4 -50.0 50
5 -42.0 42
6 -15.0 15
7 -7.0 7
8 -14.0 14
9 -7.0 7
10 -20.0 20
11 -15.0 15
12 -19.0 19
13 -9.0 9
14 -7.0 7
15 -7.0 7
16 -7.0 7
17 -13.0 13
18 -34.0 34
19 -11.0 11
0 -50.0 50
1 -33.0 33
2 -50.0 50
3 -50.0 50
4 -19.0 19
5 -41.0 41
6 -50.0 50
7 -48.0 48
8 -50.0 50
9 -50.0 50
10 -22.0 22
11 -18.0 18
12 -14.0 14
13 -13.0 13
14 -13.0 13
15 -13.0 13
16 -15.0 15
17 -12.0 12
18 -11.0 11
19 -13.0 13
0 -50.0 50
1 -50.0 50
2 -50.0 50
3 -50.0 50
4 -50.0 50
5 -50.0 50
6 -20.0 20
7 -10.0 10
8 -9.0 9
9 -12.0 12
10 -12.0 12
11 -8.0 8
12 -14.0 14
13 -7.0 7
14 -7.0 7
15 -8.0 8
16 -10.0 10
17 -7.0 7
18 -7.0 7
19 -7.0 7
0 -50.0 50
1 -50.0 50
2 -37.0 37
3 -27.0 27
4 -50.0 50
5 -50.0 50
6 -41.0 41
7 -50.0 50
8 -40.0 40
9 -34.0 34
10 -7.0 7
11 -9.0 9
12 -10.0 10
13 -12.0 12
14 -7.0 7
15 -8.0 8
16 -7.0 7
17 -7.0 7
18 -7.0 7
19 -7.0 7
0 -50.0 50
1 -32.0 32
2 -50.0 50
3 -50.0 50
4 -30.0 30
5 -39.0 39
6 -50.0 50
7 -22.0 22
8 -18.0 18
9 -17.0 17
10 -13.0 13
11 -8.0 8
12 -7.0 7
13 -7.0 7
14 -23.0 23
15 -21.0 21
16 -11.0 11
17 -7.0 7
18 -7.0 7
19 -7.0 7
0 -50.0 50
1 -50.0 50
2 -33.0 33
3 -50.0 50
4 -23.0 23
5 -41.0 41
6 -50.0 50
7 -40.0 40
8 -24.0 24
9 -14.0 14
10 -50.0 50
11 -31.0 31
12 -17.0 17
13 -10.0 10
14 -8.0 8
15 -8.0 8
16 -7.0 7
17 -7.0 7
18 -9.0 9
19 -7.0 7
0 -50.0 50
1 -50.0 50
2 -45.0 45
3 -41.0 41
4 -50.0 50
5 -50.0 50
6 -17.0 17
7 -17.0 17
8 -12.0 12
9 -8.0 8
10 -23.0 23
11 -14.0 14
12 -10.0 10
13 -9.0 9
14 -7.0 7
15 -7.0 7
16 -7.0 7
17 -7.0 7
18 -9.0 9
19 -9.0 9
0 -50.0 50
1 -50.0 50
2 -50.0 50
3 -35.0 35
4 -47.0 47
5 -37.0 37
6 -21.0 21
7 -11.0 11
8 -14.0 14
9 -22.0 22
10 -28.0 28
11 -10.0 10
12 -50.0 50
13 -50.0 50
14 -12.0 12
15 -7.0 7
16 -7.0 7
17 -7.0 7
18 -9.0 9
19 -7.0 7
0 -39.0 39
1 -50.0 50
2 -50.0 50
3 -19.0 19
4 -50.0 50
5 -50.0 50
6 -13.0 13
7 -40.0 40
8 -27.0 27
9 -21.0 21
10 -12.0 12
11 -8.0 8
12 -50.0 50
13 -39.0 39
14 -48.0 48
15 -9.0 9
16 -7.0 7
17 -7.0 7
18 -7.0 7
19 -7.0 7
0 -50.0 50
1 -17.0 17
2 -47.0 47
3 -50.0 50
4 -50.0 50
5 -50.0 50
6 -20.0 20
7 -28.0 28
8 -50.0 50
9 -23.0 23
10 -18.0 18
11 -16.0 16
12 -36.0 36
13 -16.0 16
14 -18.0 18
15 -7.0 7
16 -10.0 10
17 -7.0 7
18 -7.0 7
19 -7.0 7
0 -50.0 50
1 -43.0 43
2 -50.0 50
3 -49.0 49
4 -50.0 50
5 -50.0 50
6 -22.0 22
7 -17.0 17
8 -18.0 18
9 -18.0 18
10 -28.0 28
11 -23.0 23
12 -11.0 11
13 -11.0 11
14 -12.0 12
15 -8.0 8
16 -7.0 7
17 -7.0 7
18 -8.0 8
19 -7.0 7
0 -50.0 50
1 -50.0 50
2 -27.0 27
3 -50.0 50
4 -26.0 26
5 -50.0 50
6 -26.0 26
7 -11.0 11
8 -50.0 50
9 -33.0 33
10 -26.0 26
11 -12.0 12
12 -13.0 13
13 -8.0 8
14 -10.0 10
15 -7.0 7
16 -9.0 9
17 -7.0 7
18 -10.0 10
19 -7.0 7
0 -50.0 50
1 -50.0 50
2 -22.0 22
3 -42.0 42
4 -50.0 50
5 -36.0 36
6 -48.0 48
7 -45.0 45
8 -40.0 40
9 -22.0 22
10 -50.0 50
11 -29.0 29
12 -15.0 15
13 -16.0 16
14 -25.0 25
15 -9.0 9
16 -12.0 12
17 -8.0 8
18 -7.0 7
19 -7.0 7
0 -50.0 50
1 -50.0 50
2 -22.0 22
3 -50.0 50
4 -50.0 50
5 -38.0 38
6 -27.0 27
7 -15.0 15
8 -7.0 7
9 -47.0 47
10 -16.0 16
11 -23.0 23
12 -14.0 14
13 -7.0 7
14 -7.0 7
15 -7.0 7
16 -7.0 7
17 -7.0 7
18 -7.0 7
19 -7.0 7
0 -40.0 40
1 -50.0 50
2 -50.0 50
3 -50.0 50
4 -12.0 12
5 -38.0 38
6 -50.0 50
7 -13.0 13
8 -12.0 12
9 -7.0 7
10 -28.0 28
11 -7.0 7
12 -10.0 10
13 -7.0 7
14 -7.0 7
15 -9.0 9
16 -17.0 17
17 -13.0 13
18 -9.0 9
19 -11.0 11
0 -28.0 28
1 -50.0 50
2 -50.0 50
3 -14.0 14
4 -50.0 50
5 -50.0 50
6 -50.0 50
7 -31.0 31
8 -21.0 21
9 -27.0 27
10 -38.0 38
11 -7.0 7
12 -8.0 8
13 -7.0 7
14 -7.0 7
15 -10.0 10
16 -9.0 9
17 -7.0 7
18 -9.0 9
19 -9.0 9
0 -50.0 50
1 -50.0 50
2 -44.0 44
3 -50.0 50
4 -50.0 50
5 -48.0 48
6 -38.0 38
7 -12.0 12
8 -13.0 13
9 -11.0 11
10 -34.0 34
11 -19.0 19
12 -13.0 13
13 -7.0 7
14 -7.0 7
15 -10.0 10
16 -8.0 8
17 -10.0 10
18 -7.0 7
19 -9.0 9
0 -50.0 50
1 -50.0 50
2 -50.0 50
3 -41.0 41
4 -50.0 50
5 -34.0 34
6 -13.0 13
7 -23.0 23
8 -19.0 19
9 -48.0 48
10 -7.0 7
11 -9.0 9
12 -17.0 17
13 -18.0 18
14 -8.0 8
15 -7.0 7
16 -9.0 9
17 -7.0 7
18 -18.0 18
19 -11.0 11
0 -50.0 50
1 -42.0 42
2 -50.0 50
3 -48.0 48
4 -50.0 50
5 -17.0 17
6 -17.0 17
7 -15.0 15
8 -40.0 40
9 -7.0 7
10 -12.0 12
11 -13.0 13
12 -10.0 10
13 -43.0 43
14 -19.0 19
15 -13.0 13
16 -11.0 11
17 -7.0 7
18 -7.0 7
19 -7.0 7
0 -50.0 50
1 -50.0 50
2 -50.0 50
3 -21.0 21
4 -50.0 50
5 -28.0 28
6 -43.0 43
7 -20.0 20
8 -15.0 15
9 -50.0 50
10 -22.0 22
11 -14.0 14
12 -7.0 7
13 -7.0 7
14 -18.0 18
15 -17.0 17
16 -7.0 7
17 -7.0 7
18 -7.0 7
19 -7.0 7
0 -50.0 50
1 -47.0 47
2 -50.0 50
3 -27.0 27
4 -50.0 50
5 -26.0 26
6 -15.0 15
7 -8.0 8
8 -10.0 10
9 -16.0 16
10 -13.0 13
11 -8.0 8
12 -9.0 9
13 -19.0 19
14 -50.0 50
15 -50.0 50
16 -35.0 35
17 -9.0 9
18 -7.0 7
19 -7.0 7
0 -50.0 50
1 -50.0 50
2 -50.0 50
3 -33.0 33
4 -50.0 50
5 -28.0 28
6 -40.0 40
7 -18.0 18
8 -9.0 9
9 -8.0 8
10 -8.0 8
11 -22.0 22
12 -22.0 22
13 -17.0 17
14 -14.0 14
15 -13.0 13
16 -8.0 8
17 -7.0 7
18 -7.0 7
19 -7.0 7
0 -50.0 50
1 -43.0 43
2 -50.0 50
3 -39.0 39
4 -23.0 23
5 -50.0 50
6 -44.0 44
7 -44.0 44
8 -14.0 14
9 -23.0 23
10 -7.0 7
11 -8.0 8
12 -14.0 14
13 -17.0 17
14 -12.0 12
15 -7.0 7
16 -8.0 8
17 -7.0 7
18 -7.0 7
19 -7.0 7
0 -50.0 50
1 -50.0 50
2 -50.0 50
3 -50.0 50
4 -50.0 50
5 -13.0 13
6 -13.0 13
7 -22.0 22
8 -22.0 22
9 -19.0 19
10 -10.0 10
11 -17.0 17
12 -7.0 7
13 -8.0 8
14 -11.0 11
15 -7.0 7
16 -7.0 7
17 -8.0 8
18 -9.0 9
19 -7.0 7
0 -50.0 50
1 -41.0 41
2 -50.0 50
3 -38.0 38
4 -50.0 50
5 -50.0 50
6 -36.0 36
7 -19.0 19
8 -11.0 11
9 -19.0 19
10 -9.0 9
11 -7.0 7
12 -7.0 7
13 -12.0 12
14 -13.0 13
15 -7.0 7
16 -7.0 7
17 -7.0 7
18 -7.0 7
19 -7.0 7
0 -50.0 50
1 -50.0 50
2 -50.0 50
3 -50.0 50
4 -24.0 24
5 -50.0 50
6 -29.0 29
7 -9.0 9
8 -14.0 14
9 -11.0 11
10 -11.0 11
11 -17.0 17
12 -13.0 13
13 -14.0 14
14 -50.0 50
15 -9.0 9
16 -8.0 8
17 -9.0 9
18 -21.0 21
19 -24.0 24
0 -50.0 50
1 -40.0 40
2 -50.0 50
3 -50.0 50
4 -38.0 38
5 -24.0 24
6 -35.0 35
7 -25.0 25
8 -16.0 16
9 -17.0 17
10 -7.0 7
11 -8.0 8
12 -13.0 13
13 -10.0 10
14 -9.0 9
15 -7.0 7
16 -7.0 7
17 -7.0 7
18 -10.0 10
19 -10.0 10
0 -50.0 50
1 -50.0 50
2 -24.0 24
3 -50.0 50
4 -50.0 50
5 -10.0 10
6 -25.0 25
7 -32.0 32
8 -16.0 16
9 -17.0 17
10 -48.0 48
11 -23.0 23
12 -29.0 29
13 -17.0 17
14 -10.0 10
15 -10.0 10
16 -7.0 7
17 -9.0 9
18 -7.0 7
19 -7.0 7
0 -50.0 50
1 -32.0 32
2 -50.0 50
3 -50.0 50
4 -40.0 40
5 -50.0 50
6 -21.0 21
7 -14.0 14
8 -16.0 16
9 -12.0 12
10 -25.0 25
11 -33.0 33
12 -10.0 10
13 -15.0 15
14 -15.0 15
15 -8.0 8
16 -11.0 11
17 -10.0 10
18 -7.0 7
19 -11.0 11
0 -50.0 50
1 -50.0 50
2 -14.0 14
3 -50.0 50
4 -50.0 50
5 -24.0 24
6 -16.0 16
7 -20.0 20
8 -19.0 19
9 -20.0 20
10 -11.0 11
11 -12.0 12
12 -15.0 15
13 -25.0 25
14 -15.0 15
15 -15.0 15
16 -12.0 12
17 -10.0 10
18 -7.0 7
19 -7.0 7
0 -50.0 50
1 -50.0 50
2 -50.0 50
3 -49.0 49
4 -50.0 50
5 -27.0 27
6 -34.0 34
7 -17.0 17
8 -28.0 28
9 -10.0 10
10 -11.0 11
11 -13.0 13
12 -7.0 7
13 -7.0 7
14 -11.0 11
15 -25.0 25
16 -16.0 16
17 -12.0 12
18 -9.0 9
19 -7.0 7
0 -46.0 46
1 -50.0 50
2 -50.0 50
3 -50.0 50
4 -50.0 50
5 -50.0 50
6 -22.0 22
7 -9.0 9
8 -16.0 16
9 -10.0 10
10 -8.0 8
11 -7.0 7
12 -9.0 9
13 -12.0 12
14 -9.0 9
15 -16.0 16
16 -8.0 8
17 -7.0 7
18 -7.0 7
19 -7.0 7
0 -50.0 50
1 -41.0 41
2 -50.0 50
3 -45.0 45
4 -50.0 50
5 -50.0 50
6 -9.0 9
7 -13.0 13
8 -10.0 10
9 -7.0 7
10 -7.0 7
11 -8.0 8
12 -9.0 9
13 -10.0 10
14 -12.0 12
15 -9.0 9
16 -7.0 7
17 -7.0 7
18 -7.0 7
19 -33.0 33
0 -50.0 50
1 -23.0 23
2 -50.0 50
3 -50.0 50
4 -50.0 50
5 -25.0 25
6 -48.0 48
7 -50.0 50
8 -13.0 13
9 -10.0 10
10 -10.0 10
11 -8.0 8
12 -16.0 16
13 -8.0 8
14 -7.0 7
15 -9.0 9
16 -7.0 7
17 -7.0 7
18 -11.0 11
19 -28.0 28
0 -49.0 49
1 -50.0 50
2 -50.0 50
3 -34.0 34
4 -50.0 50
5 -19.0 19
6 -30.0 30
7 -50.0 50
8 -50.0 50
9 -9.0 9
10 -9.0 9
11 -30.0 30
12 -7.0 7
13 -9.0 9
14 -11.0 11
15 -9.0 9
16 -8.0 8
17 -7.0 7
18 -7.0 7
19 -7.0 7
0 -50.0 50
1 -50.0 50
2 -17.0 17
3 -34.0 34
4 -50.0 50
5 -50.0 50
6 -39.0 39
7 -35.0 35
8 -15.0 15
9 -10.0 10
10 -7.0 7
11 -9.0 9
12 -17.0 17
13 -11.0 11
14 -14.0 14
15 -17.0 17
16 -14.0 14
17 -9.0 9
18 -50.0 50
19 -15.0 15
