0 -50.0 50
1 -50.0 50
2 -28.0 28
3 -26.0 26
4 -40.0 40
5 -50.0 50
6 -50.0 50
7 -28.0 28
8 -18.0 18
9 -9.0 9
10 -49.0 49
11 -42.0 42
12 -15.0 15
13 -22.0 22
14 -8.0 8
15 -7.0 7
16 -8.0 8
17 -10.0 10
18 -8.0 8
19 -9.0 9
20 -7.0 7
21 -11.0 11
22 -7.0 7
23 -7.0 7
24 -9.0 9
25 -7.0 7
26 -7.0 7
27 -7.0 7
28 -7.0 7
29 -7.0 7
0 -50.0 50
1 -29.0 29
2 -50.0 50
3 -50.0 50
4 -35.0 35
5 -35.0 35
6 -50.0 50
7 -20.0 20
8 -18.0 18
9 -33.0 33
10 -26.0 26
11 -7.0 7
12 -9.0 9
13 -10.0 10
14 -10.0 10
15 -11.0 11
16 -14.0 14
17 -10.0 10
18 -9.0 9
19 -7.0 7
20 -12.0 12
21 -15.0 15
22 -15.0 15
23 -7.0 7
24 -7.0 7
25 -7.0 7
26 -8.0 8
27 -7.0 7
28 -7.0 7
29 -7.0 7
0 -50.0 50
1 -50.0 50
2 -39.0 39
3 -50.0 50
4 -24.0 24
5 -22.0 22
6 -50.0 50
7 -13.0 13
8 -9.0 9
9 -7.0 7
10 -9.0 9
11 -48.0 48
12 -15.0 15
13 -13.0 13
14 -13.0 13
15 -8.0 8
16 -8.0 8
17 -7.0 7
18 -9.0 9
19 -7.0 7
20 -7.0 7
21 -8.0 8
22 -8.0 8
23 -7.0 7
24 -10.0 10
25 -7.0 7
26 -10.0 10
27 -7.0 7
28 -7.0 7
29 -7.0 7
0 -50.0 50
1 -50.0 50
2 -50.0 50
3 -50.0 50
4 -23.0 23
5 -31.0 31
6 -50.0 50
7 -50.0 50
8 -19.0 19
9 -17.0 17
10 -11.0 11
11 -12.0 12
12 -14.0 14
13 -22.0 22
14 -21.0 21
15 -13.0 13
16 -7.0 7
17 -7.0 7
18 -7.0 7
19 -7.0 7
20 -7.0 7
21 -7.0 7
22 -10.0 10
23 -9.0 9
24 -7.0 7
25 -7.0 7
26 -7.0 7
27 -7.0 7
28 -7.0 7
29 -7.0 7
0 -50.0 50
1 -50.0 50
2 -50.0 50
3 -41.0 41
4 -26.0 26
5 -22.0 22
6 -50.0 50
7 -31.0 31
8 -22.0 22
9 -18.0 18
10 -19.0 19
11 -36.0 36
12 -7.0 7
13 -7.0 7
14 -9.0 9
15 -7.0 7
16 -8.0 8
17 -10.0 10
18 -13.0 13
19 -7.0 7
20 -7.0 7
21 -7.0 7
22 -7.0 7
23 -7.0 7
24 -7.0 7
25 -9.0 9
26 -8.0 8
27 -9.0 9
28 -7.0 7
29 -7.0 7
0 -50.0 50
1 -29.0 29
2 -50.0 50
3 -50.0 50
4 -9.0 9
5 -30.0 30
6 -50.0 50
7 -41.0 41
8 -50.0 50
9 -41.0 41
10 -48.0 48
11 -16.0 16
12 -18.0 18
13 -9.0 9
14 -7.0 7
15 -7.0 7
16 -8.0 8
17 -16.0 16
18 -12.0 12
19 -9.0 9
20 -12.0 12
21 -7.0 7
22 -10.0 10
23 -8.0 8
24 -7.0 7
25 -8.0 8
26 -7.0 7
27 -7.0 7
28 -7.0 7
29 -7.0 7
0 -50.0 50
1 -50.0 50
2 -35.0 35
3 -50.0 50
4 -50.0 50
5 -30.0 30
6 -24.0 24
7 -50.0 50
8 -9.0 9
9 -7.0 7
10 -10.0 10
11 -11.0 11
12 -9.0 9
13 -7.0 7
14 -9.0 9
15 -9.0 9
16 -14.0 14
17 -30.0 30
18 -10.0 10
19 -10.0 10
20 -9.0 9
21 -7.0 7
22 -8.0 8
23 -7.0 7
24 -7.0 7
25 -7.0 7
26 -7.0 7
27 -7.0 7
28 -7.0 7
29 -7.0 7
0 -50.0 50
1 -50.0 50
2 -50.0 50
3 -32.0 32
4 -47.0 47
5 -17.0 17
6 -33.0 33
7 -29.0 29
8 -50.0 50
9 -50.0 50
10 -14.0 14
11 -12.0 12
12 -7.0 7
13 -11.0 11
14 -7.0 7
15 -7.0 7
16 -7.0 7
17 -7.0 7
18 -7.0 7
19 -7.0 7
20 -10.0 10
21 -9.0 9
22 -29.0 29
23 -8.0 8
24 -7.0 7
25 -7.0 7
26 -7.0 7
27 -7.0 7
28 -7.0 7
29 -7.0 7
0 -34.0 34
1 -50.0 50
2 -50.0 50
3 -50.0 50
4 -50.0 50
5 -28.0 28
6 -21.0 21
7 -12.0 12
8 -50.0 50
9 -17.0 17
10 -13.0 13
11 -19.0 19
12 -12.0 12
13 -7.0 7
14 -8.0 8
15 -8.0 8
16 -8.0 8
17 -7.0 7
18 -7.0 7
19 -10.0 10
20 -11.0 11
21 -15.0 15
22 -13.0 13
23 -7.0 7
24 -9.0 9
25 -8.0 8
26 -7.0 7
27 -7.0 7
28 -7.0 7
29 -7.0 7
0 -50.0 50
1 -50.0 50
2 -22.0 22
3 -50.0 50
4 -32.0 32
5 -40.0 40
6 -32.0 32
7 -40.0 40
8 -50.0 50
9 -14.0 14
10 -8.0 8
11 -12.0 12
12 -9.0 9
13 -8.0 8
14 -8.0 8
15 -7.0 7
16 -8.0 8
17 -7.0 7
18 -8.0 8
19 -10.0 10
20 -7.0 7
21 -7.0 7
22 -7.0 7
23 -7.0 7
24 -7.0 7
25 -7.0 7
26 -7.0 7
27 -7.0 7
28 -7.0 7
29 -9.0 9
0 -50.0 50
1 -50.0 50
2 -29.0 29
3 -46.0 46
4 -50.0 50
5 -50.0 50
6 -19.0 19
7 -25.0 25
8 -13.0 13
9 -7.0 7
10 -7.0 7
11 -10.0 10
12 -17.0 17
13 -7.0 7
14 -7.0 7
15 -9.0 9
16 -9.0 9
17 -50.0 50
18 -12.0 12
19 -7.0 7
20 -31.0 31
21 -9.0 9
22 -7.0 7
23 -7.0 7
24 -7.0 7
25 -7.0 7
26 -7.0 7
27 -7.0 7
28 -7.0 7
29 -7.0 7
0 -50.0 50
1 -50.0 50
2 -25.0 25
3 -28.0 28
4 -50.0 50
5 -50.0 50
6 -40.0 40
7 -24.0 24
8 -30.0 30
9 -7.0 7
10 -7.0 7
11 -7.0 7
12 -17.0 17
13 -7.0 7
14 -11.0 11
15 -12.0 12
16 -8.0 8
17 -7.0 7
18 -7.0 7
19 -7.0 7
20 -14.0 14
21 -9.0 9
22 -7.0 7
23 -9.0 9
24 -7.0 7
25 -7.0 7
26 -7.0 7
27 -7.0 7
28 -7.0 7
29 -7.0 7
0 -36.0 36
1 -50.0 50
2 -50.0 50
3 -39.0 39
4 -50.0 50
5 -42.0 42
6 -29.0 29
7 -7.0 7
8 -8.0 8
9 -11.0 11
10 -18.0 18
11 -11.0 11
12 -50.0 50
13 -15.0 15
14 -20.0 20
15 -22.0 22
16 -17.0 17
17 -7.0 7
18 -7.0 7
19 -11.0 11
20 -8.0 8
21 -7.0 7
22 -9.0 9
23 -7.0 7
24 -7.0 7
25 -7.0 7
26 -7.0 7
27 -7.0 7
28 -7.0 7
29 -7.0 7
0 -50.0 50
1 -33.0 33
2 -50.0 50
3 -50.0 50
4 -50.0 50
5 -17.0 17
6 -50.0 50
7 -42.0 42
8 -18.0 18
9 -25.0 25
10 -18.0 18
11 -27.0 27
12 -9.0 9
13 -9.0 9
14 -7.0 7
15 -8.0 8
16 -7.0 7
17 -8.0 8
18 -11.0 11
19 -13.0 13
20 -12.0 12
21 -8.0 8
22 -7.0 7
23 -7.0 7
24 -7.0 7
25 -7.0 7
26 -7.0 7
27 -7.0 7
28 -7.0 7
29 -7.0 7
0 -50.0 50
1 -50.0 50
2 -50.0 50
3 -22.0 22
4 -50.0 50
5 -50.0 50
6 -23.0 23
7 -19.0 19
8 -50.0 50
9 -7.0 7
10 -8.0 8
11 -7.0 7
12 -8.0 8
13 -10.0 10
14 -15.0 15
15 -12.0 12
16 -7.0 7
17 -7.0 7
18 -7.0 7
19 -7.0 7
20 -8.0 8
21 -9.0 9
22 -7.0 7
23 -7.0 7
24 -8.0 8
25 -9.0 9
26 -7.0 7
27 -7.0 7
28 -7.0 7
29 -7.0 7
0 -50.0 50
1 -50.0 50
2 -50.0 50
3 -48.0 48
4 -28.0 28
5 -26.0 26
6 -13.0 13
7 -22.0 22
8 -34.0 34
9 -15.0 15
10 -50.0 50
11 -50.0 50
12 -50.0 50
13 -8.0 8
14 -7.0 7
15 -10.0 10
16 -8.0 8
17 -7.0 7
18 -8.0 8
19 -11.0 11
20 -10.0 10
21 -8.0 8
22 -7.0 7
23 -10.0 10
24 -7.0 7
25 -7.0 7
26 -7.0 7
27 -7.0 7
28 -7.0 7
29 -7.0 7
0 -50.0 50
1 -24.0 24
2 -50.0 50
3 -50.0 50
4 -50.0 50
5 -47.0 47
6 -27.0 27
7 -47.0 47
8 -11.0 11
9 -11.0 11
10 -15.0 15
11 -10.0 10
12 -11.0 11
13 -7.0 7
14 -9.0 9
15 -7.0 7
16 -10.0 10
17 -20.0 20
18 -15.0 15
19 -8.0 8
20 -7.0 7
21 -9.0 9
22 -9.0 9
23 -8.0 8
24 -8.0 8
25 -7.0 7
26 -7.0 7
27 -8.0 8
28 -7.0 7
29 -7.0 7
0 -50.0 50
1 -30.0 30
2 -50.0 50
3 -39.0 39
4 -50.0 50
5 -50.0 50
6 -7.0 7
7 -8.0 8
8 -24.0 24
9 -14.0 14
10 -10.0 10
11 -19.0 19
12 -9.0 9
13 -10.0 10
14 -10.0 10
15 -10.0 10
16 -10.0 10
17 -9.0 9
18 -8.0 8
19 -7.0 7
20 -7.0 7
21 -10.0 10
22 -22.0 22
23 -32.0 32
24 -14.0 14
25 -7.0 7
26 -7.0 7
27 -7.0 7
28 -7.0 7
29 -7.0 7
0 -37.0 37
1 -50.0 50
2 -50.0 50
3 -31.0 31
4 -50.0 50
5 -30.0 30
6 -27.0 27
7 -50.0 50
8 -20.0 20
9 -7.0 7
10 -11.0 11
11 -10.0 10
12 -11.0 11
13 -9.0 9
14 -50.0 50
15 -7.0 7
16 -12.0 12
17 -7.0 7
18 -7.0 7
19 -10.0 10
20 -7.0 7
21 -8.0 8
22 -7.0 7
23 -9.0 9
24 -7.0 7
25 -7.0 7
26 -9.0 9
27 -7.0 7
28 -7.0 7
29 -7.0 7
0 -50.0 50
1 -50.0 50
2 -31.0 31
3 -50.0 50
4 -50.0 50
5 -22.0 22
6 -50.0 50
7 -49.0 49
8 -12.0 12
9 -11.0 11
10 -13.0 13
11 -12.0 12
12 -8.0 8
13 -10.0 10
14 -10.0 10
15 -7.0 7
16 -8.0 8
17 -10.0 10
18 -12.0 12
19 -7.0 7
20 -8.0 8
21 -11.0 11
22 -7.0 7
23 -9.0 9
24 -9.0 9
25 -8.0 8
26 -7.0 7
27 -7.0 7
28 -7.0 7
29 -7.0 7
0 -50.0 50
1 -50.0 50
2 -50.0 50
3 -50.0 50
4 -20.0 20
5 -30.0 30
6 -26.0 26
7 -43.0 43
8 -24.0 24
9 -21.0 21
10 -8.0 8
11 -9.0 9
12 -20.0 20
13 -12.0 12
14 -13.0 13
15 -10.0 10
16 -7.0 7
17 -7.0 7
18 -7.0 7
19 -8.0 8
20 -8.0 8
21 -8.0 8
22 -11.0 11
23 -12.0 12
24 -7.0 7
25 -7.0 7
26 -7.0 7
27 -7.0 7
28 -7.0 7
29 -7.0 7
0 -50.0 50
1 -50.0 50
2 -39.0 39
3 -50.0 50
4 -50.0 50
5 -22.0 22
6 -20.0 20
7 -24.0 24
8 -20.0 20
9 -19.0 19
10 -50.0 50
11 -40.0 40
12 -15.0 15
13 -8.0 8
14 -7.0 7
15 -7.0 7
16 -7.0 7
17 -9.0 9
18 -7.0 7
19 -7.0 7
20 -8.0 8
21 -8.0 8
22 -11.0 11
23 -10.0 10
24 -7.0 7
25 -7.0 7
26 -7.0 7
27 -7.0 7
28 -7.0 7
29 -7.0 7
0 -47.0 47
1 -50.0 50
2 -50.0 50
3 -50.0 50
4 -22.0 22
5 -41.0 41
6 -8.0 8
7 -8.0 8
8 -25.0 25
9 -10.0 10
10 -13.0 13
11 -16.0 16
12 -13.0 13
13 -50.0 50
14 -38.0 38
15 -10.0 10
16 -11.0 11
17 -12.0 12
18 -12.0 12
19 -7.0 7
20 -14.0 14
21 -7.0 7
22 -7.0 7
23 -8.0 8
24 -7.0 7
25 -9.0 9
26 -7.0 7
27 -8.0 8
28 -7.0 7
29 -7.0 7
0 -50.0 50
1 -50.0 50
2 -50.0 50
3 -30.0 30
4 -34.0 34
5 -50.0 50
6 -31.0 31
7 -42.0 42
8 -10.0 10
9 -18.0 18
10 -9.0 9
11 -7.0 7
12 -7.0 7
13 -11.0 11
14 -9.0 9
15 -7.0 7
16 -21.0 21
17 -28.0 28
18 -49.0 49
19 -19.0 19
20 -17.0 17
21 -12.0 12
22 -40.0 40
23 -16.0 16
24 -11.0 11
25 -16.0 16
26 -11.0 11
27 -11.0 11
28 -12.0 12
29 -11.0 11
0 -50.0 50
1 -50.0 50
2 -30.0 30
3 -50.0 50
4 -50.0 50
5 -16.0 16
6 -16.0 16
7 -10.0 10
8 -8.0 8
9 -19.0 19
10 -25.0 25
11 -50.0 50
12 -33.0 33
13 -25.0 25
14 -31.0 31
15 -12.0 12
16 -12.0 12
17 -10.0 10
18 -9.0 9
19 -21.0 21
20 -7.0 7
21 -9.0 9
22 -7.0 7
23 -7.0 7
24 -7.0 7
25 -8.0 8
26 -8.0 8
27 -7.0 7
28 -7.0 7
29 -7.0 7
0 -23.0 23
1 -50.0 50
2 -50.0 50
3 -50.0 50
4 -50.0 50
5 -15.0 15
6 -30.0 30
7 -50.0 50
8 -50.0 50
9 -24.0 24
10 -16.0 16
11 -13.0 13
12 -17.0 17
13 -24.0 24
14 -15.0 15
15 -11.0 11
16 -7.0 7
17 -9.0 9
18 -7.0 7
19 -7.0 7
20 -7.0 7
21 -12.0 12
22 -7.0 7
23 -7.0 7
24 -9.0 9
25 -8.0 8
26 -7.0 7
27 -7.0 7
28 -7.0 7
29 -7.0 7
0 -50.0 50
1 -50.0 50
2 -50.0 50
3 -21.0 21
4 -34.0 34
5 -24.0 24
6 -34.0 34
7 -47.0 47
8 -20.0 20
9 -42.0 42
10 -7.0 7
11 -11.0 11
12 -11.0 11
13 -9.0 9
14 -11.0 11
15 -8.0 8
16 -9.0 9
17 -8.0 8
18 -9.0 9
19 -12.0 12
20 -11.0 11
21 -16.0 16
22 -7.0 7
23 -8.0 8
24 -7.0 7
25 -8.0 8
26 -7.0 7
27 -7.0 7
28 -7.0 7
29 -7.0 7
0 -50.0 50
1 -50.0 50
2 -50.0 50
3 -10.0 10
4 -27.0 27
5 -50.0 50
6 -50.0 50
7 -35.0 35
8 -14.0 14
9 -33.0 33
10 -43.0 43
11 -24.0 24
12 -17.0 17
13 -14.0 14
14 -10.0 10
15 -10.0 10
16 -10.0 10
17 -8.0 8
18 -9.0 9
19 -9.0 9
20 -7.0 7
21 -9.0 9
22 -8.0 8
23 -7.0 7
24 -7.0 7
25 -8.0 8
26 -7.0 7
27 -7.0 7
28 -7.0 7
29 -7.0 7
0 -50.0 50
1 -24.0 24
2 -50.0 50
3 -41.0 41
4 -50.0 50
5 -39.0 39
6 -50.0 50
7 -28.0 28
8 -13.0 13
9 -7.0 7
10 -9.0 9
11 -11.0 11
12 -10.0 10
13 -7.0 7
14 -10.0 10
15 -8.0 8
16 -23.0 23
17 -7.0 7
18 -8.0 8
19 -7.0 7
20 -7.0 7
21 -7.0 7
22 -12.0 12
23 -7.0 7
24 -7.0 7
25 -16.0 16
26 -13.0 13
27 -7.0 7
28 -7.0 7
29 -7.0 7
0 -50.0 50
1 -50.0 50
2 -50.0 50
3 -19.0 19
4 -34.0 34
5 -44.0 44
6 -47.0 47
7 -31.0 31
8 -11.0 11
9 -50.0 50
10 -28.0 28
11 -17.0 17
12 -9.0 9
13 -14.0 14
14 -20.0 20
15 -16.0 16
16 -10.0 10
17 -8.0 8
18 -7.0 7
19 -7.0 7
20 -9.0 9
21 -7.0 7
22 -8.0 8
23 -7.0 7
24 -7.0 7
25 -7.0 7
26 -7.0 7
27 -7.0 7
28 -7.0 7
29 -7.0 7
0 -50.0 50
1 -39.0 39
2 -26.0 26
3 -50.0 50
4 -50.0 50
5 -50.0 50
6 -10.0 10
7 -16.0 16
8 -19.0 19
9 -50.0 50
10 -23.0 23
11 -15.0 15
12 -15.0 15
13 -9.0 9
14 -10.0 10
15 -9.0 9
16 -9.0 9
17 -11.0 11
18 -10.0 10
19 -7.0 7
20 -8.0 8
21 -9.0 9
22 -7.0 7
23 -7.0 7
24 -7.0 7
25 -7.0 7
26 -7.0 7
27 -7.0 7
28 -7.0 7
29 -7.0 7
0 -50.0 50
1 -50.0 50
2 -50.0 50
3 -45.0 45
4 -40.0 40
5 -21.0 21
6 -7.0 7
7 -12.0 12
8 -15.0 15
9 -10.0 10
10 -7.0 7
11 -7.0 7
12 -17.0 17
13 -16.0 16
14 -20.0 20
15 -23.0 23
16 -46.0 46
17 -24.0 24
18 -21.0 21
19 -17.0 17
20 -7.0 7
21 -11.0 11
22 -7.0 7
23 -7.0 7
24 -7.0 7
25 -8.0 8
26 -7.0 7
27 -7.0 7
28 -7.0 7
29 -7.0 7
0 -40.0 40
1 -50.0 50
2 -50.0 50
3 -44.0 44
4 -50.0 50
5 -24.0 24
6 -29.0 29
7 -50.0 50
8 -17.0 17
9 -11.0 11
10 -40.0 40
11 -9.0 9
12 -8.0 8
13 -14.0 14
14 -10.0 10
15 -7.0 7
16 -11.0 11
17 -7.0 7
18 -8.0 8
19 -7.0 7
20 -8.0 8
21 -7.0 7
22 -12.0 12
23 -7.0 7
24 -7.0 7
25 -7.0 7
26 -7.0 7
27 -8.0 8
28 -7.0 7
29 -7.0 7
0 -50.0 50
1 -50.0 50
2 -50.0 50
3 -43.0 43
4 -50.0 50
5 -50.0 50
6 -19.0 19
7 -8.0 8
8 -17.0 17
9 -31.0 31
10 -14.0 14
11 -11.0 11
12 -7.0 7
13 -7.0 7
14 -13.0 13
15 -7.0 7
16 -7.0 7
17 -10.0 10
18 -15.0 15
19 -7.0 7
20 -8.0 8
21 -7.0 7
22 -12.0 12
23 -9.0 9
24 -9.0 9
25 -10.0 10
26 -13.0 13
27 -7.0 7
28 -7.0 7
29 -7.0 7
0 -49.0 49
1 -50.0 50
2 -50.0 50
3 -50.0 50
4 -25.0 25
5 -50.0 50
6 -27.0 27
7 -7.0 7
8 -7.0 7
9 -9.0 9
10 -11.0 11
11 -7.0 7
12 -8.0 8
13 -11.0 11
14 -14.0 14
15 -16.0 16
16 -34.0 34
17 -18.0 18
18 -20.0 20
19 -15.0 15
20 -7.0 7
21 -8.0 8
22 -7.0 7
23 -7.0 7
24 -8.0 8
25 -9.0 9
26 -7.0 7
27 -7.0 7
28 -7.0 7
29 -7.0 7
0 -50.0 50
1 -50.0 50
2 -50.0 50
3 -50.0 50
4 -15.0 15
5 -28.0 28
6 -34.0 34
7 -50.0 50
8 -18.0 18
9 -25.0 25
10 -23.0 23
11 -7.0 7
12 -10.0 10
13 -7.0 7
14 -7.0 7
15 -8.0 8
16 -7.0 7
17 -7.0 7
18 -9.0 9
19 -16.0 16
20 -7.0 7
21 -10.0 10
22 -9.0 9
23 -7.0 7
24 -7.0 7
25 -9.0 9
26 -7.0 7
27 -7.0 7
28 -7.0 7
29 -7.0 7
0 -50.0 50
1 -50.0 50
2 -50.0 50
3 -32.0 32
4 -50.0 50
5 -50.0 50
6 -33.0 33
7 -10.0 10
8 -12.0 12
9 -13.0 13
10 -24.0 24
11 -25.0 25
12 -26.0 26
13 -10.0 10
14 -14.0 14
15 -7.0 7
16 -12.0 12
17 -7.0 7
18 -7.0 7
19 -8.0 8
20 -7.0 7
21 -10.0 10
22 -12.0 12
23 -7.0 7
24 -7.0 7
25 -7.0 7
26 -7.0 7
27 -7.0 7
28 -7.0 7
29 -7.0 7
0 -50.0 50
1 -50.0 50
2 -50.0 50
3 -50.0 50
4 -47.0 47
5 -13.0 13
6 -16.0 16
7 -50.0 50
8 -48.0 48
9 -23.0 23
10 -19.0 19
11 -7.0 7
12 -7.0 7
13 -9.0 9
14 -9.0 9
15 -9.0 9
16 -9.0 9
17 -8.0 8
18 -8.0 8
19 -7.0 7
20 -7.0 7
21 -8.0 8
22 -7.0 7
23 -13.0 13
24 -7.0 7
25 -7.0 7
26 -7.0 7
27 -7.0 7
28 -7.0 7
29 -7.0 7
0 -50.0 50
1 -45.0 45
2 -50.0 50
3 -21.0 21
4 -37.0 37
5 -50.0 50
6 -50.0 50
7 -50.0 50
8 -19.0 19
9 -12.0 12
10 -12.0 12
11 -13.0 13
12 -7.0 7
13 -9.0 9
14 -9.0 9
15 -12.0 12
16 -13.0 13
17 -8.0 8
18 -15.0 15
19 -7.0 7
20 -7.0 7
21 -7.0 7
22 -7.0 7
23 -13.0 13
24 -7.0 7
25 -7.0 7
26 -7.0 7
27 -7.0 7
28 -7.0 7
29 -7.0 7
0 -50.0 50
1 -50.0 50
2 -24.0 24
3 -50.0 50
4 -50.0 50
5 -36.0 36
6 -21.0 21
7 -17.0 17
8 -50.0 50
9 -21.0 21
10 -10.0 10
11 -8.0 8
12 -9.0 9
13 -8.0 8
14 -8.0 8
15 -16.0 16
16 -10.0 10
17 -7.0 7
18 -9.0 9
19 -9.0 9
20 -12.0 12
21 -7.0 7
22 -7.0 7
23 -8.0 8
24 -9.0 9
25 -13.0 13
26 -7.0 7
27 -7.0 7
28 -7.0 7
29 -7.0 7
0 -50.0 50
1 -50.0 50
2 -46.0 46
3 -50.0 50
4 -17.0 17
5 -50.0 50
6 -27.0 27
7 -19.0 19
8 -50.0 50
9 -18.0 18
10 -11.0 11
11 -15.0 15
12 -12.0 12
13 -7.0 7
14 -11.0 11
15 -9.0 9
16 -18.0 18
17 -7.0 7
18 -7.0 7
19 -8.0 8
20 -7.0 7
21 -7.0 7
22 -10.0 10
23 -10.0 10
24 -7.0 7
25 -8.0 8
26 -16.0 16
27 -15.0 15
28 -7.0 7
29 -7.0 7
0 -46.0 46
1 -50.0 50
2 -50.0 50
3 -50.0 50
4 -14.0 14
5 -49.0 49
6 -39.0 39
7 -21.0 21
8 -8.0 8
9 -11.0 11
10 -8.0 8
11 -7.0 7
12 -18.0 18
13 -19.0 19
14 -8.0 8
15 -7.0 7
16 -7.0 7
17 -7.0 7
18 -8.0 8
19 -7.0 7
20 -8.0 8
21 -8.0 8
22 -9.0 9
23 -9.0 9
24 -7.0 7
25 -7.0 7
26 -8.0 8
27 -7.0 7
28 -7.0 7
29 -7.0 7
0 -50.0 50
1 -43.0 43
2 -50.0 50
3 -50.0 50
4 -23.0 23
5 -19.0 19
6 -11.0 11
7 -24.0 24
8 -50.0 50
9 -20.0 20
10 -21.0 21
11 -50.0 50
12 -17.0 17
13 -11.0 11
14 -14.0 14
15 -11.0 11
16 -25.0 25
17 -14.0 14
18 -8.0 8
19 -9.0 9
20 -8.0 8
21 -10.0 10
22 -9.0 9
23 -7.0 7
24 -7.0 7
25 -7.0 7
26 -7.0 7
27 -9.0 9
28 -7.0 7
29 -7.0 7
0 -50.0 50
1 -50.0 50
2 -15.0 15
3 -50.0 50
4 -33.0 33
5 -38.0 38
6 -50.0 50
7 -23.0 23
8 -30.0 30
9 -24.0 24
10 -19.0 19
11 -45.0 45
12 -47.0 47
13 -15.0 15
14 -11.0 11
15 -14.0 14
16 -12.0 12
17 -12.0 12
18 -7.0 7
19 -7.0 7
20 -7.0 7
21 -7.0 7
22 -7.0 7
23 -8.0 8
24 -7.0 7
25 -7.0 7
26 -7.0 7
27 -7.0 7
28 -7.0 7
29 -7.0 7
0 -50.0 50
1 -25.0 25
2 -48.0 48
3 -50.0 50
4 -50.0 50
5 -21.0 21
6 -27.0 27
7 -31.0 31
8 -23.0 23
9 -25.0 25
10 -20.0 20
11 -8.0 8
12 -8.0 8
13 -15.0 15
14 -50.0 50
15 -42.0 42
16 -13.0 13
17 -15.0 15
18 -9.0 9
19 -8.0 8
20 -8.0 8
21 -7.0 7
22 -7.0 7
23 -7.0 7
24 -13.0 13
25 -7.0 7
26 -7.0 7
27 -7.0 7
28 -7.0 7
29 -7.0 7
0 -50.0 50
1 -25.0 25
2 -50.0 50
3 -50.0 50
4 -48.0 48
5 -35.0 35
6 -50.0 50
7 -33.0 33
8 -25.0 25
9 -14.0 14
10 -19.0 19
11 -11.0 11
12 -8.0 8
13 -8.0 8
14 -7.0 7
15 -7.0 7
16 -7.0 7
17 -7.0 7
18 -7.0 7
19 -7.0 7
20 -7.0 7
21 -7.0 7
22 -7.0 7
23 -7.0 7
24 -7.0 7
25 -7.0 7
26 -10.0 10
27 -9.0 9
28 -10.0 10
29 -7.0 7
0 -50.0 50
1 -50.0 50
2 -44.0 44
3 -50.0 50
4 -50.0 50
5 -14.0 14
6 -12.0 12
7 -26.0 26
8 -22.0 22
9 -19.0 19
10 -24.0 24
11 -14.0 14
12 -8.0 8
13 -11.0 11
14 -7.0 7
15 -7.0 7
16 -7.0 7
17 -8.0 8
18 -7.0 7
19 -10.0 10
20 -9.0 9
21 -10.0 10
22 -7.0 7
23 -8.0 8
24 -9.0 9
25 -7.0 7
26 -7.0 7
27 -7.0 7
28 -7.0 7
29 -7.0 7
0 -39.0 39
1 -50.0 50
2 -50.0 50
3 -50.0 50
4 -50.0 50
5 -30.0 30
6 -23.0 23
7 -37.0 37
8 -17.0 17
9 -9.0 9
10 -10.0 10
11 -11.0 11
12 -16.0 16
13 -7.0 7
14 -9.0 9
15 -8.0 8
16 -11.0 11
17 -9.0 9
18 -22.0 22
19 -7.0 7
20 -10.0 10
21 -7.0 7
22 -8.0 8
23 -7.0 7
24 -10.0 10
25 -7.0 7
26 -7.0 7
27 -7.0 7
28 -7.0 7
29 -7.0 7
0 -50.0 50
1 -50.0 50
2 -44.0 44
3 -49.0 49
4 -50.0 50
5 -50.0 50
6 -35.0 35
7 -20.0 20
8 -17.0 17
9 -9.0 9
10 -13.0 13
11 -22.0 22
12 -15.0 15
13 -15.0 15
14 -11.0 11
15 -12.0 12
16 -11.0 11
17 -10.0 10
18 -10.0 10
19 -7.0 7
20 -8.0 8
21 -10.0 10
22 -12.0 12
23 -7.0 7
24 -15.0 15
25 -7.0 7
26 -7.0 7
27 -7.0 7
28 -7.0 7
29 -7.0 7
0 -50.0 50
1 -26.0 26
2 -50.0 50
3 -50.0 50
4 -50.0 50
5 -15.0 15
6 -38.0 38
7 -11.0 11
8 -14.0 14
9 -11.0 11
10 -9.0 9
11 -9.0 9
12 -50.0 50
13 -46.0 46
14 -27.0 27
15 -10.0 10
16 -39.0 39
17 -25.0 25
18 -19.0 19
19 -11.0 11
20 -13.0 13
21 -15.0 15
22 -11.0 11
23 -11.0 11
24 -11.0 11
25 -11.0 11
26 -8.0 8
27 -7.0 7
28 -7.0 7
29 -7.0 7
0 -50.0 50
1 -50.0 50
2 -42.0 42
3 -50.0 50
4 -50.0 50
5 -24.0 24
6 -12.0 12
7 -42.0 42
8 -16.0 16
9 -16.0 16
10 -7.0 7
11 -7.0 7
12 -15.0 15
13 -16.0 16
14 -15.0 15
15 -9.0 9
16 -7.0 7
17 -7.0 7
18 -7.0 7
19 -7.0 7
20 -7.0 7
21 -10.0 10
22 -8.0 8
23 -8.0 8
24 -31.0 31
25 -11.0 11
26 -8.0 8
27 -7.0 7
28 -7.0 7
29 -7.0 7
0 -50.0 50
1 -41.0 41
2 -50.0 50
3 -31.0 31
4 -50.0 50
5 -39.0 39
6 -7.0 7
7 -19.0 19
8 -14.0 14
9 -7.0 7
10 -10.0 10
11 -29.0 29
12 -12.0 12
13 -12.0 12
14 -10.0 10
15 -7.0 7
16 -11.0 11
17 -10.0 10
18 -8.0 8
19 -9.0 9
20 -15.0 15
21 -24.0 24
22 -16.0 16
23 -7.0 7
24 -9.0 9
25 -7.0 7
26 -7.0 7
27 -7.0 7
28 -7.0 7
29 -7.0 7
0 -50.0 50
1 -50.0 50
2 -29.0 29
3 -50.0 50
4 -50.0 50
5 -50.0 50
6 -39.0 39
7 -10.0 10
8 -7.0 7
9 -7.0 7
10 -12.0 12
11 -17.0 17
12 -7.0 7
13 -10.0 10
14 -7.0 7
15 -7.0 7
16 -7.0 7
17 -7.0 7
18 -10.0 10
19 -7.0 7
20 -9.0 9
21 -9.0 9
22 -12.0 12
23 -9.0 9
24 -7.0 7
25 -8.0 8
26 -7.0 7
27 -7.0 7
28 -7.0 7
29 -7.0 7
0 -45.0 45
1 -50.0 50
2 -50.0 50
3 -50.0 50
4 -50.0 50
5 -22.0 22
6 -23.0 23
7 -18.0 18
8 -50.0 50
9 -50.0 50
10 -20.0 20
11 -8.0 8
12 -9.0 9
13 -13.0 13
14 -9.0 9
15 -7.0 7
16 -7.0 7
17 -7.0 7
18 -9.0 9
19 -8.0 8
20 -7.0 7
21 -7.0 7
22 -8.0 8
23 -9.0 9
24 -11.0 11
25 -12.0 12
26 -7.0 7
27 -7.0 7
28 -7.0 7
29 -7.0 7
0 -50.0 50
1 -50.0 50
2 -50.0 50
3 -50.0 50
4 -20.0 20
5 -50.0 50
6 -48.0 48
7 -19.0 19
8 -9.0 9
9 -11.0 11
10 -16.0 16
11 -9.0 9
12 -9.0 9
13 -7.0 7
14 -15.0 15
15 -18.0 18
16 -8.0 8
17 -7.0 7
18 -7.0 7
19 -7.0 7
20 -9.0 9
21 -7.0 7
22 -12.0 12
23 -7.0 7
24 -9.0 9
25 -7.0 7
26 -7.0 7
27 -7.0 7
28 -7.0 7
29 -7.0 7
0 -50.0 50
1 -36.0 36
2 -50.0 50
3 -41.0 41
4 -50.0 50
5 -28.0 28
6 -46.0 46
7 -50.0 50
8 -20.0 20
9 -7.0 7
10 -15.0 15
11 -12.0 12
12 -8.0 8
13 -10.0 10
14 -10.0 10
15 -7.0 7
16 -7.0 7
17 -7.0 7
18 -7.0 7
19 -7.0 7
20 -8.0 8
21 -7.0 7
22 -14.0 14
23 -9.0 9
24 -8.0 8
25 -7.0 7
26 -7.0 7
27 -7.0 7
28 -7.0 7
29 -7.0 7
0 -50.0 50
1 -50.0 50
2 -50.0 50
3 -32.0 32
4 -50.0 50
5 -13.0 13
6 -7.0 7
7 -12.0 12
8 -7.0 7
9 -8.0 8
10 -10.0 10
11 -9.0 9
12 -50.0 50
13 -18.0 18
14 -27.0 27
15 -18.0 18
16 -50.0 50
17 -25.0 25
18 -15.0 15
19 -10.0 10
20 -11.0 11
21 -12.0 12
22 -10.0 10
23 -9.0 9
24 -10.0 10
25 -9.0 9
26 -7.0 7
27 -7.0 7
28 -7.0 7
29 -7.0 7
0 -38.0 38
1 -50.0 50
2 -50.0 50
3 -49.0 49
4 -50.0 50
5 -42.0 42
6 -40.0 40
7 -17.0 17
8 -14.0 14
9 -26.0 26
10 -24.0 24
11 -15.0 15
12 -7.0 7
13 -7.0 7
14 -10.0 10
15 -7.0 7
16 -8.0 8
17 -10.0 10
18 -8.0 8
19 -10.0 10
20 -7.0 7
21 -13.0 13
22 -9.0 9
23 -13.0 13
24 -11.0 11
25 -9.0 9
26 -7.0 7
27 -8.0 8
28 -7.0 7
29 -7.0 7
0 -33.0 33
1 -50.0 50
2 -50.0 50
3 -50.0 50
4 -50.0 50
5 -35.0 35
6 -50.0 50
7 -20.0 20
8 -10.0 10
9 -8.0 8
10 -7.0 7
11 -13.0 13
12 -12.0 12
13 -18.0 18
14 -9.0 9
15 -32.0 32
16 -13.0 13
17 -8.0 8
18 -9.0 9
19 -9.0 9
20 -8.0 8
21 -9.0 9
22 -8.0 8
23 -7.0 7
24 -7.0 7
25 -9.0 9
26 -10.0 10
27 -12.0 12
28 -11.0 11
29 -9.0 9
0 -23.0 23
1 -50.0 50
2 -50.0 50
3 -50.0 50
4 -23.0 23
5 -50.0 50
6 -44.0 44
7 -50.0 50
8 -37.0 37
9 -15.0 15
10 -19.0 19
11 -9.0 9
12 -12.0 12
13 -8.0 8
14 -8.0 8
15 -7.0 7
16 -9.0 9
17 -9.0 9
18 -8.0 8
19 -7.0 7
20 -7.0 7
21 -9.0 9
22 -7.0 7
23 -7.0 7
24 -7.0 7
25 -10.0 10
26 -7.0 7
27 -7.0 7
28 -7.0 7
29 -7.0 7
0 -50.0 50
1 -50.0 50
2 -40.0 40
3 -50.0 50
4 -50.0 50
5 -31.0 31
6 -35.0 35
7 -35.0 35
8 -9.0 9
9 -7.0 7
10 -29.0 29
11 -12.0 12
12 -8.0 8
13 -9.0 9
14 -7.0 7
15 -9.0 9
16 -8.0 8
17 -7.0 7
18 -7.0 7
19 -7.0 7
20 -7.0 7
21 -9.0 9
22 -8.0 8
23 -8.0 8
24 -7.0 7
25 -7.0 7
26 -7.0 7
27 -7.0 7
28 -7.0 7
29 -7.0 7
0 -50.0 50
1 -50.0 50
2 -22.0 22
3 -50.0 50
4 -50.0 50
5 -50.0 50
6 -25.0 25
7 -18.0 18
8 -50.0 50
9 -22.0 22
10 -9.0 9
11 -10.0 10
12 -7.0 7
13 -9.0 9
14 -7.0 7
15 -7.0 7
16 -30.0 30
17 -8.0 8
18 -10.0 10
19 -7.0 7
20 -7.0 7
21 -7.0 7
22 -8.0 8
23 -36.0 36
24 -20.0 20
25 -9.0 9
26 -8.0 8
27 -7.0 7
28 -7.0 7
29 -7.0 7
0 -50.0 50
1 -50.0 50
2 -50.0 50
3 -14.0 14
4 -35.0 35
5 -33.0 33
6 -50.0 50
7 -26.0 26
8 -44.0 44
9 -7.0 7
10 -11.0 11
11 -10.0 10
12 -8.0 8
13 -34.0 34
14 -8.0 8
15 -7.0 7
16 -11.0 11
17 -9.0 9
18 -8.0 8
19 -7.0 7
20 -8.0 8
21 -9.0 9
22 -7.0 7
23 -7.0 7
24 -8.0 8
25 -8.0 8
26 -7.0 7
27 -7.0 7
28 -7.0 7
29 -7.0 7
0 -24.0 24
1 -50.0 50
2 -49.0 49
3 -39.0 39
4 -50.0 50
5 -39.0 39
6 -50.0 50
7 -23.0 23
8 -12.0 12
9 -16.0 16
10 -9.0 9
11 -9.0 9
12 -9.0 9
13 -15.0 15
14 -11.0 11
15 -16.0 16
16 -32.0 32
17 -19.0 19
18 -7.0 7
19 -7.0 7
20 -7.0 7
21 -9.0 9
22 -7.0 7
23 -7.0 7
24 -7.0 7
25 -7.0 7
26 -7.0 7
27 -8.0 8
28 -7.0 7
29 -7.0 7
0 -50.0 50
1 -31.0 31
2 -50.0 50
3 -50.0 50
4 -50.0 50
5 -14.0 14
6 -20.0 20
7 -50.0 50
8 -17.0 17
9 -7.0 7
10 -10.0 10
11 -12.0 12
12 -14.0 14
13 -18.0 18
14 -14.0 14
15 -31.0 31
16 -12.0 12
17 -7.0 7
18 -8.0 8
19 -10.0 10
20 -7.0 7
21 -9.0 9
22 -9.0 9
23 -10.0 10
24 -7.0 7
25 -7.0 7
26 -7.0 7
27 -7.0 7
28 -7.0 7
29 -7.0 7
0 -50.0 50
1 -50.0 50
2 -50.0 50
3 -19.0 19
4 -50.0 50
5 -50.0 50
6 -13.0 13
7 -12.0 12
8 -23.0 23
9 -26.0 26
10 -23.0 23
11 -26.0 26
12 -45.0 45
13 -17.0 17
14 -21.0 21
15 -15.0 15
16 -12.0 12
17 -12.0 12
18 -16.0 16
19 -7.0 7
20 -8.0 8
21 -10.0 10
22 -7.0 7
23 -8.0 8
24 -7.0 7
25 -7.0 7
26 -7.0 7
27 -7.0 7
28 -7.0 7
29 -7.0 7
0 -31.0 31
1 -50.0 50
2 -50.0 50
3 -50.0 50
4 -34.0 34
5 -34.0 34
6 -50.0 50
7 -14.0 14
8 -7.0 7
9 -13.0 13
10 -7.0 7
11 -9.0 9
12 -7.0 7
13 -13.0 13
14 -10.0 10
15 -9.0 9
16 -22.0 22
17 -12.0 12
18 -49.0 49
19 -22.0 22
20 -19.0 19
21 -8.0 8
22 -7.0 7
23 -8.0 8
24 -7.0 7
25 -7.0 7
26 -7.0 7
27 -7.0 7
28 -7.0 7
29 -7.0 7
0 -50.0 50
1 -50.0 50
2 -13.0 13
3 -50.0 50
4 -50.0 50
5 -50.0 50
6 -27.0 27
7 -50.0 50
8 -23.0 23
9 -23.0 23
10 -8.0 8
11 -9.0 9
12 -14.0 14
13 -15.0 15
14 -7.0 7
15 -23.0 23
16 -12.0 12
17 -12.0 12
18 -8.0 8
19 -7.0 7
20 -7.0 7
21 -7.0 7
22 -9.0 9
23 -8.0 8
24 -9.0 9
25 -7.0 7
26 -7.0 7
27 -7.0 7
28 -7.0 7
29 -7.0 7
0 -50.0 50
1 -50.0 50
2 -48.0 48
3 -29.0 29
4 -50.0 50
5 -50.0 50
6 -16.0 16
7 -9.0 9
8 -10.0 10
9 -11.0 11
10 -11.0 11
11 -7.0 7
12 -7.0 7
13 -17.0 17
14 -8.0 8
15 -9.0 9
16 -10.0 10
17 -7.0 7
18 -16.0 16
19 -20.0 20
20 -12.0 12
21 -9.0 9
22 -7.0 7
23 -7.0 7
24 -9.0 9
25 -7.0 7
26 -9.0 9
27 -7.0 7
28 -7.0 7
29 -7.0 7
0 -50.0 50
1 -50.0 50
2 -50.0 50
3 -50.0 50
4 -19.0 19
5 -19.0 19
6 -50.0 50
7 -50.0 50
8 -27.0 27
9 -43.0 43
10 -22.0 22
11 -25.0 25
12 -9.0 9
13 -13.0 13
14 -11.0 11
15 -7.0 7
16 -9.0 9
17 -12.0 12
18 -7.0 7
19 -7.0 7
20 -7.0 7
21 -7.0 7
22 -7.0 7
23 -7.0 7
24 -8.0 8
25 -7.0 7
26 -7.0 7
27 -7.0 7
28 -7.0 7
29 -7.0 7
0 -26.0 26
1 -50.0 50
2 -50.0 50
3 -36.0 36
4 -50.0 50
5 -49.0 49
6 -50.0 50
7 -50.0 50
8 -19.0 19
9 -18.0 18
10 -11.0 11
11 -15.0 15
12 -11.0 11
13 -15.0 15
14 -14.0 14
15 -7.0 7
16 -11.0 11
17 -7.0 7
18 -7.0 7
19 -8.0 8
20 -7.0 7
21 -8.0 8
22 -7.0 7
23 -8.0 8
24 -8.0 8
25 -7.0 7
26 -7.0 7
27 -7.0 7
28 -7.0 7
29 -7.0 7
0 -50.0 50
1 -50.0 50
2 -50.0 50
3 -32.0 32
4 -50.0 50
5 -30.0 30
6 -21.0 21
7 -36.0 36
8 -26.0 26
9 -9.0 9
10 -15.0 15
11 -10.0 10
12 -11.0 11
13 -9.0 9
14 -7.0 7
15 -15.0 15
16 -22.0 22
17 -7.0 7
18 -9.0 9
19 -9.0 9
20 -8.0 8
21 -7.0 7
22 -7.0 7
23 -7.0 7
24 -7.0 7
25 -20.0 20
26 -9.0 9
27 -9.0 9
28 -7.0 7
29 -7.0 7
0 -50.0 50
1 -37.0 37
2 -50.0 50
3 -50.0 50
4 -50.0 50
5 -36.0 36
6 -50.0 50
7 -30.0 30
8 -32.0 32
9 -19.0 19
10 -15.0 15
11 -9.0 9
12 -7.0 7
13 -9.0 9
14 -9.0 9
15 -9.0 9
16 -9.0 9
17 -8.0 8
18 -7.0 7
19 -9.0 9
20 -7.0 7
21 -7.0 7
22 -8.0 8
23 -7.0 7
24 -23.0 23
25 -8.0 8
26 -12.0 12
27 -8.0 8
28 -7.0 7
29 -7.0 7
0 -22.0 22
1 -50.0 50
2 -50.0 50
3 -42.0 42
4 -50.0 50
5 -27.0 27
6 -32.0 32
7 -50.0 50
8 -14.0 14
9 -16.0 16
10 -12.0 12
11 -50.0 50
12 -32.0 32
13 -9.0 9
14 -10.0 10
15 -14.0 14
16 -9.0 9
17 -9.0 9
18 -9.0 9
19 -8.0 8
20 -9.0 9
21 -7.0 7
22 -7.0 7
23 -7.0 7
24 -7.0 7
25 -8.0 8
26 -7.0 7
27 -7.0 7
28 -7.0 7
29 -7.0 7
0 -50.0 50
1 -50.0 50
2 -50.0 50
3 -26.0 26
4 -50.0 50
5 -32.0 32
6 -45.0 45
7 -11.0 11
8 -13.0 13
9 -7.0 7
10 -10.0 10
11 -7.0 7
12 -8.0 8
13 -10.0 10
14 -14.0 14
15 -7.0 7
16 -7.0 7
17 -7.0 7
18 -10.0 10
19 -10.0 10
20 -8.0 8
21 -11.0 11
22 -21.0 21
23 -15.0 15
24 -13.0 13
25 -10.0 10
26 -7.0 7
27 -7.0 7
28 -7.0 7
29 -7.0 7
0 -38.0 38
1 -50.0 50
2 -50.0 50
3 -50.0 50
4 -50.0 50
5 -24.0 24
6 -34.0 34
7 -31.0 31
8 -16.0 16
9 -7.0 7
10 -50.0 50
11 -35.0 35
12 -16.0 16
13 -12.0 12
14 -7.0 7
15 -8.0 8
16 -7.0 7
17 -9.0 9
18 -7.0 7
19 -7.0 7
20 -8.0 8
21 -9.0 9
22 -8.0 8
23 -8.0 8
24 -8.0 8
25 -7.0 7
26 -7.0 7
27 -7.0 7
28 -7.0 7
29 -7.0 7
0 -50.0 50
1 -40.0 40
2 -50.0 50
3 -17.0 17
4 -50.0 50
5 -33.0 33
6 -50.0 50
7 -30.0 30
8 -41.0 41
9 -16.0 16
10 -11.0 11
11 -15.0 15
12 -12.0 12
13 -9.0 9
14 -9.0 9
15 -12.0 12
16 -10.0 10
17 -26.0 26
18 -11.0 11
19 -26.0 26
20 -9.0 9
21 -7.0 7
22 -7.0 7
23 -7.0 7
24 -7.0 7
25 -7.0 7
26 -7.0 7
27 -7.0 7
28 -7.0 7
29 -7.0 7
0 -50.0 50
1 -35.0 35
2 -50.0 50
3 -50.0 50
4 -31.0 31
5 -27.0 27
6 -23.0 23
7 -32.0 32
8 -50.0 50
9 -34.0 34
10 -10.0 10
11 -12.0 12
12 -7.0 7
13 -8.0 8
14 -10.0 10
15 -12.0 12
16 -20.0 20
17 -7.0 7
18 -9.0 9
19 -10.0 10
20 -7.0 7
21 -7.0 7
22 -12.0 12
23 -7.0 7
24 -7.0 7
25 -7.0 7
26 -7.0 7
27 -7.0 7
28 -7.0 7
29 -7.0 7
0 -50.0 50
1 -50.0 50
2 -26.0 26
3 -50.0 50
4 -38.0 38
5 -50.0 50
6 -12.0 12
7 -14.0 14
8 -13.0 13
9 -12.0 12
10 -32.0 32
11 -24.0 24
12 -10.0 10
13 -11.0 11
14 -9.0 9
15 -14.0 14
16 -28.0 28
17 -20.0 20
18 -17.0 17
19 -20.0 20
20 -8.0 8
21 -7.0 7
22 -7.0 7
23 -7.0 7
24 -7.0 7
25 -7.0 7
26 -7.0 7
27 -7.0 7
28 -7.0 7
29 -7.0 7
0 -33.0 33
1 -50.0 50
2 -50.0 50
3 -50.0 50
4 -50.0 50
5 -40.0 40
6 -28.0 28
7 -12.0 12
8 -18.0 18
9 -10.0 10
10 -7.0 7
11 -14.0 14
12 -24.0 24
13 -50.0 50
14 -26.0 26
15 -14.0 14
16 -11.0 11
17 -12.0 12
18 -11.0 11
19 -13.0 13
20 -11.0 11
21 -12.0 12
22 -7.0 7
23 -9.0 9
24 -7.0 7
25 -7.0 7
26 -9.0 9
27 -7.0 7
28 -7.0 7
29 -7.0 7
0 -50.0 50
1 -50.0 50
2 -50.0 50
3 -26.0 26
4 -50.0 50
5 -12.0 12
6 -22.0 22
7 -42.0 42
8 -12.0 12
9 -15.0 15
10 -13.0 13
11 -18.0 18
12 -16.0 16
13 -7.0 7
14 -9.0 9
15 -9.0 9
16 -11.0 11
17 -11.0 11
18 -8.0 8
19 -9.0 9
20 -10.0 10
21 -7.0 7
22 -11.0 11
23 -8.0 8
24 -7.0 7
25 -7.0 7
26 -7.0 7
27 -7.0 7
28 -7.0 7
29 -7.0 7
0 -50.0 50
1 -50.0 50
2 -50.0 50
3 -31.0 31
4 -39.0 39
5 -27.0 27
6 -32.0 32
7 -50.0 50
8 -16.0 16
9 -10.0 10
10 -18.0 18
11 -15.0 15
12 -20.0 20
13 -16.0 16
14 -8.0 8
15 -7.0 7
16 -8.0 8
17 -7.0 7
18 -7.0 7
19 -8.0 8
20 -13.0 13
21 -12.0 12
22 -7.0 7
23 -8.0 8
24 -8.0 8
25 -9.0 9
26 -9.0 9
27 -7.0 7
28 -7.0 7
29 -7.0 7
0 -50.0 50
1 -45.0 45
2 -50.0 50
3 -11.0 11
4 -27.0 27
5 -50.0 50
6 -50.0 50
7 -50.0 50
8 -20.0 20
9 -46.0 46
10 -35.0 35
11 -8.0 8
12 -7.0 7
13 -9.0 9
14 -7.0 7
15 -8.0 8
16 -8.0 8
17 -9.0 9
18 -10.0 10
19 -8.0 8
20 -7.0 7
21 -7.0 7
22 -7.0 7
23 -7.0 7
24 -7.0 7
25 -9.0 9
26 -7.0 7
27 -7.0 7
28 -7.0 7
29 -7.0 7
0 -50.0 50
1 -50.0 50
2 -50.0 50
3 -50.0 50
4 -28.0 28
5 -50.0 50
6 -27.0 27
7 -14.0 14
8 -21.0 21
9 -24.0 24
10 -26.0 26
11 -23.0 23
12 -9.0 9
13 -10.0 10
14 -9.0 9
15 -10.0 10
16 -26.0 26
17 -7.0 7
18 -8.0 8
19 -8.0 8
20 -8.0 8
21 -9.0 9
22 -15.0 15
23 -10.0 10
24 -8.0 8
25 -7.0 7
26 -9.0 9
27 -7.0 7
28 -7.0 7
29 -7.0 7
0 -50.0 50
1 -48.0 48
2 -50.0 50
3 -16.0 16
4 -50.0 50
5 -50.0 50
6 -13.0 13
7 -50.0 50
8 -25.0 25
9 -25.0 25
10 -19.0 19
11 -20.0 20
12 -16.0 16
13 -7.0 7
14 -9.0 9
15 -10.0 10
16 -12.0 12
17 -9.0 9
18 -10.0 10
19 -10.0 10
20 -9.0 9
21 -7.0 7
22 -7.0 7
23 -9.0 9
24 -7.0 7
25 -7.0 7
26 -7.0 7
27 -7.0 7
28 -7.0 7
29 -7.0 7
0 -50.0 50
1 -50.0 50
2 -50.0 50
3 -50.0 50
4 -23.0 23
5 -18.0 18
6 -50.0 50
7 -23.0 23
8 -11.0 11
9 -14.0 14
10 -7.0 7
11 -10.0 10
12 -19.0 19
13 -12.0 12
14 -22.0 22
15 -24.0 24
16 -26.0 26
17 -10.0 10
18 -11.0 11
19 -8.0 8
20 -8.0 8
21 -7.0 7
22 -8.0 8
23 -8.0 8
24 -7.0 7
25 -7.0 7
26 -7.0 7
27 -7.0 7
28 -7.0 7
29 -7.0 7
0 -50.0 50
1 -50.0 50
2 -34.0 34
3 -50.0 50
4 -29.0 29
5 -50.0 50
6 -23.0 23
7 -7.0 7
8 -11.0 11
9 -7.0 7
10 -12.0 12
11 -11.0 11
12 -14.0 14
13 -22.0 22
14 -23.0 23
15 -18.0 18
16 -16.0 16
17 -29.0 29
18 -11.0 11
19 -7.0 7
20 -10.0 10
21 -19.0 19
22 -7.0 7
23 -8.0 8
24 -7.0 7
25 -7.0 7
26 -7.0 7
27 -7.0 7
28 -7.0 7
29 -7.0 7
0 -26.0 26
1 -50.0 50
2 -50.0 50
3 -50.0 50
4 -38.0 38
5 -30.0 30
6 -18.0 18
7 -17.0 17
8 -21.0 21
9 -34.0 34
10 -10.0 10
11 -17.0 17
12 -24.0 24
13 -24.0 24
14 -19.0 19
15 -7.0 7
16 -9.0 9
17 -7.0 7
18 -7.0 7
19 -7.0 7
20 -7.0 7
21 -9.0 9
22 -7.0 7
23 -7.0 7
24 -8.0 8
25 -7.0 7
26 -7.0 7
27 -7.0 7
28 -7.0 7
29 -7.0 7
0 -50.0 50
1 -50.0 50
2 -31.0 31
3 -41.0 41
4 -38.0 38
5 -50.0 50
6 -50.0 50
7 -12.0 12
8 -33.0 33
9 -27.0 27
10 -10.0 10
11 -10.0 10
12 -10.0 10
13 -12.0 12
14 -11.0 11
15 -7.0 7
16 -7.0 7
17 -10.0 10
18 -8.0 8
19 -7.0 7
20 -7.0 7
21 -7.0 7
22 -10.0 10
23 -7.0 7
24 -11.0 11
25 -8.0 8
26 -7.0 7
27 -9.0 9
28 -7.0 7
29 -7.0 7
0 -50.0 50
1 -50.0 50
2 -50.0 50
3 -48.0 48
4 -33.0 33
5 -50.0 50
6 -45.0 45
7 -11.0 11
8 -7.0 7
9 -14.0 14
10 -18.0 18
11 -10.0 10
12 -7.0 7
13 -9.0 9
14 -11.0 11
15 -12.0 12
16 -8.0 8
17 -14.0 14
18 -16.0 16
19 -7.0 7
20 -7.0 7
21 -7.0 7
22 -8.0 8
23 -7.0 7
24 -7.0 7
25 -7.0 7
26 -7.0 7
27 -7.0 7
28 -7.0 7
29 -9.0 9
0 -50.0 50
1 -50.0 50
2 -50.0 50
3 -43.0 43
4 -50.0 50
5 -19.0 19
6 -29.0 29
7 -30.0 30
8 -14.0 14
9 -12.0 12
10 -7.0 7
11 -7.0 7
12 -7.0 7
13 -7.0 7
14 -13.0 13
15 -20.0 20
16 -10.0 10
17 -9.0 9
18 -11.0 11
19 -8.0 8
20 -8.0 8
21 -9.0 9
22 -8.0 8
23 -7.0 7
24 -7.0 7
25 -9.0 9
26 -7.0 7
27 -7.0 7
28 -7.0 7
29 -7.0 7
0 -50.0 50
1 -50.0 50
2 -50.0 50
3 -36.0 36
4 -50.0 50
5 -50.0 50
6 -36.0 36
7 -24.0 24
8 -20.0 20
9 -49.0 49
10 -11.0 11
11 -15.0 15
12 -16.0 16
13 -30.0 30
14 -7.0 7
15 -7.0 7
16 -7.0 7
17 -12.0 12
18 -7.0 7
19 -28.0 28
20 -8.0 8
21 -10.0 10
22 -12.0 12
23 -7.0 7
24 -7.0 7
25 -10.0 10
26 -7.0 7
27 -7.0 7
28 -9.0 9
29 -7.0 7
0 -50.0 50
1 -50.0 50
2 -47.0 47
3 -50.0 50
4 -34.0 34
5 -25.0 25
6 -24.0 24
7 -23.0 23
8 -34.0 34
9 -25.0 25
10 -13.0 13
11 -10.0 10
12 -7.0 7
13 -10.0 10
14 -13.0 13
15 -13.0 13
16 -14.0 14
17 -19.0 19
18 -13.0 13
19 -7.0 7
20 -8.0 8
21 -7.0 7
22 -7.0 7
23 -7.0 7
24 -9.0 9
25 -7.0 7
26 -7.0 7
27 -10.0 10
28 -7.0 7
29 -7.0 7
0 -50.0 50
1 -43.0 43
2 -50.0 50
3 -50.0 50
4 -32.0 32
5 -14.0 14
6 -50.0 50
7 -16.0 16
8 -11.0 11
9 -26.0 26
10 -10.0 10
11 -7.0 7
12 -14.0 14
13 -44.0 44
14 -7.0 7
15 -7.0 7
16 -8.0 8
17 -7.0 7
18 -8.0 8
19 -9.0 9
20 -7.0 7
21 -7.0 7
22 -8.0 8
23 -7.0 7
24 -7.0 7
25 -7.0 7
26 -7.0 7
27 -7.0 7
28 -7.0 7
29 -7.0 7
0 -26.0 26
1 -50.0 50
2 -50.0 50
3 -36.0 36
4 -50.0 50
5 -50.0 50
6 -50.0 50
7 -29.0 29
8 -50.0 50
9 -17.0 17
10 -16.0 16
11 -11.0 11
12 -8.0 8
13 -7.0 7
14 -13.0 13
15 -13.0 13
16 -15.0 15
17 -15.0 15
18 -14.0 14
19 -10.0 10
20 -9.0 9
21 -7.0 7
22 -7.0 7
23 -8.0 8
24 -7.0 7
25 -7.0 7
26 -7.0 7
27 -7.0 7
28 -7.0 7
29 -7.0 7
0 -50.0 50
1 -50.0 50
2 -50.0 50
3 -50.0 50
4 -28.0 28
5 -25.0 25
6 -11.0 11
7 -50.0 50
8 -29.0 29
9 -30.0 30
10 -19.0 19
11 -14.0 14
12 -8.0 8
13 -7.0 7
14 -8.0 8
15 -8.0 8
16 -10.0 10
17 -20.0 20
18 -14.0 14
19 -8.0 8
20 -11.0 11
21 -7.0 7
22 -7.0 7
23 -7.0 7
24 -7.0 7
25 -7.0 7
26 -7.0 7
27 -7.0 7
28 -7.0 7
29 -7.0 7
0 -50.0 50
1 -50.0 50
2 -50.0 50
3 -22.0 22
4 -28.0 28
5 -37.0 37
6 -25.0 25
7 -29.0 29
8 -22.0 22
9 -35.0 35
10 -45.0 45
11 -50.0 50
12 -15.0 15
13 -11.0 11
14 -8.0 8
15 -9.0 9
16 -9.0 9
17 -9.0 9
18 -10.0 10
19 -8.0 8
20 -8.0 8
21 -7.0 7
22 -8.0 8
23 -9.0 9
24 -7.0 7
25 -7.0 7
26 -7.0 7
27 -7.0 7
28 -7.0 7
29 -7.0 7
0 -50.0 50
1 -50.0 50
2 -50.0 50
3 -50.0 50
4 -33.0 33
5 -50.0 50
6 -13.0 13
7 -25.0 25
8 -19.0 19
9 -16.0 16
10 -17.0 17
11 -14.0 14
12 -10.0 10
13 -10.0 10
14 -13.0 13
15 -9.0 9
16 -19.0 19
17 -8.0 8
18 -8.0 8
19 -12.0 12
20 -23.0 23
21 -45.0 45
22 -12.0 12
23 -13.0 13
24 -7.0 7
25 -7.0 7
26 -8.0 8
27 -7.0 7
28 -7.0 7
29 -7.0 7
0 -32.0 32
1 -50.0 50
2 -50.0 50
3 -37.0 37
4 -50.0 50
5 -15.0 15
6 -18.0 18
7 -34.0 34
8 -8.0 8
9 -9.0 9
10 -17.0 17
11 -12.0 12
12 -9.0 9
13 -16.0 16
14 -12.0 12
15 -8.0 8
16 -50.0 50
17 -44.0 44
18 -11.0 11
19 -8.0 8
20 -17.0 17
21 -14.0 14
22 -8.0 8
23 -7.0 7
24 -7.0 7
25 -7.0 7
26 -7.0 7
27 -7.0 7
28 -7.0 7
29 -7.0 7
0 -28.0 28
1 -50.0 50
2 -50.0 50
3 -50.0 50
4 -19.0 19
5 -18.0 18
6 -50.0 50
7 -50.0 50
8 -26.0 26
9 -18.0 18
10 -7.0 7
11 -11.0 11
12 -18.0 18
13 -10.0 10
14 -10.0 10
15 -12.0 12
16 -7.0 7
17 -7.0 7
18 -11.0 11
19 -7.0 7
20 -8.0 8
21 -8.0 8
22 -9.0 9
23 -9.0 9
24 -16.0 16
25 -12.0 12
26 -7.0 7
27 -8.0 8
28 -7.0 7
29 -7.0 7
