0 -50.0 50
1 -50.0 50
2 -50.0 50
3 -50.0 50
4 -50.0 50
5 -50.0 50
6 -50.0 50
7 -50.0 50
8 -50.0 50
9 -50.0 50
10 -50.0 50
11 -43.0 43
12 -50.0 50
13 -50.0 50
14 -50.0 50
15 -50.0 50
16 -50.0 50
17 -50.0 50
18 -50.0 50
19 -34.0 34
20 -50.0 50
21 -50.0 50
22 -50.0 50
23 -50.0 50
24 -50.0 50
25 -50.0 50
26 -50.0 50
27 -50.0 50
28 -20.0 20
29 -50.0 50
30 -50.0 50
31 -50.0 50
32 -50.0 50
33 -48.0 48
34 -50.0 50
35 -50.0 50
36 -50.0 50
37 -50.0 50
38 -33.0 33
39 -50.0 50
40 -16.0 16
41 -12.0 12
42 -50.0 50
43 -50.0 50
44 -50.0 50
45 -25.0 25
46 -42.0 42
47 -17.0 17
48 -11.0 11
49 -15.0 15
50 -15.0 15
51 -11.0 11
52 -18.0 18
53 -50.0 50
54 -50.0 50
55 -50.0 50
56 -18.0 18
57 -9.0 9
58 -9.0 9
59 -9.0 9
0 -50.0 50
1 -50.0 50
2 -50.0 50
3 -50.0 50
4 -50.0 50
5 -50.0 50
6 -50.0 50
7 -50.0 50
8 -50.0 50
9 -50.0 50
10 -50.0 50
11 -50.0 50
12 -50.0 50
13 -50.0 50
14 -50.0 50
15 -50.0 50
16 -50.0 50
17 -50.0 50
18 -50.0 50
19 -50.0 50
20 -50.0 50
21 -50.0 50
22 -50.0 50
23 -50.0 50
24 -50.0 50
25 -50.0 50
26 -50.0 50
27 -50.0 50
28 -50.0 50
29 -50.0 50
30 -50.0 50
31 -25.0 25
32 -50.0 50
33 -50.0 50
34 -50.0 50
35 -50.0 50
36 -50.0 50
37 -50.0 50
38 -50.0 50
39 -50.0 50
40 -26.0 26
41 -50.0 50
42 -50.0 50
43 -50.0 50
44 -50.0 50
45 -50.0 50
46 -50.0 50
47 -50.0 50
48 -50.0 50
49 -42.0 42
50 -25.0 25
51 -50.0 50
52 -30.0 30
53 -12.0 12
54 -14.0 14
55 -15.0 15
56 -13.0 13
57 -15.0 15
58 -20.0 20
59 -20.0 20
0 -50.0 50
1 -50.0 50
2 -50.0 50
3 -50.0 50
4 -50.0 50
5 -50.0 50
6 -50.0 50
7 -50.0 50
8 -50.0 50
9 -50.0 50
10 -37.0 37
11 -50.0 50
12 -50.0 50
13 -50.0 50
14 -50.0 50
15 -50.0 50
16 -50.0 50
17 -50.0 50
18 -50.0 50
19 -50.0 50
20 -50.0 50
21 -50.0 50
22 -36.0 36
23 -50.0 50
24 -50.0 50
25 -35.0 35
26 -18.0 18
27 -50.0 50
28 -50.0 50
29 -50.0 50
30 -39.0 39
31 -50.0 50
32 -50.0 50
33 -50.0 50
34 -50.0 50
35 -50.0 50
36 -50.0 50
37 -50.0 50
38 -50.0 50
39 -42.0 42
40 -50.0 50
41 -39.0 39
42 -50.0 50
43 -50.0 50
44 -50.0 50
45 -16.0 16
46 -10.0 10
47 -9.0 9
48 -11.0 11
49 -17.0 17
50 -30.0 30
51 -50.0 50
52 -20.0 20
53 -20.0 20
54 -50.0 50
55 -50.0 50
56 -50.0 50
57 -34.0 34
58 -50.0 50
59 -50.0 50
0 -50.0 50
1 -50.0 50
2 -50.0 50
3 -50.0 50
4 -50.0 50
5 -50.0 50
6 -50.0 50
7 -50.0 50
8 -50.0 50
9 -33.0 33
10 -50.0 50
11 -50.0 50
12 -50.0 50
13 -50.0 50
14 -50.0 50
15 -50.0 50
16 -50.0 50
17 -50.0 50
18 -50.0 50
19 -37.0 37
20 -50.0 50
21 -50.0 50
22 -50.0 50
23 -50.0 50
24 -50.0 50
25 -50.0 50
26 -50.0 50
27 -50.0 50
28 -50.0 50
29 -50.0 50
30 -50.0 50
31 -35.0 35
32 -50.0 50
33 -50.0 50
34 -45.0 45
35 -50.0 50
36 -32.0 32
37 -16.0 16
38 -18.0 18
39 -31.0 31
40 -50.0 50
41 -50.0 50
42 -50.0 50
43 -50.0 50
44 -50.0 50
45 -50.0 50
46 -50.0 50
47 -50.0 50
48 -50.0 50
49 -50.0 50
50 -50.0 50
51 -29.0 29
52 -16.0 16
53 -16.0 16
54 -16.0 16
55 -17.0 17
56 -20.0 20
57 -20.0 20
58 -16.0 16
59 -20.0 20
0 -50.0 50
1 -50.0 50
2 -50.0 50
3 -50.0 50
4 -50.0 50
5 -50.0 50
6 -50.0 50
7 -50.0 50
8 -50.0 50
9 -50.0 50
10 -37.0 37
11 -50.0 50
12 -50.0 50
13 -50.0 50
14 -50.0 50
15 -50.0 50
16 -50.0 50
17 -50.0 50
18 -50.0 50
19 -50.0 50
20 -50.0 50
21 -44.0 44
22 -50.0 50
23 -50.0 50
24 -50.0 50
25 -50.0 50
26 -50.0 50
27 -50.0 50
28 -50.0 50
29 -50.0 50
30 -50.0 50
31 -50.0 50
32 -36.0 36
33 -50.0 50
34 -35.0 35
35 -50.0 50
36 -50.0 50
37 -50.0 50
38 -20.0 20
39 -50.0 50
40 -50.0 50
41 -50.0 50
42 -45.0 45
43 -25.0 25
44 -50.0 50
45 -50.0 50
46 -50.0 50
47 -16.0 16
48 -15.0 15
49 -14.0 14
50 -10.0 10
51 -9.0 9
52 -9.0 9
53 -9.0 9
54 -11.0 11
55 -15.0 15
56 -28.0 28
57 -25.0 25
58 -50.0 50
59 -18.0 18
0 -50.0 50
1 -50.0 50
2 -50.0 50
3 -50.0 50
4 -50.0 50
5 -50.0 50
6 -50.0 50
7 -50.0 50
8 -50.0 50
9 -50.0 50
10 -50.0 50
11 -50.0 50
12 -50.0 50
13 -50.0 50
14 -50.0 50
15 -50.0 50
16 -50.0 50
17 -50.0 50
18 -50.0 50
19 -50.0 50
20 -26.0 26
21 -50.0 50
22 -50.0 50
23 -50.0 50
24 -50.0 50
25 -50.0 50
26 -50.0 50
27 -50.0 50
28 -50.0 50
29 -50.0 50
30 -50.0 50
31 -50.0 50
32 -50.0 50
33 -50.0 50
34 -50.0 50
35 -50.0 50
36 -50.0 50
37 -50.0 50
38 -50.0 50
39 -50.0 50
40 -50.0 50
41 -50.0 50
42 -50.0 50
43 -50.0 50
44 -50.0 50
45 -23.0 23
46 -31.0 31
47 -11.0 11
48 -12.0 12
49 -10.0 10
50 -35.0 35
51 -49.0 49
52 -9.0 9
53 -10.0 10
54 -9.0 9
55 -13.0 13
56 -12.0 12
57 -22.0 22
58 -25.0 25
59 -19.0 19
0 -50.0 50
1 -50.0 50
2 -50.0 50
3 -50.0 50
4 -50.0 50
5 -50.0 50
6 -50.0 50
7 -50.0 50
8 -50.0 50
9 -50.0 50
10 -50.0 50
11 -50.0 50
12 -50.0 50
13 -43.0 43
14 -50.0 50
15 -50.0 50
16 -50.0 50
17 -50.0 50
18 -50.0 50
19 -50.0 50
20 -50.0 50
21 -50.0 50
22 -50.0 50
23 -50.0 50
24 -50.0 50
25 -50.0 50
26 -50.0 50
27 -50.0 50
28 -50.0 50
29 -50.0 50
30 -50.0 50
31 -50.0 50
32 -50.0 50
33 -50.0 50
34 -50.0 50
35 -50.0 50
36 -50.0 50
37 -50.0 50
38 -50.0 50
39 -50.0 50
40 -50.0 50
41 -50.0 50
42 -50.0 50
43 -50.0 50
44 -39.0 39
45 -16.0 16
46 -9.0 9
47 -12.0 12
48 -9.0 9
49 -14.0 14
50 -13.0 13
51 -17.0 17
52 -11.0 11
53 -9.0 9
54 -9.0 9
55 -11.0 11
56 -19.0 19
57 -14.0 14
58 -11.0 11
59 -21.0 21
0 -50.0 50
1 -50.0 50
2 -50.0 50
3 -50.0 50
4 -50.0 50
5 -50.0 50
6 -50.0 50
7 -50.0 50
8 -50.0 50
9 -50.0 50
10 -50.0 50
11 -50.0 50
12 -50.0 50
13 -50.0 50
14 -31.0 31
15 -50.0 50
16 -50.0 50
17 -50.0 50
18 -50.0 50
19 -50.0 50
20 -50.0 50
21 -50.0 50
22 -50.0 50
23 -50.0 50
24 -27.0 27
25 -50.0 50
26 -50.0 50
27 -50.0 50
28 -50.0 50
29 -50.0 50
30 -50.0 50
31 -50.0 50
32 -50.0 50
33 -50.0 50
34 -50.0 50
35 -50.0 50
36 -19.0 19
37 -50.0 50
38 -50.0 50
39 -50.0 50
40 -46.0 46
41 -50.0 50
42 -14.0 14
43 -9.0 9
44 -11.0 11
45 -9.0 9
46 -16.0 16
47 -22.0 22
48 -20.0 20
49 -11.0 11
50 -18.0 18
51 -19.0 19
52 -40.0 40
53 -50.0 50
54 -50.0 50
55 -50.0 50
56 -27.0 27
57 -50.0 50
58 -39.0 39
59 -50.0 50
0 -42.0 42
1 -50.0 50
2 -50.0 50
3 -50.0 50
4 -50.0 50
5 -50.0 50
6 -50.0 50
7 -50.0 50
8 -50.0 50
9 -50.0 50
10 -50.0 50
11 -50.0 50
12 -50.0 50
13 -50.0 50
14 -50.0 50
15 -50.0 50
16 -50.0 50
17 -50.0 50
18 -50.0 50
19 -50.0 50
20 -50.0 50
21 -50.0 50
22 -47.0 47
23 -50.0 50
24 -50.0 50
25 -50.0 50
26 -50.0 50
27 -50.0 50
28 -50.0 50
29 -50.0 50
30 -50.0 50
31 -29.0 29
32 -50.0 50
33 -50.0 50
34 -50.0 50
35 -16.0 16
36 -14.0 14
37 -14.0 14
38 -12.0 12
39 -42.0 42
40 -50.0 50
41 -11.0 11
42 -13.0 13
43 -12.0 12
44 -9.0 9
45 -10.0 10
46 -13.0 13
47 -9.0 9
48 -11.0 11
49 -50.0 50
50 -28.0 28
51 -9.0 9
52 -9.0 9
53 -9.0 9
54 -16.0 16
55 -12.0 12
56 -11.0 11
57 -9.0 9
58 -9.0 9
59 -9.0 9
0 -50.0 50
1 -50.0 50
2 -50.0 50
3 -50.0 50
4 -50.0 50
5 -50.0 50
6 -50.0 50
7 -50.0 50
8 -50.0 50
9 -50.0 50
10 -50.0 50
11 -50.0 50
12 -41.0 41
13 -50.0 50
14 -50.0 50
15 -50.0 50
16 -50.0 50
17 -50.0 50
18 -50.0 50
19 -50.0 50
20 -50.0 50
21 -50.0 50
22 -50.0 50
23 -50.0 50
24 -50.0 50
25 -50.0 50
26 -50.0 50
27 -50.0 50
28 -50.0 50
29 -50.0 50
30 -50.0 50
31 -50.0 50
32 -50.0 50
33 -50.0 50
34 -43.0 43
35 -17.0 17
36 -50.0 50
37 -50.0 50
38 -50.0 50
39 -23.0 23
40 -12.0 12
41 -16.0 16
42 -50.0 50
43 -17.0 17
44 -20.0 20
45 -18.0 18
46 -9.0 9
47 -11.0 11
48 -14.0 14
49 -50.0 50
50 -50.0 50
51 -50.0 50
52 -50.0 50
53 -32.0 32
54 -50.0 50
55 -38.0 38
56 -50.0 50
57 -18.0 18
58 -11.0 11
59 -12.0 12
0 -50.0 50
1 -50.0 50
2 -50.0 50
3 -50.0 50
4 -50.0 50
5 -50.0 50
6 -50.0 50
7 -50.0 50
8 -50.0 50
9 -50.0 50
10 -50.0 50
11 -50.0 50
12 -50.0 50
13 -50.0 50
14 -50.0 50
15 -50.0 50
16 -50.0 50
17 -50.0 50
18 -50.0 50
19 -50.0 50
20 -50.0 50
21 -50.0 50
22 -42.0 42
23 -50.0 50
24 -50.0 50
25 -50.0 50
26 -50.0 50
27 -50.0 50
28 -50.0 50
29 -50.0 50
30 -50.0 50
31 -50.0 50
32 -50.0 50
33 -50.0 50
34 -50.0 50
35 -50.0 50
36 -16.0 16
37 -50.0 50
38 -46.0 46
39 -50.0 50
40 -18.0 18
41 -50.0 50
42 -50.0 50
43 -50.0 50
44 -50.0 50
45 -22.0 22
46 -27.0 27
47 -23.0 23
48 -50.0 50
49 -50.0 50
50 -50.0 50
51 -50.0 50
52 -12.0 12
53 -18.0 18
54 -27.0 27
55 -18.0 18
56 -9.0 9
57 -12.0 12
58 -11.0 11
59 -9.0 9
0 -50.0 50
1 -50.0 50
2 -50.0 50
3 -50.0 50
4 -50.0 50
5 -50.0 50
6 -35.0 35
7 -50.0 50
8 -50.0 50
9 -50.0 50
10 -50.0 50
11 -50.0 50
12 -50.0 50
13 -50.0 50
14 -50.0 50
15 -50.0 50
16 -50.0 50
17 -50.0 50
18 -50.0 50
19 -50.0 50
20 -50.0 50
21 -50.0 50
22 -50.0 50
23 -50.0 50
24 -50.0 50
25 -50.0 50
26 -50.0 50
27 -50.0 50
28 -50.0 50
29 -50.0 50
30 -50.0 50
31 -50.0 50
32 -50.0 50
33 -50.0 50
34 -50.0 50
35 -50.0 50
36 -22.0 22
37 -30.0 30
38 -50.0 50
39 -50.0 50
40 -50.0 50
41 -50.0 50
42 -50.0 50
43 -50.0 50
44 -50.0 50
45 -50.0 50
46 -50.0 50
47 -50.0 50
48 -50.0 50
49 -50.0 50
50 -9.0 9
51 -26.0 26
52 -11.0 11
53 -9.0 9
54 -9.0 9
55 -15.0 15
56 -15.0 15
57 -14.0 14
58 -12.0 12
59 -9.0 9
0 -50.0 50
1 -50.0 50
2 -50.0 50
3 -50.0 50
4 -50.0 50
5 -50.0 50
6 -50.0 50
7 -50.0 50
8 -50.0 50
9 -50.0 50
10 -50.0 50
11 -50.0 50
12 -45.0 45
13 -50.0 50
14 -41.0 41
15 -50.0 50
16 -50.0 50
17 -50.0 50
18 -50.0 50
19 -50.0 50
20 -50.0 50
21 -50.0 50
22 -50.0 50
23 -50.0 50
24 -50.0 50
25 -50.0 50
26 -50.0 50
27 -50.0 50
28 -50.0 50
29 -50.0 50
30 -50.0 50
31 -50.0 50
32 -50.0 50
33 -42.0 42
34 -37.0 37
35 -50.0 50
36 -50.0 50
37 -50.0 50
38 -28.0 28
39 -50.0 50
40 -50.0 50
41 -50.0 50
42 -50.0 50
43 -50.0 50
44 -50.0 50
45 -50.0 50
46 -40.0 40
47 -34.0 34
48 -14.0 14
49 -14.0 14
50 -15.0 15
51 -15.0 15
52 -9.0 9
53 -9.0 9
54 -9.0 9
55 -13.0 13
56 -15.0 15
57 -19.0 19
58 -22.0 22
59 -9.0 9
0 -50.0 50
1 -50.0 50
2 -50.0 50
3 -50.0 50
4 -50.0 50
5 -50.0 50
6 -50.0 50
7 -50.0 50
8 -50.0 50
9 -50.0 50
10 -50.0 50
11 -50.0 50
12 -50.0 50
13 -50.0 50
14 -50.0 50
15 -31.0 31
16 -50.0 50
17 -50.0 50
18 -50.0 50
19 -43.0 43
20 -50.0 50
21 -50.0 50
22 -50.0 50
23 -50.0 50
24 -50.0 50
25 -50.0 50
26 -50.0 50
27 -50.0 50
28 -50.0 50
29 -50.0 50
30 -50.0 50
31 -50.0 50
32 -50.0 50
33 -50.0 50
34 -50.0 50
35 -50.0 50
36 -33.0 33
37 -50.0 50
38 -50.0 50
39 -50.0 50
40 -50.0 50
41 -20.0 20
42 -34.0 34
43 -50.0 50
44 -38.0 38
45 -50.0 50
46 -50.0 50
47 -20.0 20
48 -16.0 16
49 -16.0 16
50 -47.0 47
51 -22.0 22
52 -50.0 50
53 -50.0 50
54 -12.0 12
55 -9.0 9
56 -9.0 9
57 -14.0 14
58 -9.0 9
59 -11.0 11
0 -50.0 50
1 -50.0 50
2 -50.0 50
3 -50.0 50
4 -50.0 50
5 -50.0 50
6 -50.0 50
7 -50.0 50
8 -50.0 50
9 -50.0 50
10 -50.0 50
11 -50.0 50
12 -50.0 50
13 -50.0 50
14 -50.0 50
15 -50.0 50
16 -50.0 50
17 -50.0 50
18 -50.0 50
19 -30.0 30
20 -50.0 50
21 -50.0 50
22 -50.0 50
23 -50.0 50
24 -50.0 50
25 -50.0 50
26 -50.0 50
27 -50.0 50
28 -50.0 50
29 -50.0 50
30 -50.0 50
31 -50.0 50
32 -50.0 50
33 -50.0 50
34 -50.0 50
35 -50.0 50
36 -33.0 33
37 -16.0 16
38 -16.0 16
39 -34.0 34
40 -50.0 50
41 -50.0 50
42 -50.0 50
43 -50.0 50
44 -45.0 45
45 -50.0 50
46 -50.0 50
47 -50.0 50
48 -49.0 49
49 -14.0 14
50 -50.0 50
51 -50.0 50
52 -38.0 38
53 -48.0 48
54 -28.0 28
55 -21.0 21
56 -12.0 12
57 -11.0 11
58 -12.0 12
59 -10.0 10
0 -50.0 50
1 -50.0 50
2 -50.0 50
3 -50.0 50
4 -50.0 50
5 -50.0 50
6 -50.0 50
7 -50.0 50
8 -50.0 50
9 -50.0 50
10 -50.0 50
11 -50.0 50
12 -50.0 50
13 -50.0 50
14 -50.0 50
15 -50.0 50
16 -50.0 50
17 -50.0 50
18 -50.0 50
19 -50.0 50
20 -29.0 29
21 -50.0 50
22 -50.0 50
23 -50.0 50
24 -50.0 50
25 -50.0 50
26 -50.0 50
27 -50.0 50
28 -50.0 50
29 -50.0 50
30 -50.0 50
31 -50.0 50
32 -37.0 37
33 -35.0 35
34 -43.0 43
35 -50.0 50
36 -35.0 35
37 -50.0 50
38 -35.0 35
39 -16.0 16
40 -37.0 37
41 -50.0 50
42 -50.0 50
43 -39.0 39
44 -50.0 50
45 -20.0 20
46 -21.0 21
47 -14.0 14
48 -16.0 16
49 -50.0 50
50 -50.0 50
51 -50.0 50
52 -50.0 50
53 -27.0 27
54 -36.0 36
55 -12.0 12
56 -14.0 14
57 -12.0 12
58 -9.0 9
59 -9.0 9
0 -50.0 50
1 -50.0 50
2 -50.0 50
3 -50.0 50
4 -50.0 50
5 -50.0 50
6 -50.0 50
7 -35.0 35
8 -50.0 50
9 -50.0 50
10 -50.0 50
11 -50.0 50
12 -50.0 50
13 -50.0 50
14 -50.0 50
15 -50.0 50
16 -50.0 50
17 -50.0 50
18 -50.0 50
19 -50.0 50
20 -50.0 50
21 -50.0 50
22 -36.0 36
23 -50.0 50
24 -50.0 50
25 -50.0 50
26 -50.0 50
27 -50.0 50
28 -50.0 50
29 -50.0 50
30 -50.0 50
31 -30.0 30
32 -30.0 30
33 -50.0 50
34 -41.0 41
35 -50.0 50
36 -50.0 50
37 -42.0 42
38 -50.0 50
39 -50.0 50
40 -50.0 50
41 -50.0 50
42 -50.0 50
43 -50.0 50
44 -50.0 50
45 -22.0 22
46 -12.0 12
47 -12.0 12
48 -18.0 18
49 -27.0 27
50 -50.0 50
51 -50.0 50
52 -50.0 50
53 -27.0 27
54 -30.0 30
55 -50.0 50
56 -50.0 50
57 -14.0 14
58 -15.0 15
59 -15.0 15
0 -50.0 50
1 -50.0 50
2 -50.0 50
3 -50.0 50
4 -50.0 50
5 -50.0 50
6 -50.0 50
7 -50.0 50
8 -50.0 50
9 -50.0 50
10 -50.0 50
11 -50.0 50
12 -50.0 50
13 -50.0 50
14 -50.0 50
15 -50.0 50
16 -50.0 50
17 -50.0 50
18 -50.0 50
19 -50.0 50
20 -50.0 50
21 -50.0 50
22 -50.0 50
23 -50.0 50
24 -50.0 50
25 -50.0 50
26 -50.0 50
27 -50.0 50
28 -50.0 50
29 -50.0 50
30 -50.0 50
31 -50.0 50
32 -50.0 50
33 -46.0 46
34 -50.0 50
35 -50.0 50
36 -50.0 50
37 -50.0 50
38 -50.0 50
39 -50.0 50
40 -50.0 50
41 -50.0 50
42 -44.0 44
43 -50.0 50
44 -15.0 15
45 -50.0 50
46 -40.0 40
47 -9.0 9
48 -12.0 12
49 -12.0 12
50 -19.0 19
51 -38.0 38
52 -40.0 40
53 -9.0 9
54 -11.0 11
55 -10.0 10
56 -9.0 9
57 -9.0 9
58 -11.0 11
59 -12.0 12
0 -50.0 50
1 -50.0 50
2 -50.0 50
3 -50.0 50
4 -50.0 50
5 -50.0 50
6 -50.0 50
7 -50.0 50
8 -50.0 50
9 -27.0 27
10 -50.0 50
11 -50.0 50
12 -50.0 50
13 -50.0 50
14 -50.0 50
15 -50.0 50
16 -50.0 50
17 -50.0 50
18 -50.0 50
19 -50.0 50
20 -50.0 50
21 -50.0 50
22 -50.0 50
23 -50.0 50
24 -50.0 50
25 -50.0 50
26 -50.0 50
27 -50.0 50
28 -50.0 50
29 -50.0 50
30 -29.0 29
31 -50.0 50
32 -50.0 50
33 -50.0 50
34 -50.0 50
35 -50.0 50
36 -50.0 50
37 -27.0 27
38 -34.0 34
39 -50.0 50
40 -50.0 50
41 -50.0 50
42 -50.0 50
43 -50.0 50
44 -34.0 34
45 -50.0 50
46 -27.0 27
47 -50.0 50
48 -21.0 21
49 -10.0 10
50 -11.0 11
51 -20.0 20
52 -50.0 50
53 -11.0 11
54 -13.0 13
55 -9.0 9
56 -9.0 9
57 -9.0 9
58 -11.0 11
59 -16.0 16
0 -50.0 50
1 -50.0 50
2 -50.0 50
3 -50.0 50
4 -50.0 50
5 -50.0 50
6 -50.0 50
7 -50.0 50
8 -50.0 50
9 -50.0 50
10 -50.0 50
11 -50.0 50
12 -50.0 50
13 -50.0 50
14 -50.0 50
15 -50.0 50
16 -50.0 50
17 -50.0 50
18 -50.0 50
19 -50.0 50
20 -50.0 50
21 -50.0 50
22 -50.0 50
23 -48.0 48
24 -50.0 50
25 -50.0 50
26 -50.0 50
27 -50.0 50
28 -50.0 50
29 -50.0 50
30 -50.0 50
31 -50.0 50
32 -20.0 20
33 -50.0 50
34 -30.0 30
35 -50.0 50
36 -50.0 50
37 -50.0 50
38 -50.0 50
39 -50.0 50
40 -50.0 50
41 -50.0 50
42 -46.0 46
43 -50.0 50
44 -50.0 50
45 -50.0 50
46 -25.0 25
47 -18.0 18
48 -15.0 15
49 -9.0 9
50 -11.0 11
51 -17.0 17
52 -19.0 19
53 -27.0 27
54 -50.0 50
55 -50.0 50
56 -50.0 50
57 -50.0 50
58 -14.0 14
59 -9.0 9
0 -50.0 50
1 -50.0 50
2 -50.0 50
3 -50.0 50
4 -50.0 50
5 -50.0 50
6 -50.0 50
7 -50.0 50
8 -50.0 50
9 -50.0 50
10 -50.0 50
11 -50.0 50
12 -50.0 50
13 -50.0 50
14 -50.0 50
15 -50.0 50
16 -50.0 50
17 -50.0 50
18 -50.0 50
19 -50.0 50
20 -50.0 50
21 -25.0 25
22 -50.0 50
23 -50.0 50
24 -50.0 50
25 -50.0 50
26 -50.0 50
27 -50.0 50
28 -50.0 50
29 -50.0 50
30 -50.0 50
31 -50.0 50
32 -50.0 50
33 -50.0 50
34 -50.0 50
35 -50.0 50
36 -50.0 50
37 -50.0 50
38 -37.0 37
39 -50.0 50
40 -50.0 50
41 -50.0 50
42 -50.0 50
43 -50.0 50
44 -50.0 50
45 -36.0 36
46 -41.0 41
47 -11.0 11
48 -17.0 17
49 -26.0 26
50 -19.0 19
51 -50.0 50
52 -50.0 50
53 -50.0 50
54 -50.0 50
55 -50.0 50
56 -34.0 34
57 -15.0 15
58 -15.0 15
59 -16.0 16
0 -50.0 50
1 -50.0 50
2 -50.0 50
3 -50.0 50
4 -50.0 50
5 -50.0 50
6 -21.0 21
7 -50.0 50
8 -50.0 50
9 -50.0 50
10 -50.0 50
11 -50.0 50
12 -50.0 50
13 -50.0 50
14 -50.0 50
15 -50.0 50
16 -50.0 50
17 -50.0 50
18 -50.0 50
19 -50.0 50
20 -50.0 50
21 -50.0 50
22 -50.0 50
23 -50.0 50
24 -50.0 50
25 -49.0 49
26 -50.0 50
27 -50.0 50
28 -50.0 50
29 -21.0 21
30 -50.0 50
31 -50.0 50
32 -50.0 50
33 -50.0 50
34 -50.0 50
35 -50.0 50
36 -37.0 37
37 -26.0 26
38 -50.0 50
39 -50.0 50
40 -50.0 50
41 -50.0 50
42 -50.0 50
43 -50.0 50
44 -13.0 13
45 -21.0 21
46 -50.0 50
47 -25.0 25
48 -50.0 50
49 -9.0 9
50 -9.0 9
51 -11.0 11
52 -15.0 15
53 -14.0 14
54 -14.0 14
55 -11.0 11
56 -13.0 13
57 -31.0 31
58 -9.0 9
59 -11.0 11
0 -50.0 50
1 -50.0 50
2 -50.0 50
3 -50.0 50
4 -34.0 34
5 -50.0 50
6 -50.0 50
7 -50.0 50
8 -50.0 50
9 -50.0 50
10 -50.0 50
11 -50.0 50
12 -50.0 50
13 -50.0 50
14 -50.0 50
15 -50.0 50
16 -50.0 50
17 -50.0 50
18 -50.0 50
19 -50.0 50
20 -50.0 50
21 -50.0 50
22 -50.0 50
23 -27.0 27
24 -50.0 50
25 -50.0 50
26 -50.0 50
27 -50.0 50
28 -50.0 50
29 -50.0 50
30 -50.0 50
31 -50.0 50
32 -50.0 50
33 -50.0 50
34 -50.0 50
35 -50.0 50
36 -50.0 50
37 -41.0 41
38 -28.0 28
39 -15.0 15
40 -15.0 15
41 -50.0 50
42 -50.0 50
43 -50.0 50
44 -50.0 50
45 -50.0 50
46 -50.0 50
47 -50.0 50
48 -50.0 50
49 -29.0 29
50 -14.0 14
51 -18.0 18
52 -24.0 24
53 -25.0 25
54 -15.0 15
55 -17.0 17
56 -16.0 16
57 -17.0 17
58 -14.0 14
59 -14.0 14
0 -50.0 50
1 -50.0 50
2 -50.0 50
3 -50.0 50
4 -38.0 38
5 -50.0 50
6 -50.0 50
7 -50.0 50
8 -50.0 50
9 -50.0 50
10 -50.0 50
11 -50.0 50
12 -50.0 50
13 -50.0 50
14 -50.0 50
15 -50.0 50
16 -50.0 50
17 -50.0 50
18 -50.0 50
19 -50.0 50
20 -50.0 50
21 -50.0 50
22 -50.0 50
23 -50.0 50
24 -50.0 50
25 -50.0 50
26 -50.0 50
27 -50.0 50
28 -50.0 50
29 -50.0 50
30 -50.0 50
31 -50.0 50
32 -50.0 50
33 -50.0 50
34 -41.0 41
35 -50.0 50
36 -50.0 50
37 -50.0 50
38 -29.0 29
39 -30.0 30
40 -50.0 50
41 -26.0 26
42 -18.0 18
43 -30.0 30
44 -31.0 31
45 -50.0 50
46 -18.0 18
47 -50.0 50
48 -15.0 15
49 -11.0 11
50 -11.0 11
51 -11.0 11
52 -12.0 12
53 -16.0 16
54 -10.0 10
55 -11.0 11
56 -10.0 10
57 -11.0 11
58 -46.0 46
59 -9.0 9
0 -50.0 50
1 -50.0 50
2 -50.0 50
3 -50.0 50
4 -50.0 50
5 -50.0 50
6 -50.0 50
7 -50.0 50
8 -50.0 50
9 -50.0 50
10 -50.0 50
11 -50.0 50
12 -50.0 50
13 -50.0 50
14 -50.0 50
15 -50.0 50
16 -50.0 50
17 -46.0 46
18 -50.0 50
19 -50.0 50
20 -50.0 50
21 -50.0 50
22 -50.0 50
23 -50.0 50
24 -50.0 50
25 -50.0 50
26 -50.0 50
27 -50.0 50
28 -50.0 50
29 -50.0 50
30 -50.0 50
31 -50.0 50
32 -41.0 41
33 -50.0 50
34 -43.0 43
35 -50.0 50
36 -50.0 50
37 -50.0 50
38 -50.0 50
39 -50.0 50
40 -50.0 50
41 -50.0 50
42 -50.0 50
43 -50.0 50
44 -29.0 29
45 -50.0 50
46 -21.0 21
47 -14.0 14
48 -50.0 50
49 -25.0 25
50 -15.0 15
51 -16.0 16
52 -14.0 14
53 -14.0 14
54 -12.0 12
55 -13.0 13
56 -12.0 12
57 -16.0 16
58 -9.0 9
59 -9.0 9
0 -50.0 50
1 -50.0 50
2 -50.0 50
3 -50.0 50
4 -50.0 50
5 -50.0 50
6 -50.0 50
7 -50.0 50
8 -50.0 50
9 -50.0 50
10 -50.0 50
11 -50.0 50
12 -50.0 50
13 -47.0 47
14 -50.0 50
15 -50.0 50
16 -50.0 50
17 -50.0 50
18 -50.0 50
19 -50.0 50
20 -50.0 50
21 -50.0 50
22 -50.0 50
23 -50.0 50
24 -50.0 50
25 -50.0 50
26 -50.0 50
27 -50.0 50
28 -50.0 50
29 -50.0 50
30 -50.0 50
31 -34.0 34
32 -50.0 50
33 -28.0 28
34 -22.0 22
35 -50.0 50
36 -50.0 50
37 -50.0 50
38 -37.0 37
39 -50.0 50
40 -50.0 50
41 -11.0 11
42 -13.0 13
43 -26.0 26
44 -50.0 50
45 -50.0 50
46 -50.0 50
47 -27.0 27
48 -50.0 50
49 -38.0 38
50 -40.0 40
51 -50.0 50
52 -50.0 50
53 -50.0 50
54 -18.0 18
55 -13.0 13
56 -14.0 14
57 -23.0 23
58 -22.0 22
59 -16.0 16
0 -50.0 50
1 -50.0 50
2 -50.0 50
3 -50.0 50
4 -50.0 50
5 -50.0 50
6 -50.0 50
7 -50.0 50
8 -45.0 45
9 -50.0 50
10 -50.0 50
11 -50.0 50
12 -50.0 50
13 -50.0 50
14 -50.0 50
15 -50.0 50
16 -50.0 50
17 -50.0 50
18 -50.0 50
19 -36.0 36
20 -50.0 50
21 -50.0 50
22 -50.0 50
23 -50.0 50
24 -50.0 50
25 -50.0 50
26 -50.0 50
27 -50.0 50
28 -30.0 30
29 -50.0 50
30 -50.0 50
31 -26.0 26
32 -50.0 50
33 -50.0 50
34 -50.0 50
35 -50.0 50
36 -50.0 50
37 -50.0 50
38 -50.0 50
39 -50.0 50
40 -37.0 37
41 -13.0 13
42 -14.0 14
43 -16.0 16
44 -45.0 45
45 -18.0 18
46 -38.0 38
47 -50.0 50
48 -50.0 50
49 -50.0 50
50 -15.0 15
51 -14.0 14
52 -37.0 37
53 -24.0 24
54 -28.0 28
55 -11.0 11
56 -10.0 10
57 -9.0 9
58 -9.0 9
59 -9.0 9
0 -50.0 50
1 -50.0 50
2 -50.0 50
3 -50.0 50
4 -50.0 50
5 -50.0 50
6 -50.0 50
7 -50.0 50
8 -50.0 50
9 -50.0 50
10 -50.0 50
11 -50.0 50
12 -50.0 50
13 -50.0 50
14 -50.0 50
15 -50.0 50
16 -50.0 50
17 -41.0 41
18 -50.0 50
19 -50.0 50
20 -50.0 50
21 -50.0 50
22 -50.0 50
23 -50.0 50
24 -50.0 50
25 -50.0 50
26 -50.0 50
27 -50.0 50
28 -50.0 50
29 -50.0 50
30 -50.0 50
31 -50.0 50
32 -25.0 25
33 -22.0 22
34 -50.0 50
35 -50.0 50
36 -50.0 50
37 -50.0 50
38 -50.0 50
39 -50.0 50
40 -50.0 50
41 -36.0 36
42 -50.0 50
43 -50.0 50
44 -50.0 50
45 -24.0 24
46 -18.0 18
47 -14.0 14
48 -10.0 10
49 -13.0 13
50 -12.0 12
51 -15.0 15
52 -13.0 13
53 -11.0 11
54 -11.0 11
55 -13.0 13
56 -15.0 15
57 -18.0 18
58 -16.0 16
59 -15.0 15
0 -50.0 50
1 -50.0 50
2 -50.0 50
3 -50.0 50
4 -50.0 50
5 -50.0 50
6 -50.0 50
7 -50.0 50
8 -50.0 50
9 -50.0 50
10 -50.0 50
11 -50.0 50
12 -50.0 50
13 -50.0 50
14 -50.0 50
15 -50.0 50
16 -50.0 50
17 -50.0 50
18 -50.0 50
19 -26.0 26
20 -50.0 50
21 -50.0 50
22 -50.0 50
23 -50.0 50
24 -50.0 50
25 -50.0 50
26 -50.0 50
27 -50.0 50
28 -50.0 50
29 -50.0 50
30 -24.0 24
31 -50.0 50
32 -50.0 50
33 -50.0 50
34 -50.0 50
35 -50.0 50
36 -50.0 50
37 -50.0 50
38 -50.0 50
39 -27.0 27
40 -14.0 14
41 -14.0 14
42 -50.0 50
43 -50.0 50
44 -24.0 24
45 -35.0 35
46 -50.0 50
47 -50.0 50
48 -36.0 36
49 -50.0 50
50 -11.0 11
51 -9.0 9
52 -9.0 9
53 -9.0 9
54 -12.0 12
55 -9.0 9
56 -9.0 9
57 -13.0 13
58 -13.0 13
59 -18.0 18
0 -50.0 50
1 -50.0 50
2 -50.0 50
3 -50.0 50
4 -50.0 50
5 -50.0 50
6 -50.0 50
7 -50.0 50
8 -50.0 50
9 -50.0 50
10 -50.0 50
11 -50.0 50
12 -50.0 50
13 -50.0 50
14 -50.0 50
15 -50.0 50
16 -50.0 50
17 -50.0 50
18 -25.0 25
19 -50.0 50
20 -50.0 50
21 -50.0 50
22 -50.0 50
23 -30.0 30
24 -50.0 50
25 -50.0 50
26 -50.0 50
27 -50.0 50
28 -50.0 50
29 -50.0 50
30 -50.0 50
31 -50.0 50
32 -50.0 50
33 -50.0 50
34 -50.0 50
35 -39.0 39
36 -50.0 50
37 -50.0 50
38 -50.0 50
39 -50.0 50
40 -50.0 50
41 -50.0 50
42 -50.0 50
43 -21.0 21
44 -14.0 14
45 -14.0 14
46 -19.0 19
47 -50.0 50
48 -50.0 50
49 -29.0 29
50 -50.0 50
51 -25.0 25
52 -50.0 50
53 -50.0 50
54 -50.0 50
55 -50.0 50
56 -45.0 45
57 -12.0 12
58 -9.0 9
59 -9.0 9
0 -50.0 50
1 -50.0 50
2 -50.0 50
3 -50.0 50
4 -50.0 50
5 -50.0 50
6 -50.0 50
7 -50.0 50
8 -50.0 50
9 -50.0 50
10 -50.0 50
11 -50.0 50
12 -50.0 50
13 -50.0 50
14 -50.0 50
15 -50.0 50
16 -50.0 50
17 -50.0 50
18 -50.0 50
19 -50.0 50
20 -50.0 50
21 -50.0 50
22 -50.0 50
23 -50.0 50
24 -50.0 50
25 -50.0 50
26 -45.0 45
27 -50.0 50
28 -50.0 50
29 -50.0 50
30 -50.0 50
31 -50.0 50
32 -50.0 50
33 -50.0 50
34 -50.0 50
35 -50.0 50
36 -50.0 50
37 -50.0 50
38 -50.0 50
39 -50.0 50
40 -50.0 50
41 -38.0 38
42 -35.0 35
43 -50.0 50
44 -50.0 50
45 -24.0 24
46 -22.0 22
47 -33.0 33
48 -50.0 50
49 -23.0 23
50 -21.0 21
51 -50.0 50
52 -23.0 23
53 -12.0 12
54 -9.0 9
55 -13.0 13
56 -28.0 28
57 -13.0 13
58 -50.0 50
59 -9.0 9
0 -50.0 50
1 -41.0 41
2 -50.0 50
3 -50.0 50
4 -50.0 50
5 -50.0 50
6 -50.0 50
7 -50.0 50
8 -50.0 50
9 -50.0 50
10 -50.0 50
11 -50.0 50
12 -50.0 50
13 -50.0 50
14 -50.0 50
15 -50.0 50
16 -50.0 50
17 -50.0 50
18 -50.0 50
19 -50.0 50
20 -50.0 50
21 -50.0 50
22 -12.0 12
23 -50.0 50
24 -50.0 50
25 -50.0 50
26 -50.0 50
27 -50.0 50
28 -50.0 50
29 -41.0 41
30 -40.0 40
31 -17.0 17
32 -50.0 50
33 -20.0 20
34 -50.0 50
35 -50.0 50
36 -50.0 50
37 -50.0 50
38 -50.0 50
39 -50.0 50
40 -46.0 46
41 -50.0 50
42 -50.0 50
43 -50.0 50
44 -50.0 50
45 -50.0 50
46 -50.0 50
47 -15.0 15
48 -13.0 13
49 -23.0 23
50 -26.0 26
51 -50.0 50
52 -37.0 37
53 -50.0 50
54 -50.0 50
55 -33.0 33
56 -18.0 18
57 -19.0 19
58 -17.0 17
59 -16.0 16
0 -50.0 50
1 -50.0 50
2 -50.0 50
3 -50.0 50
4 -50.0 50
5 -50.0 50
6 -46.0 46
7 -50.0 50
8 -50.0 50
9 -50.0 50
10 -50.0 50
11 -50.0 50
12 -50.0 50
13 -50.0 50
14 -50.0 50
15 -50.0 50
16 -50.0 50
17 -19.0 19
18 -50.0 50
19 -50.0 50
20 -50.0 50
21 -50.0 50
22 -50.0 50
23 -50.0 50
24 -50.0 50
25 -50.0 50
26 -50.0 50
27 -50.0 50
28 -50.0 50
29 -50.0 50
30 -50.0 50
31 -50.0 50
32 -50.0 50
33 -50.0 50
34 -50.0 50
35 -50.0 50
36 -50.0 50
37 -50.0 50
38 -26.0 26
39 -50.0 50
40 -50.0 50
41 -50.0 50
42 -50.0 50
43 -50.0 50
44 -24.0 24
45 -17.0 17
46 -41.0 41
47 -11.0 11
48 -9.0 9
49 -9.0 9
50 -17.0 17
51 -16.0 16
52 -15.0 15
53 -50.0 50
54 -50.0 50
55 -38.0 38
56 -11.0 11
57 -11.0 11
58 -9.0 9
59 -9.0 9
0 -50.0 50
1 -50.0 50
2 -50.0 50
3 -50.0 50
4 -50.0 50
5 -50.0 50
6 -50.0 50
7 -50.0 50
8 -50.0 50
9 -50.0 50
10 -50.0 50
11 -50.0 50
12 -50.0 50
13 -50.0 50
14 -50.0 50
15 -50.0 50
16 -50.0 50
17 -50.0 50
18 -50.0 50
19 -50.0 50
20 -50.0 50
21 -24.0 24
22 -50.0 50
23 -29.0 29
24 -50.0 50
25 -50.0 50
26 -50.0 50
27 -50.0 50
28 -50.0 50
29 -50.0 50
30 -50.0 50
31 -50.0 50
32 -47.0 47
33 -50.0 50
34 -50.0 50
35 -50.0 50
36 -50.0 50
37 -50.0 50
38 -50.0 50
39 -50.0 50
40 -50.0 50
41 -50.0 50
42 -50.0 50
43 -50.0 50
44 -13.0 13
45 -17.0 17
46 -50.0 50
47 -11.0 11
48 -15.0 15
49 -20.0 20
50 -28.0 28
51 -50.0 50
52 -43.0 43
53 -50.0 50
54 -50.0 50
55 -50.0 50
56 -15.0 15
57 -15.0 15
58 -15.0 15
59 -14.0 14
0 -50.0 50
1 -50.0 50
2 -50.0 50
3 -50.0 50
4 -50.0 50
5 -50.0 50
6 -50.0 50
7 -50.0 50
8 -50.0 50
9 -50.0 50
10 -50.0 50
11 -50.0 50
12 -50.0 50
13 -50.0 50
14 -50.0 50
15 -50.0 50
16 -50.0 50
17 -42.0 42
18 -50.0 50
19 -50.0 50
20 -50.0 50
21 -50.0 50
22 -50.0 50
23 -50.0 50
24 -50.0 50
25 -50.0 50
26 -50.0 50
27 -50.0 50
28 -50.0 50
29 -50.0 50
30 -44.0 44
31 -50.0 50
32 -50.0 50
33 -50.0 50
34 -50.0 50
35 -50.0 50
36 -50.0 50
37 -50.0 50
38 -20.0 20
39 -50.0 50
40 -50.0 50
41 -50.0 50
42 -50.0 50
43 -31.0 31
44 -20.0 20
45 -12.0 12
46 -42.0 42
47 -12.0 12
48 -9.0 9
49 -10.0 10
50 -11.0 11
51 -11.0 11
52 -19.0 19
53 -23.0 23
54 -18.0 18
55 -9.0 9
56 -15.0 15
57 -13.0 13
58 -17.0 17
59 -22.0 22
0 -50.0 50
1 -50.0 50
2 -50.0 50
3 -50.0 50
4 -50.0 50
5 -50.0 50
6 -50.0 50
7 -50.0 50
8 -50.0 50
9 -50.0 50
10 -50.0 50
11 -50.0 50
12 -50.0 50
13 -50.0 50
14 -50.0 50
15 -39.0 39
16 -50.0 50
17 -50.0 50
18 -50.0 50
19 -50.0 50
20 -50.0 50
21 -50.0 50
22 -50.0 50
23 -50.0 50
24 -50.0 50
25 -50.0 50
26 -26.0 26
27 -50.0 50
28 -50.0 50
29 -50.0 50
30 -50.0 50
31 -50.0 50
32 -50.0 50
33 -40.0 40
34 -50.0 50
35 -50.0 50
36 -50.0 50
37 -50.0 50
38 -15.0 15
39 -50.0 50
40 -22.0 22
41 -50.0 50
42 -50.0 50
43 -50.0 50
44 -50.0 50
45 -50.0 50
46 -50.0 50
47 -43.0 43
48 -27.0 27
49 -50.0 50
50 -20.0 20
51 -13.0 13
52 -25.0 25
53 -50.0 50
54 -15.0 15
55 -10.0 10
56 -9.0 9
57 -9.0 9
58 -9.0 9
59 -11.0 11
0 -50.0 50
1 -50.0 50
2 -50.0 50
3 -26.0 26
4 -50.0 50
5 -50.0 50
6 -50.0 50
7 -50.0 50
8 -50.0 50
9 -50.0 50
10 -50.0 50
11 -50.0 50
12 -50.0 50
13 -50.0 50
14 -50.0 50
15 -50.0 50
16 -50.0 50
17 -50.0 50
18 -50.0 50
19 -50.0 50
20 -50.0 50
21 -50.0 50
22 -50.0 50
23 -50.0 50
24 -50.0 50
25 -50.0 50
26 -50.0 50
27 -50.0 50
28 -50.0 50
29 -50.0 50
30 -50.0 50
31 -48.0 48
32 -50.0 50
33 -50.0 50
34 -49.0 49
35 -50.0 50
36 -50.0 50
37 -50.0 50
38 -50.0 50
39 -50.0 50
40 -50.0 50
41 -50.0 50
42 -50.0 50
43 -16.0 16
44 -15.0 15
45 -12.0 12
46 -11.0 11
47 -11.0 11
48 -15.0 15
49 -42.0 42
50 -9.0 9
51 -13.0 13
52 -16.0 16
53 -50.0 50
54 -50.0 50
55 -50.0 50
56 -21.0 21
57 -11.0 11
58 -11.0 11
59 -11.0 11
0 -50.0 50
1 -50.0 50
2 -50.0 50
3 -50.0 50
4 -43.0 43
5 -50.0 50
6 -50.0 50
7 -50.0 50
8 -50.0 50
9 -50.0 50
10 -50.0 50
11 -50.0 50
12 -50.0 50
13 -50.0 50
14 -50.0 50
15 -50.0 50
16 -50.0 50
17 -50.0 50
18 -50.0 50
19 -50.0 50
20 -50.0 50
21 -50.0 50
22 -50.0 50
23 -50.0 50
24 -50.0 50
25 -50.0 50
26 -50.0 50
27 -50.0 50
28 -28.0 28
29 -50.0 50
30 -50.0 50
31 -50.0 50
32 -50.0 50
33 -50.0 50
34 -37.0 37
35 -50.0 50
36 -33.0 33
37 -50.0 50
38 -50.0 50
39 -50.0 50
40 -50.0 50
41 -26.0 26
42 -50.0 50
43 -50.0 50
44 -50.0 50
45 -13.0 13
46 -50.0 50
47 -50.0 50
48 -29.0 29
49 -15.0 15
50 -9.0 9
51 -17.0 17
52 -15.0 15
53 -14.0 14
54 -11.0 11
55 -18.0 18
56 -9.0 9
57 -9.0 9
58 -9.0 9
59 -11.0 11
0 -50.0 50
1 -50.0 50
2 -50.0 50
3 -50.0 50
4 -50.0 50
5 -50.0 50
6 -50.0 50
7 -50.0 50
8 -50.0 50
9 -50.0 50
10 -50.0 50
11 -50.0 50
12 -50.0 50
13 -50.0 50
14 -50.0 50
15 -50.0 50
16 -31.0 31
17 -50.0 50
18 -27.0 27
19 -50.0 50
20 -50.0 50
21 -50.0 50
22 -50.0 50
23 -50.0 50
24 -50.0 50
25 -50.0 50
26 -50.0 50
27 -50.0 50
28 -50.0 50
29 -50.0 50
30 -44.0 44
31 -50.0 50
32 -50.0 50
33 -50.0 50
34 -50.0 50
35 -27.0 27
36 -50.0 50
37 -50.0 50
38 -50.0 50
39 -50.0 50
40 -50.0 50
41 -50.0 50
42 -20.0 20
43 -18.0 18
44 -47.0 47
45 -50.0 50
46 -50.0 50
47 -50.0 50
48 -16.0 16
49 -11.0 11
50 -16.0 16
51 -12.0 12
52 -11.0 11
53 -9.0 9
54 -11.0 11
55 -10.0 10
56 -12.0 12
57 -11.0 11
58 -15.0 15
59 -32.0 32
0 -50.0 50
1 -50.0 50
2 -50.0 50
3 -50.0 50
4 -50.0 50
5 -50.0 50
6 -50.0 50
7 -50.0 50
8 -50.0 50
9 -50.0 50
10 -50.0 50
11 -50.0 50
12 -50.0 50
13 -50.0 50
14 -50.0 50
15 -50.0 50
16 -50.0 50
17 -50.0 50
18 -50.0 50
19 -50.0 50
20 -42.0 42
21 -50.0 50
22 -50.0 50
23 -41.0 41
24 -50.0 50
25 -50.0 50
26 -50.0 50
27 -50.0 50
28 -29.0 29
29 -50.0 50
30 -50.0 50
31 -50.0 50
32 -50.0 50
33 -50.0 50
34 -38.0 38
35 -37.0 37
36 -50.0 50
37 -16.0 16
38 -22.0 22
39 -50.0 50
40 -50.0 50
41 -46.0 46
42 -44.0 44
43 -50.0 50
44 -50.0 50
45 -50.0 50
46 -50.0 50
47 -50.0 50
48 -12.0 12
49 -10.0 10
50 -9.0 9
51 -9.0 9
52 -14.0 14
53 -24.0 24
54 -15.0 15
55 -30.0 30
56 -10.0 10
57 -10.0 10
58 -9.0 9
59 -9.0 9
0 -50.0 50
1 -50.0 50
2 -50.0 50
3 -50.0 50
4 -50.0 50
5 -50.0 50
6 -50.0 50
7 -50.0 50
8 -50.0 50
9 -50.0 50
10 -50.0 50
11 -50.0 50
12 -50.0 50
13 -50.0 50
14 -50.0 50
15 -50.0 50
16 -44.0 44
17 -50.0 50
18 -50.0 50
19 -50.0 50
20 -50.0 50
21 -50.0 50
22 -50.0 50
23 -50.0 50
24 -50.0 50
25 -50.0 50
26 -50.0 50
27 -50.0 50
28 -50.0 50
29 -50.0 50
30 -50.0 50
31 -50.0 50
32 -50.0 50
33 -50.0 50
34 -23.0 23
35 -14.0 14
36 -27.0 27
37 -50.0 50
38 -50.0 50
39 -50.0 50
40 -39.0 39
41 -41.0 41
42 -50.0 50
43 -50.0 50
44 -50.0 50
45 -50.0 50
46 -50.0 50
47 -50.0 50
48 -50.0 50
49 -50.0 50
50 -50.0 50
51 -50.0 50
52 -50.0 50
53 -50.0 50
54 -50.0 50
55 -50.0 50
56 -40.0 40
57 -50.0 50
58 -50.0 50
59 -42.0 42
0 -50.0 50
1 -50.0 50
2 -50.0 50
3 -50.0 50
4 -50.0 50
5 -50.0 50
6 -50.0 50
7 -50.0 50
8 -50.0 50
9 -50.0 50
10 -50.0 50
11 -50.0 50
12 -50.0 50
13 -50.0 50
14 -50.0 50
15 -50.0 50
16 -50.0 50
17 -50.0 50
18 -49.0 49
19 -50.0 50
20 -50.0 50
21 -50.0 50
22 -50.0 50
23 -50.0 50
24 -50.0 50
25 -50.0 50
26 -50.0 50
27 -50.0 50
28 -48.0 48
29 -50.0 50
30 -50.0 50
31 -50.0 50
32 -26.0 26
33 -50.0 50
34 -50.0 50
35 -50.0 50
36 -50.0 50
37 -50.0 50
38 -44.0 44
39 -26.0 26
40 -50.0 50
41 -50.0 50
42 -30.0 30
43 -13.0 13
44 -14.0 14
45 -14.0 14
46 -39.0 39
47 -23.0 23
48 -50.0 50
49 -23.0 23
50 -21.0 21
51 -9.0 9
52 -9.0 9
53 -9.0 9
54 -9.0 9
55 -9.0 9
56 -11.0 11
57 -13.0 13
58 -11.0 11
59 -19.0 19
0 -50.0 50
1 -50.0 50
2 -50.0 50
3 -50.0 50
4 -50.0 50
5 -50.0 50
6 -50.0 50
7 -50.0 50
8 -50.0 50
9 -50.0 50
10 -36.0 36
11 -50.0 50
12 -50.0 50
13 -50.0 50
14 -50.0 50
15 -50.0 50
16 -50.0 50
17 -50.0 50
18 -50.0 50
19 -50.0 50
20 -41.0 41
21 -50.0 50
22 -50.0 50
23 -50.0 50
24 -50.0 50
25 -50.0 50
26 -50.0 50
27 -50.0 50
28 -50.0 50
29 -50.0 50
30 -47.0 47
31 -50.0 50
32 -50.0 50
33 -50.0 50
34 -50.0 50
35 -50.0 50
36 -49.0 49
37 -50.0 50
38 -50.0 50
39 -50.0 50
40 -50.0 50
41 -50.0 50
42 -50.0 50
43 -50.0 50
44 -50.0 50
45 -18.0 18
46 -18.0 18
47 -22.0 22
48 -31.0 31
49 -13.0 13
50 -22.0 22
51 -24.0 24
52 -50.0 50
53 -35.0 35
54 -14.0 14
55 -14.0 14
56 -13.0 13
57 -13.0 13
58 -15.0 15
59 -12.0 12
0 -50.0 50
1 -50.0 50
2 -50.0 50
3 -50.0 50
4 -50.0 50
5 -50.0 50
6 -50.0 50
7 -50.0 50
8 -50.0 50
9 -50.0 50
10 -50.0 50
11 -50.0 50
12 -50.0 50
13 -50.0 50
14 -45.0 45
15 -50.0 50
16 -50.0 50
17 -50.0 50
18 -50.0 50
19 -50.0 50
20 -50.0 50
21 -50.0 50
22 -50.0 50
23 -50.0 50
24 -50.0 50
25 -31.0 31
26 -50.0 50
27 -50.0 50
28 -50.0 50
29 -50.0 50
30 -50.0 50
31 -50.0 50
32 -50.0 50
33 -50.0 50
34 -20.0 20
35 -50.0 50
36 -50.0 50
37 -50.0 50
38 -50.0 50
39 -50.0 50
40 -50.0 50
41 -18.0 18
42 -50.0 50
43 -18.0 18
44 -50.0 50
45 -18.0 18
46 -17.0 17
47 -37.0 37
48 -50.0 50
49 -50.0 50
50 -13.0 13
51 -10.0 10
52 -11.0 11
53 -29.0 29
54 -14.0 14
55 -11.0 11
56 -9.0 9
57 -11.0 11
58 -9.0 9
59 -9.0 9
0 -50.0 50
1 -50.0 50
2 -50.0 50
3 -50.0 50
4 -50.0 50
5 -50.0 50
6 -50.0 50
7 -50.0 50
8 -50.0 50
9 -50.0 50
10 -50.0 50
11 -50.0 50
12 -50.0 50
13 -50.0 50
14 -50.0 50
15 -50.0 50
16 -50.0 50
17 -50.0 50
18 -50.0 50
19 -50.0 50
20 -50.0 50
21 -50.0 50
22 -50.0 50
23 -32.0 32
24 -50.0 50
25 -50.0 50
26 -43.0 43
27 -50.0 50
28 -50.0 50
29 -50.0 50
30 -50.0 50
31 -50.0 50
32 -50.0 50
33 -50.0 50
34 -50.0 50
35 -50.0 50
36 -50.0 50
37 -50.0 50
38 -50.0 50
39 -50.0 50
40 -50.0 50
41 -50.0 50
42 -50.0 50
43 -24.0 24
44 -28.0 28
45 -14.0 14
46 -50.0 50
47 -50.0 50
48 -50.0 50
49 -50.0 50
50 -34.0 34
51 -50.0 50
52 -17.0 17
53 -20.0 20
54 -20.0 20
55 -17.0 17
56 -18.0 18
57 -16.0 16
58 -15.0 15
59 -17.0 17
0 -50.0 50
1 -50.0 50
2 -50.0 50
3 -50.0 50
4 -50.0 50
5 -50.0 50
6 -50.0 50
7 -50.0 50
8 -50.0 50
9 -50.0 50
10 -50.0 50
11 -50.0 50
12 -50.0 50
13 -50.0 50
14 -50.0 50
15 -50.0 50
16 -50.0 50
17 -50.0 50
18 -50.0 50
19 -50.0 50
20 -50.0 50
21 -50.0 50
22 -50.0 50
23 -50.0 50
24 -50.0 50
25 -50.0 50
26 -50.0 50
27 -50.0 50
28 -50.0 50
29 -50.0 50
30 -50.0 50
31 -25.0 25
32 -50.0 50
33 -50.0 50
34 -40.0 40
35 -50.0 50
36 -50.0 50
37 -22.0 22
38 -50.0 50
39 -50.0 50
40 -20.0 20
41 -50.0 50
42 -48.0 48
43 -50.0 50
44 -11.0 11
45 -15.0 15
46 -11.0 11
47 -9.0 9
48 -9.0 9
49 -12.0 12
50 -24.0 24
51 -35.0 35
52 -31.0 31
53 -50.0 50
54 -33.0 33
55 -15.0 15
56 -14.0 14
57 -15.0 15
58 -11.0 11
59 -9.0 9
0 -50.0 50
1 -50.0 50
2 -50.0 50
3 -50.0 50
4 -50.0 50
5 -50.0 50
6 -50.0 50
7 -50.0 50
8 -50.0 50
9 -50.0 50
10 -50.0 50
11 -50.0 50
12 -50.0 50
13 -50.0 50
14 -50.0 50
15 -50.0 50
16 -50.0 50
17 -50.0 50
18 -50.0 50
19 -50.0 50
20 -50.0 50
21 -50.0 50
22 -50.0 50
23 -50.0 50
24 -50.0 50
25 -50.0 50
26 -50.0 50
27 -16.0 16
28 -39.0 39
29 -50.0 50
30 -50.0 50
31 -50.0 50
32 -50.0 50
33 -50.0 50
34 -50.0 50
35 -26.0 26
36 -50.0 50
37 -30.0 30
38 -50.0 50
39 -50.0 50
40 -50.0 50
41 -50.0 50
42 -22.0 22
43 -50.0 50
44 -50.0 50
45 -32.0 32
46 -50.0 50
47 -50.0 50
48 -11.0 11
49 -13.0 13
50 -16.0 16
51 -14.0 14
52 -14.0 14
53 -20.0 20
54 -49.0 49
55 -9.0 9
56 -9.0 9
57 -9.0 9
58 -9.0 9
59 -10.0 10
0 -50.0 50
1 -50.0 50
2 -50.0 50
3 -50.0 50
4 -50.0 50
5 -50.0 50
6 -48.0 48
7 -50.0 50
8 -50.0 50
9 -50.0 50
10 -50.0 50
11 -50.0 50
12 -50.0 50
13 -50.0 50
14 -50.0 50
15 -50.0 50
16 -50.0 50
17 -50.0 50
18 -50.0 50
19 -50.0 50
20 -50.0 50
21 -50.0 50
22 -50.0 50
23 -50.0 50
24 -50.0 50
25 -50.0 50
26 -50.0 50
27 -18.0 18
28 -22.0 22
29 -50.0 50
30 -50.0 50
31 -50.0 50
32 -50.0 50
33 -50.0 50
34 -50.0 50
35 -50.0 50
36 -50.0 50
37 -50.0 50
38 -50.0 50
39 -50.0 50
40 -50.0 50
41 -50.0 50
42 -50.0 50
43 -37.0 37
44 -50.0 50
45 -50.0 50
46 -15.0 15
47 -14.0 14
48 -15.0 15
49 -17.0 17
50 -10.0 10
51 -11.0 11
52 -21.0 21
53 -41.0 41
54 -9.0 9
55 -11.0 11
56 -18.0 18
57 -32.0 32
58 -49.0 49
59 -10.0 10
0 -50.0 50
1 -50.0 50
2 -50.0 50
3 -50.0 50
4 -50.0 50
5 -50.0 50
6 -32.0 32
7 -50.0 50
8 -50.0 50
9 -50.0 50
10 -50.0 50
11 -50.0 50
12 -50.0 50
13 -50.0 50
14 -50.0 50
15 -50.0 50
16 -50.0 50
17 -50.0 50
18 -50.0 50
19 -50.0 50
20 -50.0 50
21 -50.0 50
22 -22.0 22
23 -50.0 50
24 -50.0 50
25 -50.0 50
26 -50.0 50
27 -50.0 50
28 -50.0 50
29 -50.0 50
30 -50.0 50
31 -39.0 39
32 -50.0 50
33 -50.0 50
34 -50.0 50
35 -50.0 50
36 -50.0 50
37 -50.0 50
38 -22.0 22
39 -22.0 22
40 -50.0 50
41 -24.0 24
42 -50.0 50
43 -26.0 26
44 -50.0 50
45 -50.0 50
46 -50.0 50
47 -50.0 50
48 -50.0 50
49 -42.0 42
50 -50.0 50
51 -50.0 50
52 -23.0 23
53 -18.0 18
54 -13.0 13
55 -13.0 13
56 -9.0 9
57 -9.0 9
58 -9.0 9
59 -14.0 14
0 -50.0 50
1 -50.0 50
2 -50.0 50
3 -50.0 50
4 -31.0 31
5 -50.0 50
6 -50.0 50
7 -50.0 50
8 -50.0 50
9 -50.0 50
10 -50.0 50
11 -50.0 50
12 -50.0 50
13 -50.0 50
14 -50.0 50
15 -50.0 50
16 -50.0 50
17 -50.0 50
18 -50.0 50
19 -50.0 50
20 -50.0 50
21 -50.0 50
22 -50.0 50
23 -50.0 50
24 -50.0 50
25 -50.0 50
26 -50.0 50
27 -50.0 50
28 -50.0 50
29 -50.0 50
30 -37.0 37
31 -50.0 50
32 -50.0 50
33 -50.0 50
34 -50.0 50
35 -50.0 50
36 -50.0 50
37 -31.0 31
38 -27.0 27
39 -50.0 50
40 -50.0 50
41 -50.0 50
42 -50.0 50
43 -27.0 27
44 -27.0 27
45 -50.0 50
46 -50.0 50
47 -11.0 11
48 -11.0 11
49 -35.0 35
50 -11.0 11
51 -10.0 10
52 -11.0 11
53 -14.0 14
54 -16.0 16
55 -18.0 18
56 -22.0 22
57 -9.0 9
58 -9.0 9
59 -9.0 9
0 -50.0 50
1 -50.0 50
2 -50.0 50
3 -50.0 50
4 -50.0 50
5 -50.0 50
6 -50.0 50
7 -50.0 50
8 -50.0 50
9 -50.0 50
10 -50.0 50
11 -50.0 50
12 -40.0 40
13 -50.0 50
14 -50.0 50
15 -50.0 50
16 -50.0 50
17 -50.0 50
18 -50.0 50
19 -50.0 50
20 -50.0 50
21 -50.0 50
22 -28.0 28
23 -50.0 50
24 -50.0 50
25 -50.0 50
26 -28.0 28
27 -50.0 50
28 -50.0 50
29 -50.0 50
30 -50.0 50
31 -50.0 50
32 -50.0 50
33 -50.0 50
34 -50.0 50
35 -50.0 50
36 -50.0 50
37 -50.0 50
38 -50.0 50
39 -50.0 50
40 -21.0 21
41 -17.0 17
42 -18.0 18
43 -50.0 50
44 -27.0 27
45 -35.0 35
46 -50.0 50
47 -50.0 50
48 -50.0 50
49 -50.0 50
50 -50.0 50
51 -46.0 46
52 -14.0 14
53 -19.0 19
54 -14.0 14
55 -18.0 18
56 -50.0 50
57 -18.0 18
58 -11.0 11
59 -9.0 9
0 -50.0 50
1 -50.0 50
2 -50.0 50
3 -50.0 50
4 -50.0 50
5 -50.0 50
6 -50.0 50
7 -50.0 50
8 -50.0 50
9 -50.0 50
10 -50.0 50
11 -50.0 50
12 -50.0 50
13 -50.0 50
14 -50.0 50
15 -50.0 50
16 -50.0 50
17 -50.0 50
18 -50.0 50
19 -50.0 50
20 -40.0 40
21 -50.0 50
22 -50.0 50
23 -50.0 50
24 -50.0 50
25 -50.0 50
26 -50.0 50
27 -50.0 50
28 -50.0 50
29 -29.0 29
30 -50.0 50
31 -22.0 22
32 -17.0 17
33 -50.0 50
34 -50.0 50
35 -50.0 50
36 -28.0 28
37 -50.0 50
38 -50.0 50
39 -50.0 50
40 -50.0 50
41 -26.0 26
42 -15.0 15
43 -17.0 17
44 -27.0 27
45 -50.0 50
46 -50.0 50
47 -34.0 34
48 -50.0 50
49 -50.0 50
50 -11.0 11
51 -13.0 13
52 -9.0 9
53 -9.0 9
54 -27.0 27
55 -23.0 23
56 -33.0 33
57 -43.0 43
58 -11.0 11
59 -9.0 9
0 -50.0 50
1 -47.0 47
2 -50.0 50
3 -50.0 50
4 -50.0 50
5 -50.0 50
6 -50.0 50
7 -50.0 50
8 -50.0 50
9 -50.0 50
10 -50.0 50
11 -50.0 50
12 -50.0 50
13 -50.0 50
14 -50.0 50
15 -50.0 50
16 -50.0 50
17 -50.0 50
18 -50.0 50
19 -50.0 50
20 -50.0 50
21 -50.0 50
22 -50.0 50
23 -50.0 50
24 -27.0 27
25 -50.0 50
26 -50.0 50
27 -50.0 50
28 -50.0 50
29 -50.0 50
30 -50.0 50
31 -50.0 50
32 -40.0 40
33 -50.0 50
34 -50.0 50
35 -32.0 32
36 -50.0 50
37 -50.0 50
38 -50.0 50
39 -50.0 50
40 -45.0 45
41 -17.0 17
42 -14.0 14
43 -17.0 17
44 -20.0 20
45 -50.0 50
46 -21.0 21
47 -50.0 50
48 -34.0 34
49 -50.0 50
50 -31.0 31
51 -22.0 22
52 -50.0 50
53 -50.0 50
54 -25.0 25
55 -9.0 9
56 -11.0 11
57 -14.0 14
58 -28.0 28
59 -9.0 9
0 -50.0 50
1 -50.0 50
2 -50.0 50
3 -50.0 50
4 -50.0 50
5 -50.0 50
6 -50.0 50
7 -50.0 50
8 -50.0 50
9 -50.0 50
10 -50.0 50
11 -50.0 50
12 -37.0 37
13 -50.0 50
14 -50.0 50
15 -50.0 50
16 -50.0 50
17 -50.0 50
18 -50.0 50
19 -50.0 50
20 -50.0 50
21 -50.0 50
22 -50.0 50
23 -50.0 50
24 -34.0 34
25 -50.0 50
26 -50.0 50
27 -50.0 50
28 -50.0 50
29 -50.0 50
30 -50.0 50
31 -50.0 50
32 -50.0 50
33 -38.0 38
34 -47.0 47
35 -50.0 50
36 -50.0 50
37 -50.0 50
38 -50.0 50
39 -50.0 50
40 -50.0 50
41 -50.0 50
42 -44.0 44
43 -50.0 50
44 -50.0 50
45 -17.0 17
46 -10.0 10
47 -17.0 17
48 -27.0 27
49 -39.0 39
50 -50.0 50
51 -9.0 9
52 -9.0 9
53 -9.0 9
54 -12.0 12
55 -14.0 14
56 -9.0 9
57 -15.0 15
58 -18.0 18
59 -11.0 11
0 -50.0 50
1 -50.0 50
2 -38.0 38
3 -50.0 50
4 -50.0 50
5 -50.0 50
6 -50.0 50
7 -50.0 50
8 -50.0 50
9 -50.0 50
10 -50.0 50
11 -50.0 50
12 -50.0 50
13 -50.0 50
14 -50.0 50
15 -50.0 50
16 -50.0 50
17 -50.0 50
18 -50.0 50
19 -50.0 50
20 -50.0 50
21 -50.0 50
22 -50.0 50
23 -50.0 50
24 -50.0 50
25 -50.0 50
26 -50.0 50
27 -31.0 31
28 -50.0 50
29 -50.0 50
30 -50.0 50
31 -35.0 35
32 -17.0 17
33 -50.0 50
34 -47.0 47
35 -50.0 50
36 -50.0 50
37 -50.0 50
38 -50.0 50
39 -50.0 50
40 -50.0 50
41 -50.0 50
42 -50.0 50
43 -50.0 50
44 -31.0 31
45 -50.0 50
46 -50.0 50
47 -47.0 47
48 -27.0 27
49 -50.0 50
50 -35.0 35
51 -16.0 16
52 -34.0 34
53 -18.0 18
54 -25.0 25
55 -50.0 50
56 -50.0 50
57 -50.0 50
58 -50.0 50
59 -50.0 50
0 -50.0 50
1 -50.0 50
2 -50.0 50
3 -50.0 50
4 -50.0 50
5 -50.0 50
6 -50.0 50
7 -50.0 50
8 -50.0 50
9 -50.0 50
10 -50.0 50
11 -50.0 50
12 -50.0 50
13 -50.0 50
14 -50.0 50
15 -50.0 50
16 -50.0 50
17 -50.0 50
18 -50.0 50
19 -50.0 50
20 -50.0 50
21 -50.0 50
22 -50.0 50
23 -32.0 32
24 -50.0 50
25 -36.0 36
26 -50.0 50
27 -50.0 50
28 -50.0 50
29 -50.0 50
30 -50.0 50
31 -50.0 50
32 -50.0 50
33 -50.0 50
34 -50.0 50
35 -50.0 50
36 -50.0 50
37 -50.0 50
38 -50.0 50
39 -50.0 50
40 -50.0 50
41 -50.0 50
42 -13.0 13
43 -20.0 20
44 -17.0 17
45 -50.0 50
46 -15.0 15
47 -12.0 12
48 -19.0 19
49 -19.0 19
50 -50.0 50
51 -18.0 18
52 -11.0 11
53 -18.0 18
54 -13.0 13
55 -9.0 9
56 -10.0 10
57 -15.0 15
58 -12.0 12
59 -50.0 50
0 -50.0 50
1 -50.0 50
2 -50.0 50
3 -50.0 50
4 -50.0 50
5 -50.0 50
6 -50.0 50
7 -50.0 50
8 -50.0 50
9 -50.0 50
10 -50.0 50
11 -50.0 50
12 -50.0 50
13 -50.0 50
14 -50.0 50
15 -50.0 50
16 -43.0 43
17 -50.0 50
18 -50.0 50
19 -50.0 50
20 -50.0 50
21 -50.0 50
22 -50.0 50
23 -50.0 50
24 -50.0 50
25 -50.0 50
26 -50.0 50
27 -43.0 43
28 -50.0 50
29 -50.0 50
30 -50.0 50
31 -50.0 50
32 -50.0 50
33 -50.0 50
34 -50.0 50
35 -50.0 50
36 -50.0 50
37 -50.0 50
38 -16.0 16
39 -23.0 23
40 -50.0 50
41 -35.0 35
42 -50.0 50
43 -50.0 50
44 -50.0 50
45 -50.0 50
46 -50.0 50
47 -39.0 39
48 -17.0 17
49 -20.0 20
50 -30.0 30
51 -50.0 50
52 -11.0 11
53 -13.0 13
54 -10.0 10
55 -11.0 11
56 -13.0 13
57 -11.0 11
58 -9.0 9
59 -11.0 11
0 -50.0 50
1 -50.0 50
2 -50.0 50
3 -50.0 50
4 -50.0 50
5 -50.0 50
6 -50.0 50
7 -50.0 50
8 -50.0 50
9 -50.0 50
10 -50.0 50
11 -50.0 50
12 -50.0 50
13 -50.0 50
14 -50.0 50
15 -46.0 46
16 -50.0 50
17 -50.0 50
18 -50.0 50
19 -50.0 50
20 -50.0 50
21 -46.0 46
22 -50.0 50
23 -49.0 49
24 -50.0 50
25 -50.0 50
26 -50.0 50
27 -50.0 50
28 -50.0 50
29 -50.0 50
30 -50.0 50
31 -50.0 50
32 -50.0 50
33 -50.0 50
34 -50.0 50
35 -50.0 50
36 -50.0 50
37 -30.0 30
38 -50.0 50
39 -50.0 50
40 -50.0 50
41 -50.0 50
42 -25.0 25
43 -50.0 50
44 -17.0 17
45 -10.0 10
46 -11.0 11
47 -11.0 11
48 -14.0 14
49 -16.0 16
50 -14.0 14
51 -16.0 16
52 -19.0 19
53 -22.0 22
54 -17.0 17
55 -9.0 9
56 -9.0 9
57 -9.0 9
58 -9.0 9
59 -13.0 13
0 -50.0 50
1 -50.0 50
2 -50.0 50
3 -50.0 50
4 -50.0 50
5 -50.0 50
6 -50.0 50
7 -50.0 50
8 -50.0 50
9 -50.0 50
10 -50.0 50
11 -50.0 50
12 -50.0 50
13 -50.0 50
14 -50.0 50
15 -50.0 50
16 -50.0 50
17 -50.0 50
18 -40.0 40
19 -50.0 50
20 -50.0 50
21 -50.0 50
22 -50.0 50
23 -50.0 50
24 -50.0 50
25 -50.0 50
26 -50.0 50
27 -50.0 50
28 -50.0 50
29 -50.0 50
30 -50.0 50
31 -50.0 50
32 -49.0 49
33 -50.0 50
34 -50.0 50
35 -50.0 50
36 -50.0 50
37 -50.0 50
38 -38.0 38
39 -19.0 19
40 -19.0 19
41 -27.0 27
42 -50.0 50
43 -50.0 50
44 -50.0 50
45 -47.0 47
46 -50.0 50
47 -50.0 50
48 -50.0 50
49 -50.0 50
50 -50.0 50
51 -23.0 23
52 -24.0 24
53 -13.0 13
54 -13.0 13
55 -25.0 25
56 -43.0 43
57 -9.0 9
58 -9.0 9
59 -9.0 9
0 -42.0 42
1 -50.0 50
2 -50.0 50
3 -50.0 50
4 -50.0 50
5 -50.0 50
6 -50.0 50
7 -50.0 50
8 -50.0 50
9 -50.0 50
10 -50.0 50
11 -50.0 50
12 -50.0 50
13 -50.0 50
14 -50.0 50
15 -50.0 50
16 -50.0 50
17 -50.0 50
18 -50.0 50
19 -50.0 50
20 -50.0 50
21 -50.0 50
22 -50.0 50
23 -50.0 50
24 -50.0 50
25 -50.0 50
26 -50.0 50
27 -50.0 50
28 -50.0 50
29 -50.0 50
30 -41.0 41
31 -50.0 50
32 -39.0 39
33 -30.0 30
34 -50.0 50
35 -50.0 50
36 -50.0 50
37 -50.0 50
38 -50.0 50
39 -50.0 50
40 -50.0 50
41 -50.0 50
42 -47.0 47
43 -50.0 50
44 -50.0 50
45 -38.0 38
46 -22.0 22
47 -50.0 50
48 -50.0 50
49 -15.0 15
50 -18.0 18
51 -34.0 34
52 -13.0 13
53 -10.0 10
54 -15.0 15
55 -12.0 12
56 -9.0 9
57 -9.0 9
58 -11.0 11
59 -12.0 12
0 -50.0 50
1 -25.0 25
2 -50.0 50
3 -50.0 50
4 -50.0 50
5 -50.0 50
6 -50.0 50
7 -50.0 50
8 -50.0 50
9 -50.0 50
10 -50.0 50
11 -50.0 50
12 -50.0 50
13 -50.0 50
14 -50.0 50
15 -50.0 50
16 -50.0 50
17 -50.0 50
18 -50.0 50
19 -50.0 50
20 -50.0 50
21 -50.0 50
22 -50.0 50
23 -50.0 50
24 -50.0 50
25 -50.0 50
26 -50.0 50
27 -43.0 43
28 -50.0 50
29 -50.0 50
30 -38.0 38
31 -50.0 50
32 -50.0 50
33 -50.0 50
34 -50.0 50
35 -50.0 50
36 -50.0 50
37 -50.0 50
38 -50.0 50
39 -50.0 50
40 -50.0 50
41 -50.0 50
42 -50.0 50
43 -50.0 50
44 -50.0 50
45 -50.0 50
46 -17.0 17
47 -19.0 19
48 -13.0 13
49 -15.0 15
50 -9.0 9
51 -9.0 9
52 -12.0 12
53 -13.0 13
54 -11.0 11
55 -31.0 31
56 -50.0 50
57 -19.0 19
58 -50.0 50
59 -23.0 23
0 -50.0 50
1 -50.0 50
2 -50.0 50
3 -50.0 50
4 -50.0 50
5 -50.0 50
6 -50.0 50
7 -50.0 50
8 -50.0 50
9 -50.0 50
10 -50.0 50
11 -50.0 50
12 -50.0 50
13 -50.0 50
14 -50.0 50
15 -32.0 32
16 -50.0 50
17 -50.0 50
18 -50.0 50
19 -50.0 50
20 -50.0 50
21 -50.0 50
22 -50.0 50
23 -50.0 50
24 -50.0 50
25 -50.0 50
26 -50.0 50
27 -50.0 50
28 -50.0 50
29 -50.0 50
30 -50.0 50
31 -50.0 50
32 -50.0 50
33 -32.0 32
34 -50.0 50
35 -50.0 50
36 -50.0 50
37 -50.0 50
38 -50.0 50
39 -18.0 18
40 -24.0 24
41 -41.0 41
42 -50.0 50
43 -50.0 50
44 -50.0 50
45 -50.0 50
46 -50.0 50
47 -28.0 28
48 -32.0 32
49 -50.0 50
50 -50.0 50
51 -19.0 19
52 -16.0 16
53 -15.0 15
54 -13.0 13
55 -9.0 9
56 -11.0 11
57 -20.0 20
58 -35.0 35
59 -18.0 18
0 -50.0 50
1 -50.0 50
2 -50.0 50
3 -50.0 50
4 -50.0 50
5 -50.0 50
6 -50.0 50
7 -50.0 50
8 -50.0 50
9 -50.0 50
10 -50.0 50
11 -50.0 50
12 -50.0 50
13 -50.0 50
14 -50.0 50
15 -50.0 50
16 -50.0 50
17 -32.0 32
18 -50.0 50
19 -50.0 50
20 -50.0 50
21 -50.0 50
22 -50.0 50
23 -50.0 50
24 -41.0 41
25 -50.0 50
26 -50.0 50
27 -50.0 50
28 -41.0 41
29 -50.0 50
30 -50.0 50
31 -50.0 50
32 -50.0 50
33 -50.0 50
34 -50.0 50
35 -50.0 50
36 -50.0 50
37 -50.0 50
38 -50.0 50
39 -16.0 16
40 -50.0 50
41 -14.0 14
42 -28.0 28
43 -50.0 50
44 -14.0 14
45 -13.0 13
46 -10.0 10
47 -9.0 9
48 -10.0 10
49 -15.0 15
50 -12.0 12
51 -10.0 10
52 -11.0 11
53 -11.0 11
54 -9.0 9
55 -10.0 10
56 -9.0 9
57 -11.0 11
58 -12.0 12
59 -11.0 11
0 -50.0 50
1 -50.0 50
2 -50.0 50
3 -50.0 50
4 -50.0 50
5 -50.0 50
6 -50.0 50
7 -49.0 49
8 -50.0 50
9 -50.0 50
10 -50.0 50
11 -50.0 50
12 -50.0 50
13 -50.0 50
14 -50.0 50
15 -50.0 50
16 -50.0 50
17 -50.0 50
18 -50.0 50
19 -50.0 50
20 -25.0 25
21 -50.0 50
22 -50.0 50
23 -50.0 50
24 -50.0 50
25 -50.0 50
26 -50.0 50
27 -50.0 50
28 -50.0 50
29 -37.0 37
30 -42.0 42
31 -50.0 50
32 -50.0 50
33 -50.0 50
34 -50.0 50
35 -50.0 50
36 -50.0 50
37 -50.0 50
38 -50.0 50
39 -50.0 50
40 -50.0 50
41 -50.0 50
42 -50.0 50
43 -50.0 50
44 -50.0 50
45 -50.0 50
46 -50.0 50
47 -50.0 50
48 -26.0 26
49 -50.0 50
50 -19.0 19
51 -12.0 12
52 -11.0 11
53 -11.0 11
54 -16.0 16
55 -17.0 17
56 -12.0 12
57 -9.0 9
58 -9.0 9
59 -13.0 13
0 -50.0 50
1 -50.0 50
2 -50.0 50
3 -50.0 50
4 -50.0 50
5 -50.0 50
6 -50.0 50
7 -50.0 50
8 -50.0 50
9 -40.0 40
10 -50.0 50
11 -50.0 50
12 -50.0 50
13 -50.0 50
14 -50.0 50
15 -50.0 50
16 -50.0 50
17 -50.0 50
18 -50.0 50
19 -50.0 50
20 -50.0 50
21 -50.0 50
22 -50.0 50
23 -50.0 50
24 -50.0 50
25 -50.0 50
26 -50.0 50
27 -50.0 50
28 -50.0 50
29 -50.0 50
30 -50.0 50
31 -50.0 50
32 -50.0 50
33 -50.0 50
34 -50.0 50
35 -45.0 45
36 -28.0 28
37 -26.0 26
38 -50.0 50
39 -50.0 50
40 -50.0 50
41 -50.0 50
42 -50.0 50
43 -50.0 50
44 -50.0 50
45 -50.0 50
46 -50.0 50
47 -50.0 50
48 -50.0 50
49 -50.0 50
50 -15.0 15
51 -9.0 9
52 -11.0 11
53 -12.0 12
54 -9.0 9
55 -9.0 9
56 -9.0 9
57 -18.0 18
58 -9.0 9
59 -9.0 9
0 -50.0 50
1 -50.0 50
2 -50.0 50
3 -50.0 50
4 -50.0 50
5 -50.0 50
6 -50.0 50
7 -50.0 50
8 -50.0 50
9 -50.0 50
10 -50.0 50
11 -33.0 33
12 -50.0 50
13 -50.0 50
14 -50.0 50
15 -50.0 50
16 -50.0 50
17 -50.0 50
18 -50.0 50
19 -27.0 27
20 -50.0 50
21 -50.0 50
22 -50.0 50
23 -50.0 50
24 -50.0 50
25 -50.0 50
26 -50.0 50
27 -45.0 45
28 -50.0 50
29 -50.0 50
30 -50.0 50
31 -50.0 50
32 -50.0 50
33 -50.0 50
34 -50.0 50
35 -50.0 50
36 -24.0 24
37 -50.0 50
38 -50.0 50
39 -50.0 50
40 -50.0 50
41 -50.0 50
42 -50.0 50
43 -50.0 50
44 -48.0 48
45 -18.0 18
46 -14.0 14
47 -13.0 13
48 -11.0 11
49 -13.0 13
50 -14.0 14
51 -14.0 14
52 -11.0 11
53 -50.0 50
54 -13.0 13
55 -13.0 13
56 -11.0 11
57 -16.0 16
58 -17.0 17
59 -13.0 13
0 -50.0 50
1 -50.0 50
2 -50.0 50
3 -50.0 50
4 -50.0 50
5 -50.0 50
6 -43.0 43
7 -50.0 50
8 -50.0 50
9 -50.0 50
10 -50.0 50
11 -50.0 50
12 -50.0 50
13 -50.0 50
14 -50.0 50
15 -50.0 50
16 -50.0 50
17 -50.0 50
18 -50.0 50
19 -50.0 50
20 -50.0 50
21 -50.0 50
22 -50.0 50
23 -50.0 50
24 -22.0 22
25 -50.0 50
26 -50.0 50
27 -50.0 50
28 -50.0 50
29 -50.0 50
30 -50.0 50
31 -50.0 50
32 -28.0 28
33 -50.0 50
34 -45.0 45
35 -50.0 50
36 -50.0 50
37 -16.0 16
38 -25.0 25
39 -50.0 50
40 -22.0 22
41 -13.0 13
42 -30.0 30
43 -28.0 28
44 -21.0 21
45 -50.0 50
46 -50.0 50
47 -50.0 50
48 -50.0 50
49 -50.0 50
50 -50.0 50
51 -50.0 50
52 -50.0 50
53 -25.0 25
54 -16.0 16
55 -28.0 28
56 -39.0 39
57 -50.0 50
58 -50.0 50
59 -50.0 50
0 -50.0 50
1 -50.0 50
2 -50.0 50
3 -50.0 50
4 -50.0 50
5 -50.0 50
6 -50.0 50
7 -50.0 50
8 -50.0 50
9 -50.0 50
10 -50.0 50
11 -50.0 50
12 -50.0 50
13 -46.0 46
14 -50.0 50
15 -50.0 50
16 -50.0 50
17 -50.0 50
18 -50.0 50
19 -50.0 50
20 -50.0 50
21 -50.0 50
22 -50.0 50
23 -50.0 50
24 -46.0 46
25 -50.0 50
26 -50.0 50
27 -50.0 50
28 -50.0 50
29 -38.0 38
30 -50.0 50
31 -50.0 50
32 -50.0 50
33 -50.0 50
34 -50.0 50
35 -50.0 50
36 -50.0 50
37 -50.0 50
38 -50.0 50
39 -50.0 50
40 -50.0 50
41 -50.0 50
42 -28.0 28
43 -22.0 22
44 -13.0 13
45 -14.0 14
46 -21.0 21
47 -13.0 13
48 -50.0 50
49 -50.0 50
50 -38.0 38
51 -24.0 24
52 -14.0 14
53 -12.0 12
54 -9.0 9
55 -9.0 9
56 -9.0 9
57 -9.0 9
58 -9.0 9
59 -9.0 9
0 -49.0 49
1 -50.0 50
2 -50.0 50
3 -50.0 50
4 -50.0 50
5 -50.0 50
6 -50.0 50
7 -50.0 50
8 -50.0 50
9 -50.0 50
10 -50.0 50
11 -50.0 50
12 -50.0 50
13 -50.0 50
14 -50.0 50
15 -50.0 50
16 -50.0 50
17 -50.0 50
18 -48.0 48
19 -50.0 50
20 -50.0 50
21 -50.0 50
22 -50.0 50
23 -50.0 50
24 -50.0 50
25 -50.0 50
26 -50.0 50
27 -50.0 50
28 -50.0 50
29 -50.0 50
30 -50.0 50
31 -45.0 45
32 -50.0 50
33 -19.0 19
34 -13.0 13
35 -50.0 50
36 -50.0 50
37 -25.0 25
38 -38.0 38
39 -18.0 18
40 -15.0 15
41 -11.0 11
42 -50.0 50
43 -20.0 20
44 -50.0 50
45 -50.0 50
46 -50.0 50
47 -50.0 50
48 -50.0 50
49 -29.0 29
50 -29.0 29
51 -17.0 17
52 -12.0 12
53 -9.0 9
54 -9.0 9
55 -9.0 9
56 -9.0 9
57 -9.0 9
58 -9.0 9
59 -9.0 9
0 -50.0 50
1 -50.0 50
2 -50.0 50
3 -50.0 50
4 -50.0 50
5 -50.0 50
6 -50.0 50
7 -50.0 50
8 -50.0 50
9 -50.0 50
10 -50.0 50
11 -50.0 50
12 -50.0 50
13 -50.0 50
14 -50.0 50
15 -50.0 50
16 -50.0 50
17 -50.0 50
18 -50.0 50
19 -50.0 50
20 -50.0 50
21 -28.0 28
22 -50.0 50
23 -50.0 50
24 -50.0 50
25 -50.0 50
26 -50.0 50
27 -50.0 50
28 -50.0 50
29 -32.0 32
30 -50.0 50
31 -50.0 50
32 -50.0 50
33 -50.0 50
34 -50.0 50
35 -50.0 50
36 -50.0 50
37 -37.0 37
38 -50.0 50
39 -50.0 50
40 -50.0 50
41 -50.0 50
42 -50.0 50
43 -50.0 50
44 -50.0 50
45 -50.0 50
46 -15.0 15
47 -9.0 9
48 -10.0 10
49 -14.0 14
50 -11.0 11
51 -15.0 15
52 -16.0 16
53 -45.0 45
54 -11.0 11
55 -9.0 9
56 -14.0 14
57 -11.0 11
58 -9.0 9
59 -9.0 9
0 -50.0 50
1 -50.0 50
2 -50.0 50
3 -50.0 50
4 -50.0 50
5 -50.0 50
6 -50.0 50
7 -50.0 50
8 -50.0 50
9 -50.0 50
10 -50.0 50
11 -50.0 50
12 -50.0 50
13 -50.0 50
14 -50.0 50
15 -50.0 50
16 -50.0 50
17 -50.0 50
18 -50.0 50
19 -50.0 50
20 -50.0 50
21 -50.0 50
22 -35.0 35
23 -50.0 50
24 -50.0 50
25 -50.0 50
26 -50.0 50
27 -50.0 50
28 -32.0 32
29 -50.0 50
30 -50.0 50
31 -50.0 50
32 -50.0 50
33 -50.0 50
34 -50.0 50
35 -50.0 50
36 -50.0 50
37 -50.0 50
38 -50.0 50
39 -46.0 46
40 -50.0 50
41 -50.0 50
42 -50.0 50
43 -50.0 50
44 -30.0 30
45 -29.0 29
46 -34.0 34
47 -50.0 50
48 -50.0 50
49 -50.0 50
50 -50.0 50
51 -22.0 22
52 -10.0 10
53 -10.0 10
54 -9.0 9
55 -9.0 9
56 -9.0 9
57 -12.0 12
58 -11.0 11
59 -11.0 11
0 -50.0 50
1 -50.0 50
2 -50.0 50
3 -50.0 50
4 -50.0 50
5 -50.0 50
6 -50.0 50
7 -50.0 50
8 -50.0 50
9 -50.0 50
10 -50.0 50
11 -37.0 37
12 -50.0 50
13 -50.0 50
14 -50.0 50
15 -50.0 50
16 -50.0 50
17 -50.0 50
18 -50.0 50
19 -50.0 50
20 -50.0 50
21 -50.0 50
22 -50.0 50
23 -50.0 50
24 -50.0 50
25 -50.0 50
26 -50.0 50
27 -50.0 50
28 -50.0 50
29 -50.0 50
30 -36.0 36
31 -50.0 50
32 -50.0 50
33 -50.0 50
34 -50.0 50
35 -50.0 50
36 -50.0 50
37 -26.0 26
38 -50.0 50
39 -13.0 13
40 -11.0 11
41 -50.0 50
42 -29.0 29
43 -12.0 12
44 -9.0 9
45 -14.0 14
46 -20.0 20
47 -27.0 27
48 -11.0 11
49 -12.0 12
50 -14.0 14
51 -12.0 12
52 -12.0 12
53 -16.0 16
54 -9.0 9
55 -9.0 9
56 -13.0 13
57 -14.0 14
58 -16.0 16
59 -23.0 23
0 -50.0 50
1 -50.0 50
2 -50.0 50
3 -50.0 50
4 -50.0 50
5 -50.0 50
6 -50.0 50
7 -50.0 50
8 -50.0 50
9 -50.0 50
10 -50.0 50
11 -50.0 50
12 -50.0 50
13 -50.0 50
14 -50.0 50
15 -50.0 50
16 -50.0 50
17 -50.0 50
18 -50.0 50
19 -50.0 50
20 -50.0 50
21 -50.0 50
22 -50.0 50
23 -50.0 50
24 -50.0 50
25 -50.0 50
26 -50.0 50
27 -50.0 50
28 -50.0 50
29 -50.0 50
30 -50.0 50
31 -50.0 50
32 -50.0 50
33 -50.0 50
34 -50.0 50
35 -50.0 50
36 -50.0 50
37 -50.0 50
38 -32.0 32
39 -50.0 50
40 -50.0 50
41 -50.0 50
42 -50.0 50
43 -50.0 50
44 -50.0 50
45 -24.0 24
46 -50.0 50
47 -50.0 50
48 -50.0 50
49 -50.0 50
50 -50.0 50
51 -50.0 50
52 -50.0 50
53 -50.0 50
54 -25.0 25
55 -13.0 13
56 -12.0 12
57 -11.0 11
58 -9.0 9
59 -9.0 9
0 -50.0 50
1 -50.0 50
2 -50.0 50
3 -50.0 50
4 -50.0 50
5 -50.0 50
6 -50.0 50
7 -50.0 50
8 -50.0 50
9 -50.0 50
10 -50.0 50
11 -50.0 50
12 -50.0 50
13 -50.0 50
14 -50.0 50
15 -20.0 20
16 -50.0 50
17 -50.0 50
18 -50.0 50
19 -50.0 50
20 -50.0 50
21 -50.0 50
22 -38.0 38
23 -50.0 50
24 -50.0 50
25 -50.0 50
26 -50.0 50
27 -24.0 24
28 -50.0 50
29 -50.0 50
30 -50.0 50
31 -50.0 50
32 -50.0 50
33 -50.0 50
34 -50.0 50
35 -35.0 35
36 -50.0 50
37 -50.0 50
38 -50.0 50
39 -50.0 50
40 -50.0 50
41 -50.0 50
42 -50.0 50
43 -30.0 30
44 -50.0 50
45 -25.0 25
46 -14.0 14
47 -20.0 20
48 -18.0 18
49 -31.0 31
50 -23.0 23
51 -9.0 9
52 -13.0 13
53 -12.0 12
54 -11.0 11
55 -50.0 50
56 -9.0 9
57 -9.0 9
58 -9.0 9
59 -10.0 10
0 -50.0 50
1 -50.0 50
2 -50.0 50
3 -50.0 50
4 -50.0 50
5 -50.0 50
6 -50.0 50
7 -50.0 50
8 -50.0 50
9 -50.0 50
10 -50.0 50
11 -50.0 50
12 -50.0 50
13 -50.0 50
14 -50.0 50
15 -50.0 50
16 -50.0 50
17 -50.0 50
18 -50.0 50
19 -35.0 35
20 -50.0 50
21 -50.0 50
22 -50.0 50
23 -50.0 50
24 -43.0 43
25 -50.0 50
26 -50.0 50
27 -50.0 50
28 -18.0 18
29 -50.0 50
30 -50.0 50
31 -50.0 50
32 -50.0 50
33 -50.0 50
34 -31.0 31
35 -50.0 50
36 -50.0 50
37 -50.0 50
38 -50.0 50
39 -50.0 50
40 -50.0 50
41 -50.0 50
42 -50.0 50
43 -50.0 50
44 -50.0 50
45 -50.0 50
46 -50.0 50
47 -50.0 50
48 -27.0 27
49 -12.0 12
50 -21.0 21
51 -17.0 17
52 -40.0 40
53 -17.0 17
54 -50.0 50
55 -50.0 50
56 -20.0 20
57 -12.0 12
58 -9.0 9
59 -11.0 11
0 -50.0 50
1 -50.0 50
2 -50.0 50
3 -50.0 50
4 -50.0 50
5 -50.0 50
6 -50.0 50
7 -50.0 50
8 -50.0 50
9 -50.0 50
10 -50.0 50
11 -50.0 50
12 -50.0 50
13 -50.0 50
14 -50.0 50
15 -50.0 50
16 -50.0 50
17 -50.0 50
18 -50.0 50
19 -50.0 50
20 -50.0 50
21 -50.0 50
22 -50.0 50
23 -50.0 50
24 -50.0 50
25 -38.0 38
26 -50.0 50
27 -43.0 43
28 -50.0 50
29 -50.0 50
30 -50.0 50
31 -50.0 50
32 -50.0 50
33 -50.0 50
34 -50.0 50
35 -50.0 50
36 -50.0 50
37 -50.0 50
38 -50.0 50
39 -50.0 50
40 -50.0 50
41 -50.0 50
42 -50.0 50
43 -50.0 50
44 -50.0 50
45 -50.0 50
46 -21.0 21
47 -19.0 19
48 -18.0 18
49 -17.0 17
50 -12.0 12
51 -11.0 11
52 -9.0 9
53 -11.0 11
54 -19.0 19
55 -13.0 13
56 -9.0 9
57 -13.0 13
58 -42.0 42
59 -50.0 50
0 -50.0 50
1 -50.0 50
2 -50.0 50
3 -50.0 50
4 -50.0 50
5 -50.0 50
6 -50.0 50
7 -50.0 50
8 -50.0 50
9 -50.0 50
10 -50.0 50
11 -50.0 50
12 -50.0 50
13 -50.0 50
14 -50.0 50
15 -50.0 50
16 -50.0 50
17 -50.0 50
18 -50.0 50
19 -50.0 50
20 -50.0 50
21 -50.0 50
22 -50.0 50
23 -50.0 50
24 -30.0 30
25 -50.0 50
26 -50.0 50
27 -35.0 35
28 -50.0 50
29 -50.0 50
30 -50.0 50
31 -50.0 50
32 -50.0 50
33 -50.0 50
34 -50.0 50
35 -48.0 48
36 -50.0 50
37 -50.0 50
38 -50.0 50
39 -50.0 50
40 -30.0 30
41 -50.0 50
42 -50.0 50
43 -50.0 50
44 -50.0 50
45 -50.0 50
46 -50.0 50
47 -50.0 50
48 -50.0 50
49 -50.0 50
50 -50.0 50
51 -50.0 50
52 -42.0 42
53 -40.0 40
54 -9.0 9
55 -12.0 12
56 -11.0 11
57 -11.0 11
58 -10.0 10
59 -17.0 17
0 -50.0 50
1 -50.0 50
2 -50.0 50
3 -50.0 50
4 -50.0 50
5 -50.0 50
6 -50.0 50
7 -50.0 50
8 -50.0 50
9 -50.0 50
10 -50.0 50
11 -50.0 50
12 -50.0 50
13 -50.0 50
14 -50.0 50
15 -50.0 50
16 -50.0 50
17 -50.0 50
18 -50.0 50
19 -50.0 50
20 -50.0 50
21 -50.0 50
22 -50.0 50
23 -50.0 50
24 -50.0 50
25 -50.0 50
26 -50.0 50
27 -50.0 50
28 -50.0 50
29 -49.0 49
30 -50.0 50
31 -50.0 50
32 -20.0 20
33 -50.0 50
34 -27.0 27
35 -50.0 50
36 -50.0 50
37 -50.0 50
38 -50.0 50
39 -50.0 50
40 -50.0 50
41 -16.0 16
42 -18.0 18
43 -12.0 12
44 -10.0 10
45 -10.0 10
46 -14.0 14
47 -22.0 22
48 -21.0 21
49 -20.0 20
50 -18.0 18
51 -14.0 14
52 -9.0 9
53 -9.0 9
54 -9.0 9
55 -9.0 9
56 -9.0 9
57 -9.0 9
58 -9.0 9
59 -9.0 9
0 -50.0 50
1 -50.0 50
2 -50.0 50
3 -50.0 50
4 -50.0 50
5 -50.0 50
6 -50.0 50
7 -50.0 50
8 -50.0 50
9 -50.0 50
10 -50.0 50
11 -50.0 50
12 -50.0 50
13 -50.0 50
14 -50.0 50
15 -50.0 50
16 -50.0 50
17 -50.0 50
18 -50.0 50
19 -43.0 43
20 -50.0 50
21 -50.0 50
22 -50.0 50
23 -50.0 50
24 -50.0 50
25 -50.0 50
26 -50.0 50
27 -50.0 50
28 -50.0 50
29 -50.0 50
30 -50.0 50
31 -50.0 50
32 -50.0 50
33 -50.0 50
34 -43.0 43
35 -50.0 50
36 -50.0 50
37 -50.0 50
38 -50.0 50
39 -50.0 50
40 -50.0 50
41 -50.0 50
42 -50.0 50
43 -18.0 18
44 -29.0 29
45 -10.0 10
46 -13.0 13
47 -17.0 17
48 -21.0 21
49 -40.0 40
50 -50.0 50
51 -50.0 50
52 -17.0 17
53 -9.0 9
54 -9.0 9
55 -17.0 17
56 -19.0 19
57 -18.0 18
58 -45.0 45
59 -12.0 12
0 -50.0 50
1 -50.0 50
2 -50.0 50
3 -50.0 50
4 -50.0 50
5 -41.0 41
6 -50.0 50
7 -50.0 50
8 -50.0 50
9 -50.0 50
10 -50.0 50
11 -50.0 50
12 -50.0 50
13 -50.0 50
14 -50.0 50
15 -50.0 50
16 -50.0 50
17 -50.0 50
18 -50.0 50
19 -38.0 38
20 -50.0 50
21 -50.0 50
22 -50.0 50
23 -50.0 50
24 -50.0 50
25 -50.0 50
26 -50.0 50
27 -50.0 50
28 -50.0 50
29 -50.0 50
30 -26.0 26
31 -50.0 50
32 -26.0 26
33 -50.0 50
34 -50.0 50
35 -50.0 50
36 -50.0 50
37 -50.0 50
38 -50.0 50
39 -50.0 50
40 -18.0 18
41 -50.0 50
42 -26.0 26
43 -28.0 28
44 -11.0 11
45 -19.0 19
46 -12.0 12
47 -18.0 18
48 -28.0 28
49 -15.0 15
50 -10.0 10
51 -13.0 13
52 -15.0 15
53 -16.0 16
54 -35.0 35
55 -33.0 33
56 -50.0 50
57 -15.0 15
58 -9.0 9
59 -9.0 9
0 -50.0 50
1 -50.0 50
2 -50.0 50
3 -50.0 50
4 -50.0 50
5 -50.0 50
6 -50.0 50
7 -50.0 50
8 -50.0 50
9 -50.0 50
10 -20.0 20
11 -50.0 50
12 -50.0 50
13 -50.0 50
14 -50.0 50
15 -50.0 50
16 -50.0 50
17 -50.0 50
18 -50.0 50
19 -50.0 50
20 -50.0 50
21 -50.0 50
22 -50.0 50
23 -50.0 50
24 -50.0 50
25 -50.0 50
26 -50.0 50
27 -50.0 50
28 -50.0 50
29 -50.0 50
30 -37.0 37
31 -50.0 50
32 -50.0 50
33 -50.0 50
34 -50.0 50
35 -50.0 50
36 -50.0 50
37 -32.0 32
38 -28.0 28
39 -15.0 15
40 -21.0 21
41 -50.0 50
42 -50.0 50
43 -50.0 50
44 -20.0 20
45 -10.0 10
46 -9.0 9
47 -13.0 13
48 -33.0 33
49 -14.0 14
50 -30.0 30
51 -13.0 13
52 -13.0 13
53 -10.0 10
54 -10.0 10
55 -9.0 9
56 -9.0 9
57 -9.0 9
58 -11.0 11
59 -10.0 10
0 -50.0 50
1 -50.0 50
2 -50.0 50
3 -38.0 38
4 -50.0 50
5 -50.0 50
6 -50.0 50
7 -50.0 50
8 -50.0 50
9 -50.0 50
10 -50.0 50
11 -50.0 50
12 -50.0 50
13 -50.0 50
14 -41.0 41
15 -50.0 50
16 -50.0 50
17 -50.0 50
18 -50.0 50
19 -50.0 50
20 -50.0 50
21 -50.0 50
22 -50.0 50
23 -50.0 50
24 -50.0 50
25 -50.0 50
26 -50.0 50
27 -50.0 50
28 -25.0 25
29 -50.0 50
30 -50.0 50
31 -50.0 50
32 -50.0 50
33 -50.0 50
34 -50.0 50
35 -12.0 12
36 -10.0 10
37 -14.0 14
38 -27.0 27
39 -50.0 50
40 -50.0 50
41 -50.0 50
42 -30.0 30
43 -50.0 50
44 -22.0 22
45 -20.0 20
46 -50.0 50
47 -50.0 50
48 -42.0 42
49 -50.0 50
50 -50.0 50
51 -50.0 50
52 -50.0 50
53 -50.0 50
54 -22.0 22
55 -13.0 13
56 -9.0 9
57 -14.0 14
58 -27.0 27
59 -27.0 27
0 -50.0 50
1 -50.0 50
2 -50.0 50
3 -50.0 50
4 -50.0 50
5 -50.0 50
6 -50.0 50
7 -50.0 50
8 -50.0 50
9 -50.0 50
10 -50.0 50
11 -50.0 50
12 -50.0 50
13 -50.0 50
14 -50.0 50
15 -50.0 50
16 -50.0 50
17 -50.0 50
18 -50.0 50
19 -50.0 50
20 -50.0 50
21 -50.0 50
22 -50.0 50
23 -50.0 50
24 -50.0 50
25 -50.0 50
26 -43.0 43
27 -50.0 50
28 -50.0 50
29 -50.0 50
30 -50.0 50
31 -50.0 50
32 -50.0 50
33 -32.0 32
34 -31.0 31
35 -50.0 50
36 -50.0 50
37 -22.0 22
38 -36.0 36
39 -50.0 50
40 -50.0 50
41 -50.0 50
42 -50.0 50
43 -50.0 50
44 -41.0 41
45 -17.0 17
46 -17.0 17
47 -12.0 12
48 -12.0 12
49 -13.0 13
50 -11.0 11
51 -9.0 9
52 -9.0 9
53 -10.0 10
54 -9.0 9
55 -9.0 9
56 -9.0 9
57 -9.0 9
58 -9.0 9
59 -10.0 10
0 -50.0 50
1 -50.0 50
2 -50.0 50
3 -50.0 50
4 -48.0 48
5 -50.0 50
6 -50.0 50
7 -50.0 50
8 -50.0 50
9 -50.0 50
10 -50.0 50
11 -50.0 50
12 -50.0 50
13 -50.0 50
14 -50.0 50
15 -50.0 50
16 -50.0 50
17 -50.0 50
18 -50.0 50
19 -50.0 50
20 -30.0 30
21 -50.0 50
22 -50.0 50
23 -50.0 50
24 -50.0 50
25 -50.0 50
26 -50.0 50
27 -50.0 50
28 -50.0 50
29 -50.0 50
30 -25.0 25
31 -50.0 50
32 -50.0 50
33 -50.0 50
34 -34.0 34
35 -50.0 50
36 -50.0 50
37 -50.0 50
38 -50.0 50
39 -50.0 50
40 -50.0 50
41 -50.0 50
42 -50.0 50
43 -25.0 25
44 -50.0 50
45 -50.0 50
46 -28.0 28
47 -50.0 50
48 -19.0 19
49 -18.0 18
50 -14.0 14
51 -23.0 23
52 -19.0 19
53 -50.0 50
54 -50.0 50
55 -50.0 50
56 -50.0 50
57 -50.0 50
58 -16.0 16
59 -11.0 11
0 -50.0 50
1 -50.0 50
2 -50.0 50
3 -50.0 50
4 -50.0 50
5 -42.0 42
6 -50.0 50
7 -50.0 50
8 -50.0 50
9 -50.0 50
10 -50.0 50
11 -50.0 50
12 -50.0 50
13 -50.0 50
14 -50.0 50
15 -50.0 50
16 -50.0 50
17 -50.0 50
18 -50.0 50
19 -50.0 50
20 -50.0 50
21 -50.0 50
22 -36.0 36
23 -50.0 50
24 -50.0 50
25 -50.0 50
26 -50.0 50
27 -50.0 50
28 -50.0 50
29 -50.0 50
30 -50.0 50
31 -50.0 50
32 -50.0 50
33 -30.0 30
34 -50.0 50
35 -50.0 50
36 -50.0 50
37 -28.0 28
38 -18.0 18
39 -50.0 50
40 -50.0 50
41 -50.0 50
42 -32.0 32
43 -50.0 50
44 -18.0 18
45 -50.0 50
46 -15.0 15
47 -18.0 18
48 -20.0 20
49 -39.0 39
50 -50.0 50
51 -50.0 50
52 -50.0 50
53 -50.0 50
54 -50.0 50
55 -25.0 25
56 -12.0 12
57 -32.0 32
58 -50.0 50
59 -15.0 15
0 -50.0 50
1 -36.0 36
2 -50.0 50
3 -50.0 50
4 -50.0 50
5 -50.0 50
6 -50.0 50
7 -50.0 50
8 -50.0 50
9 -50.0 50
10 -50.0 50
11 -50.0 50
12 -50.0 50
13 -50.0 50
14 -50.0 50
15 -50.0 50
16 -50.0 50
17 -50.0 50
18 -50.0 50
19 -50.0 50
20 -50.0 50
21 -45.0 45
22 -50.0 50
23 -48.0 48
24 -50.0 50
25 -50.0 50
26 -50.0 50
27 -50.0 50
28 -50.0 50
29 -50.0 50
30 -50.0 50
31 -44.0 44
32 -50.0 50
33 -18.0 18
34 -39.0 39
35 -50.0 50
36 -50.0 50
37 -50.0 50
38 -50.0 50
39 -50.0 50
40 -50.0 50
41 -50.0 50
42 -50.0 50
43 -50.0 50
44 -50.0 50
45 -34.0 34
46 -17.0 17
47 -9.0 9
48 -21.0 21
49 -22.0 22
50 -9.0 9
51 -9.0 9
52 -9.0 9
53 -9.0 9
54 -11.0 11
55 -16.0 16
56 -22.0 22
57 -16.0 16
58 -32.0 32
59 -9.0 9
0 -50.0 50
1 -50.0 50
2 -50.0 50
3 -50.0 50
4 -50.0 50
5 -50.0 50
6 -50.0 50
7 -50.0 50
8 -50.0 50
9 -50.0 50
10 -50.0 50
11 -50.0 50
12 -50.0 50
13 -50.0 50
14 -50.0 50
15 -50.0 50
16 -50.0 50
17 -50.0 50
18 -46.0 46
19 -50.0 50
20 -50.0 50
21 -50.0 50
22 -50.0 50
23 -50.0 50
24 -50.0 50
25 -50.0 50
26 -40.0 40
27 -50.0 50
28 -50.0 50
29 -50.0 50
30 -50.0 50
31 -50.0 50
32 -50.0 50
33 -50.0 50
34 -50.0 50
35 -50.0 50
36 -50.0 50
37 -50.0 50
38 -38.0 38
39 -50.0 50
40 -50.0 50
41 -27.0 27
42 -50.0 50
43 -38.0 38
44 -39.0 39
45 -50.0 50
46 -50.0 50
47 -50.0 50
48 -37.0 37
49 -17.0 17
50 -23.0 23
51 -50.0 50
52 -50.0 50
53 -11.0 11
54 -31.0 31
55 -16.0 16
56 -9.0 9
57 -9.0 9
58 -9.0 9
59 -11.0 11
0 -50.0 50
1 -50.0 50
2 -50.0 50
3 -50.0 50
4 -50.0 50
5 -50.0 50
6 -50.0 50
7 -50.0 50
8 -50.0 50
9 -50.0 50
10 -50.0 50
11 -50.0 50
12 -50.0 50
13 -46.0 46
14 -50.0 50
15 -50.0 50
16 -50.0 50
17 -50.0 50
18 -50.0 50
19 -50.0 50
20 -50.0 50
21 -50.0 50
22 -50.0 50
23 -50.0 50
24 -50.0 50
25 -50.0 50
26 -50.0 50
27 -50.0 50
28 -50.0 50
29 -50.0 50
30 -41.0 41
31 -50.0 50
32 -50.0 50
33 -50.0 50
34 -50.0 50
35 -50.0 50
36 -24.0 24
37 -47.0 47
38 -50.0 50
39 -50.0 50
40 -50.0 50
41 -50.0 50
42 -50.0 50
43 -50.0 50
44 -26.0 26
45 -50.0 50
46 -12.0 12
47 -11.0 11
48 -12.0 12
49 -21.0 21
50 -49.0 49
51 -15.0 15
52 -11.0 11
53 -16.0 16
54 -16.0 16
55 -9.0 9
56 -9.0 9
57 -11.0 11
58 -10.0 10
59 -9.0 9
0 -50.0 50
1 -50.0 50
2 -50.0 50
3 -50.0 50
4 -50.0 50
5 -50.0 50
6 -50.0 50
7 -50.0 50
8 -50.0 50
9 -50.0 50
10 -50.0 50
11 -50.0 50
12 -18.0 18
13 -50.0 50
14 -50.0 50
15 -50.0 50
16 -50.0 50
17 -50.0 50
18 -50.0 50
19 -50.0 50
20 -50.0 50
21 -50.0 50
22 -50.0 50
23 -50.0 50
24 -50.0 50
25 -50.0 50
26 -50.0 50
27 -50.0 50
28 -50.0 50
29 -50.0 50
30 -50.0 50
31 -50.0 50
32 -50.0 50
33 -50.0 50
34 -19.0 19
35 -26.0 26
36 -50.0 50
37 -50.0 50
38 -50.0 50
39 -50.0 50
40 -50.0 50
41 -21.0 21
42 -21.0 21
43 -50.0 50
44 -50.0 50
45 -29.0 29
46 -50.0 50
47 -50.0 50
48 -50.0 50
49 -15.0 15
50 -9.0 9
51 -14.0 14
52 -16.0 16
53 -11.0 11
54 -9.0 9
55 -9.0 9
56 -9.0 9
57 -9.0 9
58 -11.0 11
59 -12.0 12
0 -50.0 50
1 -50.0 50
2 -50.0 50
3 -50.0 50
4 -50.0 50
5 -50.0 50
6 -50.0 50
7 -50.0 50
8 -50.0 50
9 -50.0 50
10 -50.0 50
11 -50.0 50
12 -50.0 50
13 -50.0 50
14 -50.0 50
15 -50.0 50
16 -50.0 50
17 -50.0 50
18 -50.0 50
19 -50.0 50
20 -50.0 50
21 -50.0 50
22 -50.0 50
23 -50.0 50
24 -50.0 50
25 -50.0 50
26 -50.0 50
27 -36.0 36
28 -50.0 50
29 -50.0 50
30 -50.0 50
31 -48.0 48
32 -50.0 50
33 -50.0 50
34 -26.0 26
35 -50.0 50
36 -50.0 50
37 -48.0 48
38 -50.0 50
39 -50.0 50
40 -18.0 18
41 -18.0 18
42 -22.0 22
43 -50.0 50
44 -50.0 50
45 -50.0 50
46 -39.0 39
47 -50.0 50
48 -50.0 50
49 -50.0 50
50 -20.0 20
51 -14.0 14
52 -19.0 19
53 -20.0 20
54 -16.0 16
55 -9.0 9
56 -9.0 9
57 -9.0 9
58 -9.0 9
59 -9.0 9
0 -50.0 50
1 -50.0 50
2 -50.0 50
3 -50.0 50
4 -50.0 50
5 -50.0 50
6 -50.0 50
7 -50.0 50
8 -50.0 50
9 -50.0 50
10 -50.0 50
11 -50.0 50
12 -50.0 50
13 -50.0 50
14 -50.0 50
15 -50.0 50
16 -50.0 50
17 -50.0 50
18 -50.0 50
19 -50.0 50
20 -50.0 50
21 -50.0 50
22 -50.0 50
23 -50.0 50
24 -50.0 50
25 -50.0 50
26 -50.0 50
27 -50.0 50
28 -50.0 50
29 -43.0 43
30 -50.0 50
31 -30.0 30
32 -50.0 50
33 -44.0 44
34 -16.0 16
35 -21.0 21
36 -40.0 40
37 -50.0 50
38 -50.0 50
39 -50.0 50
40 -37.0 37
41 -50.0 50
42 -50.0 50
43 -50.0 50
44 -50.0 50
45 -50.0 50
46 -50.0 50
47 -50.0 50
48 -19.0 19
49 -18.0 18
50 -16.0 16
51 -14.0 14
52 -9.0 9
53 -9.0 9
54 -13.0 13
55 -11.0 11
56 -14.0 14
57 -12.0 12
58 -9.0 9
59 -9.0 9
0 -50.0 50
1 -50.0 50
2 -50.0 50
3 -50.0 50
4 -50.0 50
5 -50.0 50
6 -50.0 50
7 -50.0 50
8 -50.0 50
9 -50.0 50
10 -50.0 50
11 -50.0 50
12 -50.0 50
13 -50.0 50
14 -50.0 50
15 -50.0 50
16 -12.0 12
17 -50.0 50
18 -50.0 50
19 -50.0 50
20 -50.0 50
21 -50.0 50
22 -50.0 50
23 -50.0 50
24 -50.0 50
25 -50.0 50
26 -50.0 50
27 -24.0 24
28 -50.0 50
29 -50.0 50
30 -28.0 28
31 -50.0 50
32 -50.0 50
33 -24.0 24
34 -46.0 46
35 -50.0 50
36 -50.0 50
37 -50.0 50
38 -50.0 50
39 -50.0 50
40 -50.0 50
41 -42.0 42
42 -50.0 50
43 -50.0 50
44 -50.0 50
45 -19.0 19
46 -16.0 16
47 -27.0 27
48 -12.0 12
49 -11.0 11
50 -9.0 9
51 -11.0 11
52 -10.0 10
53 -14.0 14
54 -17.0 17
55 -9.0 9
56 -9.0 9
57 -9.0 9
58 -13.0 13
59 -12.0 12
0 -50.0 50
1 -50.0 50
2 -50.0 50
3 -50.0 50
4 -50.0 50
5 -50.0 50
6 -50.0 50
7 -49.0 49
8 -50.0 50
9 -50.0 50
10 -50.0 50
11 -50.0 50
12 -50.0 50
13 -50.0 50
14 -50.0 50
15 -50.0 50
16 -50.0 50
17 -50.0 50
18 -50.0 50
19 -50.0 50
20 -50.0 50
21 -50.0 50
22 -50.0 50
23 -50.0 50
24 -50.0 50
25 -50.0 50
26 -50.0 50
27 -50.0 50
28 -28.0 28
29 -50.0 50
30 -50.0 50
31 -50.0 50
32 -45.0 45
33 -50.0 50
34 -50.0 50
35 -50.0 50
36 -50.0 50
37 -50.0 50
38 -50.0 50
39 -16.0 16
40 -18.0 18
41 -26.0 26
42 -47.0 47
43 -50.0 50
44 -50.0 50
45 -50.0 50
46 -50.0 50
47 -50.0 50
48 -50.0 50
49 -32.0 32
50 -17.0 17
51 -16.0 16
52 -11.0 11
53 -13.0 13
54 -21.0 21
55 -16.0 16
56 -9.0 9
57 -11.0 11
58 -9.0 9
59 -13.0 13
0 -50.0 50
1 -50.0 50
2 -50.0 50
3 -50.0 50
4 -50.0 50
5 -50.0 50
6 -50.0 50
7 -28.0 28
8 -50.0 50
9 -50.0 50
10 -50.0 50
11 -50.0 50
12 -50.0 50
13 -50.0 50
14 -50.0 50
15 -50.0 50
16 -50.0 50
17 -50.0 50
18 -50.0 50
19 -50.0 50
20 -50.0 50
21 -50.0 50
22 -50.0 50
23 -50.0 50
24 -50.0 50
25 -50.0 50
26 -50.0 50
27 -50.0 50
28 -50.0 50
29 -50.0 50
30 -50.0 50
31 -50.0 50
32 -50.0 50
33 -50.0 50
34 -50.0 50
35 -50.0 50
36 -50.0 50
37 -46.0 46
38 -15.0 15
39 -34.0 34
40 -50.0 50
41 -40.0 40
42 -50.0 50
43 -27.0 27
44 -11.0 11
45 -15.0 15
46 -18.0 18
47 -16.0 16
48 -14.0 14
49 -11.0 11
50 -14.0 14
51 -31.0 31
52 -12.0 12
53 -9.0 9
54 -9.0 9
55 -9.0 9
56 -9.0 9
57 -11.0 11
58 -10.0 10
59 -10.0 10
0 -50.0 50
1 -50.0 50
2 -50.0 50
3 -50.0 50
4 -50.0 50
5 -50.0 50
6 -50.0 50
7 -50.0 50
8 -50.0 50
9 -50.0 50
10 -50.0 50
11 -50.0 50
12 -50.0 50
13 -50.0 50
14 -50.0 50
15 -37.0 37
16 -50.0 50
17 -50.0 50
18 -50.0 50
19 -50.0 50
20 -50.0 50
21 -50.0 50
22 -50.0 50
23 -50.0 50
24 -50.0 50
25 -50.0 50
26 -50.0 50
27 -50.0 50
28 -50.0 50
29 -28.0 28
30 -17.0 17
31 -50.0 50
32 -30.0 30
33 -50.0 50
34 -50.0 50
35 -50.0 50
36 -50.0 50
37 -50.0 50
38 -50.0 50
39 -50.0 50
40 -36.0 36
41 -29.0 29
42 -30.0 30
43 -50.0 50
44 -50.0 50
45 -50.0 50
46 -50.0 50
47 -42.0 42
48 -50.0 50
49 -50.0 50
50 -40.0 40
51 -36.0 36
52 -50.0 50
53 -11.0 11
54 -12.0 12
55 -14.0 14
56 -9.0 9
57 -9.0 9
58 -9.0 9
59 -9.0 9
0 -50.0 50
1 -50.0 50
2 -50.0 50
3 -17.0 17
4 -50.0 50
5 -50.0 50
6 -50.0 50
7 -50.0 50
8 -50.0 50
9 -50.0 50
10 -50.0 50
11 -50.0 50
12 -50.0 50
13 -50.0 50
14 -50.0 50
15 -50.0 50
16 -50.0 50
17 -50.0 50
18 -50.0 50
19 -50.0 50
20 -50.0 50
21 -50.0 50
22 -44.0 44
23 -50.0 50
24 -50.0 50
25 -50.0 50
26 -50.0 50
27 -50.0 50
28 -50.0 50
29 -50.0 50
30 -21.0 21
31 -48.0 48
32 -50.0 50
33 -20.0 20
34 -50.0 50
35 -50.0 50
36 -50.0 50
37 -50.0 50
38 -50.0 50
39 -38.0 38
40 -18.0 18
41 -47.0 47
42 -21.0 21
43 -50.0 50
44 -34.0 34
45 -50.0 50
46 -12.0 12
47 -23.0 23
48 -10.0 10
49 -11.0 11
50 -14.0 14
51 -12.0 12
52 -10.0 10
53 -9.0 9
54 -13.0 13
55 -16.0 16
56 -9.0 9
57 -11.0 11
58 -10.0 10
59 -10.0 10
0 -50.0 50
1 -50.0 50
2 -50.0 50
3 -50.0 50
4 -50.0 50
5 -50.0 50
6 -50.0 50
7 -50.0 50
8 -50.0 50
9 -50.0 50
10 -50.0 50
11 -50.0 50
12 -50.0 50
13 -50.0 50
14 -50.0 50
15 -50.0 50
16 -50.0 50
17 -50.0 50
18 -50.0 50
19 -50.0 50
20 -18.0 18
21 -50.0 50
22 -50.0 50
23 -50.0 50
24 -50.0 50
25 -39.0 39
26 -50.0 50
27 -50.0 50
28 -50.0 50
29 -50.0 50
30 -50.0 50
31 -29.0 29
32 -50.0 50
33 -50.0 50
34 -50.0 50
35 -50.0 50
36 -50.0 50
37 -37.0 37
38 -50.0 50
39 -50.0 50
40 -50.0 50
41 -17.0 17
42 -13.0 13
43 -14.0 14
44 -12.0 12
45 -13.0 13
46 -50.0 50
47 -50.0 50
48 -23.0 23
49 -13.0 13
50 -18.0 18
51 -50.0 50
52 -43.0 43
53 -50.0 50
54 -50.0 50
55 -16.0 16
56 -11.0 11
57 -11.0 11
58 -13.0 13
59 -14.0 14
0 -50.0 50
1 -50.0 50
2 -50.0 50
3 -50.0 50
4 -50.0 50
5 -50.0 50
6 -50.0 50
7 -48.0 48
8 -50.0 50
9 -50.0 50
10 -50.0 50
11 -50.0 50
12 -50.0 50
13 -50.0 50
14 -50.0 50
15 -50.0 50
16 -50.0 50
17 -50.0 50
18 -50.0 50
19 -50.0 50
20 -50.0 50
21 -50.0 50
22 -50.0 50
23 -50.0 50
24 -50.0 50
25 -50.0 50
26 -50.0 50
27 -50.0 50
28 -50.0 50
29 -50.0 50
30 -50.0 50
31 -50.0 50
32 -32.0 32
33 -50.0 50
34 -50.0 50
35 -50.0 50
36 -50.0 50
37 -50.0 50
38 -50.0 50
39 -50.0 50
40 -34.0 34
41 -50.0 50
42 -50.0 50
43 -50.0 50
44 -45.0 45
45 -20.0 20
46 -50.0 50
47 -50.0 50
48 -50.0 50
49 -23.0 23
50 -12.0 12
51 -13.0 13
52 -12.0 12
53 -18.0 18
54 -14.0 14
55 -12.0 12
56 -12.0 12
57 -12.0 12
58 -12.0 12
59 -12.0 12
0 -50.0 50
1 -50.0 50
2 -50.0 50
3 -50.0 50
4 -50.0 50
5 -50.0 50
6 -50.0 50
7 -50.0 50
8 -50.0 50
9 -50.0 50
10 -50.0 50
11 -50.0 50
12 -50.0 50
13 -50.0 50
14 -50.0 50
15 -50.0 50
16 -50.0 50
17 -42.0 42
18 -50.0 50
19 -36.0 36
20 -50.0 50
21 -50.0 50
22 -50.0 50
23 -50.0 50
24 -50.0 50
25 -50.0 50
26 -50.0 50
27 -50.0 50
28 -50.0 50
29 -50.0 50
30 -50.0 50
31 -50.0 50
32 -50.0 50
33 -50.0 50
34 -25.0 25
35 -31.0 31
36 -50.0 50
37 -50.0 50
38 -50.0 50
39 -50.0 50
40 -46.0 46
41 -50.0 50
42 -50.0 50
43 -17.0 17
44 -13.0 13
45 -13.0 13
46 -39.0 39
47 -10.0 10
48 -11.0 11
49 -9.0 9
50 -10.0 10
51 -12.0 12
52 -24.0 24
53 -28.0 28
54 -50.0 50
55 -50.0 50
56 -26.0 26
57 -9.0 9
58 -9.0 9
59 -9.0 9
0 -50.0 50
1 -50.0 50
2 -50.0 50
3 -34.0 34
4 -50.0 50
5 -50.0 50
6 -50.0 50
7 -50.0 50
8 -50.0 50
9 -50.0 50
10 -50.0 50
11 -50.0 50
12 -50.0 50
13 -50.0 50
14 -50.0 50
15 -50.0 50
16 -50.0 50
17 -50.0 50
18 -50.0 50
19 -50.0 50
20 -50.0 50
21 -50.0 50
22 -50.0 50
23 -50.0 50
24 -50.0 50
25 -50.0 50
26 -50.0 50
27 -50.0 50
28 -50.0 50
29 -50.0 50
30 -50.0 50
31 -50.0 50
32 -50.0 50
33 -48.0 48
34 -50.0 50
35 -50.0 50
36 -50.0 50
37 -50.0 50
38 -50.0 50
39 -50.0 50
40 -29.0 29
41 -16.0 16
42 -45.0 45
43 -50.0 50
44 -50.0 50
45 -50.0 50
46 -50.0 50
47 -50.0 50
48 -37.0 37
49 -50.0 50
50 -50.0 50
51 -50.0 50
52 -33.0 33
53 -13.0 13
54 -14.0 14
55 -16.0 16
56 -9.0 9
57 -11.0 11
58 -9.0 9
59 -10.0 10
