0 -29.0 29
1 -50.0 50
2 -50.0 50
3 -50.0 50
4 -15.0 15
5 -48.0 48
6 -50.0 50
7 -50.0 50
8 -31.0 31
9 -28.0 28
10 -8.0 8
11 -8.0 8
12 -12.0 12
13 -8.0 8
14 -9.0 9
15 -7.0 7
16 -8.0 8
17 -9.0 9
18 -8.0 8
19 -8.0 8
20 -9.0 9
21 -8.0 8
22 -7.0 7
23 -7.0 7
24 -7.0 7
25 -7.0 7
0 -50.0 50
1 -50.0 50
2 -46.0 46
3 -50.0 50
4 -50.0 50
5 -34.0 34
6 -10.0 10
7 -11.0 11
8 -27.0 27
9 -36.0 36
10 -27.0 27
11 -14.0 14
12 -10.0 10
13 -9.0 9
14 -12.0 12
15 -10.0 10
16 -7.0 7
17 -9.0 9
18 -8.0 8
19 -7.0 7
20 -10.0 10
21 -8.0 8
22 -7.0 7
23 -7.0 7
24 -7.0 7
25 -7.0 7
0 -50.0 50
1 -50.0 50
2 -41.0 41
3 -50.0 50
4 -50.0 50
5 -25.0 25
6 -22.0 22
7 -15.0 15
8 -14.0 14
9 -50.0 50
10 -33.0 33
11 -15.0 15
12 -8.0 8
13 -7.0 7
14 -7.0 7
15 -7.0 7
16 -9.0 9
17 -12.0 12
18 -7.0 7
19 -9.0 9
20 -8.0 8
21 -10.0 10
22 -9.0 9
23 -7.0 7
24 -7.0 7
25 -7.0 7
0 -28.0 28
1 -50.0 50
2 -50.0 50
3 -50.0 50
4 -25.0 25
5 -50.0 50
6 -27.0 27
7 -50.0 50
8 -50.0 50
9 -15.0 15
10 -7.0 7
11 -13.0 13
12 -10.0 10
13 -7.0 7
14 -8.0 8
15 -12.0 12
16 -10.0 10
17 -8.0 8
18 -17.0 17
19 -9.0 9
20 -7.0 7
21 -7.0 7
22 -7.0 7
23 -7.0 7
24 -7.0 7
25 -7.0 7
0 -38.0 38
1 -50.0 50
2 -50.0 50
3 -50.0 50
4 -50.0 50
5 -45.0 45
6 -28.0 28
7 -11.0 11
8 -14.0 14
9 -11.0 11
10 -11.0 11
11 -7.0 7
12 -7.0 7
13 -10.0 10
14 -14.0 14
15 -11.0 11
16 -7.0 7
17 -10.0 10
18 -7.0 7
19 -7.0 7
20 -9.0 9
21 -7.0 7
22 -7.0 7
23 -11.0 11
24 -10.0 10
25 -7.0 7
0 -50.0 50
1 -50.0 50
2 -32.0 32
3 -50.0 50
4 -31.0 31
5 -50.0 50
6 -22.0 22
7 -23.0 23
8 -23.0 23
9 -21.0 21
10 -11.0 11
11 -8.0 8
12 -8.0 8
13 -7.0 7
14 -8.0 8
15 -18.0 18
16 -50.0 50
17 -31.0 31
18 -11.0 11
19 -11.0 11
20 -8.0 8
21 -7.0 7
22 -7.0 7
23 -8.0 8
24 -7.0 7
25 -7.0 7
0 -50.0 50
1 -50.0 50
2 -50.0 50
3 -50.0 50
4 -13.0 13
5 -22.0 22
6 -30.0 30
7 -50.0 50
8 -26.0 26
9 -17.0 17
10 -9.0 9
11 -10.0 10
12 -9.0 9
13 -21.0 21
14 -7.0 7
15 -14.0 14
16 -42.0 42
17 -12.0 12
18 -8.0 8
19 -7.0 7
20 -7.0 7
21 -11.0 11
22 -7.0 7
23 -7.0 7
24 -7.0 7
25 -7.0 7
0 -50.0 50
1 -50.0 50
2 -50.0 50
3 -46.0 46
4 -35.0 35
5 -50.0 50
6 -19.0 19
7 -10.0 10
8 -12.0 12
9 -15.0 15
10 -9.0 9
11 -7.0 7
12 -20.0 20
13 -24.0 24
14 -7.0 7
15 -11.0 11
16 -11.0 11
17 -7.0 7
18 -7.0 7
19 -8.0 8
20 -7.0 7
21 -7.0 7
22 -9.0 9
23 -7.0 7
24 -7.0 7
25 -7.0 7
0 -50.0 50
1 -50.0 50
2 -27.0 27
3 -50.0 50
4 -50.0 50
5 -43.0 43
6 -18.0 18
7 -45.0 45
8 -10.0 10
9 -12.0 12
10 -12.0 12
11 -15.0 15
12 -12.0 12
13 -9.0 9
14 -10.0 10
15 -10.0 10
16 -8.0 8
17 -8.0 8
18 -8.0 8
19 -7.0 7
20 -10.0 10
21 -13.0 13
22 -7.0 7
23 -9.0 9
24 -7.0 7
25 -7.0 7
0 -50.0 50
1 -50.0 50
2 -50.0 50
3 -32.0 32
4 -42.0 42
5 -46.0 46
6 -46.0 46
7 -14.0 14
8 -19.0 19
9 -24.0 24
10 -29.0 29
11 -32.0 32
12 -13.0 13
13 -48.0 48
14 -19.0 19
15 -13.0 13
16 -16.0 16
17 -8.0 8
18 -7.0 7
19 -7.0 7
20 -7.0 7
21 -8.0 8
22 -7.0 7
23 -7.0 7
24 -7.0 7
25 -7.0 7
0 -50.0 50
1 -50.0 50
2 -50.0 50
3 -50.0 50
4 -9.0 9
5 -13.0 13
6 -20.0 20
7 -34.0 34
8 -41.0 41
9 -49.0 49
10 -11.0 11
11 -7.0 7
12 -7.0 7
13 -7.0 7
14 -11.0 11
15 -8.0 8
16 -8.0 8
17 -8.0 8
18 -8.0 8
19 -7.0 7
20 -7.0 7
21 -8.0 8
22 -7.0 7
23 -14.0 14
24 -14.0 14
25 -10.0 10
0 -50.0 50
1 -50.0 50
2 -50.0 50
3 -50.0 50
4 -50.0 50
5 -26.0 26
6 -37.0 37
7 -50.0 50
8 -16.0 16
9 -13.0 13
10 -15.0 15
11 -12.0 12
12 -12.0 12
13 -8.0 8
14 -9.0 9
15 -8.0 8
16 -7.0 7
17 -7.0 7
18 -11.0 11
19 -19.0 19
20 -15.0 15
21 -8.0 8
22 -7.0 7
23 -7.0 7
24 -7.0 7
25 -7.0 7
0 -50.0 50
1 -50.0 50
2 -21.0 21
3 -25.0 25
4 -50.0 50
5 -50.0 50
6 -50.0 50
7 -49.0 49
8 -27.0 27
9 -19.0 19
10 -12.0 12
11 -9.0 9
12 -8.0 8
13 -12.0 12
14 -10.0 10
15 -12.0 12
16 -13.0 13
17 -10.0 10
18 -9.0 9
19 -7.0 7
20 -7.0 7
21 -7.0 7
22 -7.0 7
23 -7.0 7
24 -7.0 7
25 -7.0 7
0 -50.0 50
1 -50.0 50
2 -50.0 50
3 -43.0 43
4 -28.0 28
5 -25.0 25
6 -50.0 50
7 -13.0 13
8 -21.0 21
9 -31.0 31
10 -25.0 25
11 -32.0 32
12 -14.0 14
13 -16.0 16
14 -19.0 19
15 -34.0 34
16 -8.0 8
17 -8.0 8
18 -7.0 7
19 -8.0 8
20 -7.0 7
21 -7.0 7
22 -7.0 7
23 -7.0 7
24 -7.0 7
25 -7.0 7
0 -50.0 50
1 -26.0 26
2 -50.0 50
3 -50.0 50
4 -19.0 19
5 -29.0 29
6 -50.0 50
7 -50.0 50
8 -24.0 24
9 -22.0 22
10 -16.0 16
11 -12.0 12
12 -11.0 11
13 -8.0 8
14 -15.0 15
15 -23.0 23
16 -33.0 33
17 -7.0 7
18 -7.0 7
19 -7.0 7
20 -7.0 7
21 -7.0 7
22 -7.0 7
23 -7.0 7
24 -7.0 7
25 -7.0 7
0 -48.0 48
1 -46.0 46
2 -50.0 50
3 -50.0 50
4 -31.0 31
5 -49.0 49
6 -50.0 50
7 -50.0 50
8 -14.0 14
9 -15.0 15
10 -14.0 14
11 -13.0 13
12 -17.0 17
13 -11.0 11
14 -9.0 9
15 -13.0 13
16 -9.0 9
17 -48.0 48
18 -13.0 13
19 -11.0 11
20 -7.0 7
21 -8.0 8
22 -7.0 7
23 -7.0 7
24 -7.0 7
25 -7.0 7
0 -50.0 50
1 -50.0 50
2 -50.0 50
3 -20.0 20
4 -32.0 32
5 -50.0 50
6 -50.0 50
7 -37.0 37
8 -15.0 15
9 -8.0 8
10 -12.0 12
11 -16.0 16
12 -36.0 36
13 -14.0 14
14 -15.0 15
15 -15.0 15
16 -12.0 12
17 -7.0 7
18 -7.0 7
19 -8.0 8
20 -9.0 9
21 -7.0 7
22 -7.0 7
23 -7.0 7
24 -7.0 7
25 -7.0 7
0 -32.0 32
1 -50.0 50
2 -50.0 50
3 -50.0 50
4 -22.0 22
5 -50.0 50
6 -16.0 16
7 -50.0 50
8 -50.0 50
9 -40.0 40
10 -14.0 14
11 -7.0 7
12 -7.0 7
13 -9.0 9
14 -9.0 9
15 -11.0 11
16 -9.0 9
17 -14.0 14
18 -15.0 15
19 -22.0 22
20 -7.0 7
21 -8.0 8
22 -7.0 7
23 -7.0 7
24 -7.0 7
25 -7.0 7
0 -50.0 50
1 -36.0 36
2 -38.0 38
3 -50.0 50
4 -31.0 31
5 -50.0 50
6 -26.0 26
7 -50.0 50
8 -30.0 30
9 -14.0 14
10 -7.0 7
11 -8.0 8
12 -11.0 11
13 -14.0 14
14 -42.0 42
15 -10.0 10
16 -7.0 7
17 -8.0 8
18 -7.0 7
19 -7.0 7
20 -10.0 10
21 -7.0 7
22 -7.0 7
23 -7.0 7
24 -7.0 7
25 -9.0 9
0 -50.0 50
1 -50.0 50
2 -20.0 20
3 -34.0 34
4 -34.0 34
5 -50.0 50
6 -31.0 31
7 -38.0 38
8 -46.0 46
9 -38.0 38
10 -18.0 18
11 -7.0 7
12 -10.0 10
13 -13.0 13
14 -7.0 7
15 -14.0 14
16 -10.0 10
17 -40.0 40
18 -11.0 11
19 -7.0 7
20 -7.0 7
21 -8.0 8
22 -7.0 7
23 -7.0 7
24 -7.0 7
25 -7.0 7
0 -50.0 50
1 -50.0 50
2 -50.0 50
3 -28.0 28
4 -50.0 50
5 -21.0 21
6 -36.0 36
7 -50.0 50
8 -16.0 16
9 -23.0 23
10 -20.0 20
11 -17.0 17
12 -9.0 9
13 -9.0 9
14 -7.0 7
15 -9.0 9
16 -8.0 8
17 -7.0 7
18 -7.0 7
19 -9.0 9
20 -8.0 8
21 -9.0 9
22 -11.0 11
23 -7.0 7
24 -7.0 7
25 -7.0 7
0 -19.0 19
1 -50.0 50
2 -50.0 50
3 -24.0 24
4 -50.0 50
5 -40.0 40
6 -50.0 50
7 -31.0 31
8 -8.0 8
9 -21.0 21
10 -50.0 50
11 -27.0 27
12 -12.0 12
13 -13.0 13
14 -13.0 13
15 -17.0 17
16 -26.0 26
17 -14.0 14
18 -13.0 13
19 -14.0 14
20 -8.0 8
21 -7.0 7
22 -7.0 7
23 -7.0 7
24 -7.0 7
25 -8.0 8
0 -50.0 50
1 -50.0 50
2 -50.0 50
3 -21.0 21
4 -29.0 29
5 -27.0 27
6 -50.0 50
7 -30.0 30
8 -24.0 24
9 -50.0 50
10 -15.0 15
11 -14.0 14
12 -11.0 11
13 -8.0 8
14 -7.0 7
15 -7.0 7
16 -7.0 7
17 -13.0 13
18 -15.0 15
19 -10.0 10
20 -7.0 7
21 -7.0 7
22 -7.0 7
23 -7.0 7
24 -7.0 7
25 -7.0 7
0 -50.0 50
1 -50.0 50
2 -50.0 50
3 -26.0 26
4 -50.0 50
5 -29.0 29
6 -34.0 34
7 -38.0 38
8 -13.0 13
9 -7.0 7
10 -8.0 8
11 -7.0 7
12 -7.0 7
13 -10.0 10
14 -10.0 10
15 -9.0 9
16 -14.0 14
17 -10.0 10
18 -8.0 8
19 -7.0 7
20 -7.0 7
21 -10.0 10
22 -10.0 10
23 -7.0 7
24 -7.0 7
25 -7.0 7
0 -35.0 35
1 -50.0 50
2 -50.0 50
3 -48.0 48
4 -25.0 25
5 -48.0 48
6 -29.0 29
7 -50.0 50
8 -50.0 50
9 -37.0 37
10 -14.0 14
11 -19.0 19
12 -14.0 14
13 -7.0 7
14 -7.0 7
15 -7.0 7
16 -11.0 11
17 -16.0 16
18 -14.0 14
19 -7.0 7
20 -7.0 7
21 -7.0 7
22 -7.0 7
23 -7.0 7
24 -7.0 7
25 -7.0 7
0 -50.0 50
1 -47.0 47
2 -50.0 50
3 -18.0 18
4 -50.0 50
5 -50.0 50
6 -40.0 40
7 -50.0 50
8 -50.0 50
9 -9.0 9
10 -7.0 7
11 -9.0 9
12 -17.0 17
13 -14.0 14
14 -12.0 12
15 -7.0 7
16 -9.0 9
17 -7.0 7
18 -8.0 8
19 -10.0 10
20 -7.0 7
21 -7.0 7
22 -7.0 7
23 -7.0 7
24 -7.0 7
25 -7.0 7
0 -50.0 50
1 -35.0 35
2 -50.0 50
3 -33.0 33
4 -50.0 50
5 -25.0 25
6 -23.0 23
7 -50.0 50
8 -50.0 50
9 -13.0 13
10 -7.0 7
11 -15.0 15
12 -40.0 40
13 -7.0 7
14 -8.0 8
15 -11.0 11
16 -7.0 7
17 -8.0 8
18 -9.0 9
19 -7.0 7
20 -7.0 7
21 -10.0 10
22 -7.0 7
23 -7.0 7
24 -7.0 7
25 -7.0 7
0 -50.0 50
1 -50.0 50
2 -43.0 43
3 -49.0 49
4 -50.0 50
5 -50.0 50
6 -18.0 18
7 -8.0 8
8 -8.0 8
9 -8.0 8
10 -12.0 12
11 -47.0 47
12 -44.0 44
13 -7.0 7
14 -8.0 8
15 -11.0 11
16 -14.0 14
17 -8.0 8
18 -7.0 7
19 -7.0 7
20 -9.0 9
21 -9.0 9
22 -7.0 7
23 -7.0 7
24 -7.0 7
25 -7.0 7
0 -22.0 22
1 -50.0 50
2 -50.0 50
3 -50.0 50
4 -33.0 33
5 -50.0 50
6 -14.0 14
7 -13.0 13
8 -21.0 21
9 -19.0 19
10 -14.0 14
11 -12.0 12
12 -9.0 9
13 -8.0 8
14 -8.0 8
15 -9.0 9
16 -25.0 25
17 -15.0 15
18 -18.0 18
19 -13.0 13
20 -7.0 7
21 -7.0 7
22 -7.0 7
23 -7.0 7
24 -7.0 7
25 -9.0 9
0 -50.0 50
1 -50.0 50
2 -23.0 23
3 -38.0 38
4 -50.0 50
5 -13.0 13
6 -10.0 10
7 -50.0 50
8 -32.0 32
9 -50.0 50
10 -14.0 14
11 -10.0 10
12 -7.0 7
13 -9.0 9
14 -11.0 11
15 -21.0 21
16 -15.0 15
17 -7.0 7
18 -10.0 10
19 -7.0 7
20 -9.0 9
21 -7.0 7
22 -8.0 8
23 -7.0 7
24 -7.0 7
25 -7.0 7
0 -50.0 50
1 -50.0 50
2 -50.0 50
3 -46.0 46
4 -50.0 50
5 -22.0 22
6 -27.0 27
7 -50.0 50
8 -20.0 20
9 -11.0 11
10 -8.0 8
11 -7.0 7
12 -8.0 8
13 -7.0 7
14 -11.0 11
15 -14.0 14
16 -9.0 9
17 -7.0 7
18 -9.0 9
19 -14.0 14
20 -13.0 13
21 -11.0 11
22 -7.0 7
23 -7.0 7
24 -7.0 7
25 -7.0 7
0 -50.0 50
1 -33.0 33
2 -50.0 50
3 -50.0 50
4 -32.0 32
5 -40.0 40
6 -50.0 50
7 -23.0 23
8 -15.0 15
9 -8.0 8
10 -7.0 7
11 -7.0 7
12 -32.0 32
13 -11.0 11
14 -29.0 29
15 -21.0 21
16 -13.0 13
17 -18.0 18
18 -13.0 13
19 -9.0 9
20 -7.0 7
21 -8.0 8
22 -9.0 9
23 -7.0 7
24 -7.0 7
25 -7.0 7
0 -50.0 50
1 -50.0 50
2 -50.0 50
3 -21.0 21
4 -27.0 27
5 -21.0 21
6 -49.0 49
7 -50.0 50
8 -8.0 8
9 -11.0 11
10 -15.0 15
11 -8.0 8
12 -50.0 50
13 -50.0 50
14 -29.0 29
15 -33.0 33
16 -14.0 14
17 -8.0 8
18 -7.0 7
19 -7.0 7
20 -7.0 7
21 -7.0 7
22 -8.0 8
23 -7.0 7
24 -7.0 7
25 -7.0 7
0 -50.0 50
1 -50.0 50
2 -50.0 50
3 -50.0 50
4 -50.0 50
5 -47.0 47
6 -21.0 21
7 -12.0 12
8 -16.0 16
9 -23.0 23
10 -7.0 7
11 -9.0 9
12 -18.0 18
13 -8.0 8
14 -12.0 12
15 -7.0 7
16 -7.0 7
17 -13.0 13
18 -8.0 8
19 -7.0 7
20 -9.0 9
21 -10.0 10
22 -13.0 13
23 -13.0 13
24 -7.0 7
25 -7.0 7
0 -50.0 50
1 -50.0 50
2 -50.0 50
3 -50.0 50
4 -37.0 37
5 -37.0 37
6 -17.0 17
7 -32.0 32
8 -15.0 15
9 -12.0 12
10 -12.0 12
11 -16.0 16
12 -13.0 13
13 -7.0 7
14 -12.0 12
15 -9.0 9
16 -7.0 7
17 -8.0 8
18 -14.0 14
19 -7.0 7
20 -9.0 9
21 -12.0 12
22 -7.0 7
23 -7.0 7
24 -7.0 7
25 -7.0 7
0 -40.0 40
1 -50.0 50
2 -50.0 50
3 -29.0 29
4 -31.0 31
5 -50.0 50
6 -50.0 50
7 -31.0 31
8 -22.0 22
9 -18.0 18
10 -10.0 10
11 -10.0 10
12 -8.0 8
13 -7.0 7
14 -7.0 7
15 -7.0 7
16 -9.0 9
17 -9.0 9
18 -7.0 7
19 -11.0 11
20 -7.0 7
21 -9.0 9
22 -7.0 7
23 -7.0 7
24 -7.0 7
25 -7.0 7
0 -50.0 50
1 -43.0 43
2 -50.0 50
3 -50.0 50
4 -50.0 50
5 -50.0 50
6 -31.0 31
7 -14.0 14
8 -18.0 18
9 -9.0 9
10 -10.0 10
11 -10.0 10
12 -12.0 12
13 -15.0 15
14 -20.0 20
15 -12.0 12
16 -15.0 15
17 -28.0 28
18 -16.0 16
19 -17.0 17
20 -11.0 11
21 -7.0 7
22 -7.0 7
23 -7.0 7
24 -7.0 7
25 -7.0 7
0 -50.0 50
1 -50.0 50
2 -50.0 50
3 -50.0 50
4 -34.0 34
5 -50.0 50
6 -23.0 23
7 -17.0 17
8 -24.0 24
9 -17.0 17
10 -12.0 12
11 -15.0 15
12 -42.0 42
13 -40.0 40
14 -20.0 20
15 -11.0 11
16 -8.0 8
17 -7.0 7
18 -8.0 8
19 -9.0 9
20 -7.0 7
21 -7.0 7
22 -7.0 7
23 -7.0 7
24 -7.0 7
25 -7.0 7
0 -22.0 22
1 -50.0 50
2 -50.0 50
3 -50.0 50
4 -34.0 34
5 -47.0 47
6 -50.0 50
7 -50.0 50
8 -16.0 16
9 -21.0 21
10 -18.0 18
11 -9.0 9
12 -7.0 7
13 -12.0 12
14 -11.0 11
15 -8.0 8
16 -9.0 9
17 -7.0 7
18 -7.0 7
19 -9.0 9
20 -9.0 9
21 -7.0 7
22 -7.0 7
23 -7.0 7
24 -7.0 7
25 -7.0 7
0 -50.0 50
1 -50.0 50
2 -50.0 50
3 -27.0 27
4 -11.0 11
5 -50.0 50
6 -50.0 50
7 -40.0 40
8 -26.0 26
9 -50.0 50
10 -7.0 7
11 -9.0 9
12 -8.0 8
13 -10.0 10
14 -7.0 7
15 -7.0 7
16 -7.0 7
17 -11.0 11
18 -8.0 8
19 -9.0 9
20 -8.0 8
21 -8.0 8
22 -7.0 7
23 -7.0 7
24 -7.0 7
25 -7.0 7
