0 -50.0 50
1 -50.0 50
2 -25.0 25
3 -50.0 50
4 -50.0 50
5 -50.0 50
6 -50.0 50
7 -50.0 50
8 -50.0 50
9 -50.0 50
10 -50.0 50
11 -50.0 50
12 -50.0 50
13 -50.0 50
14 -50.0 50
15 -50.0 50
16 -50.0 50
17 -50.0 50
18 -50.0 50
19 -50.0 50
20 -50.0 50
21 -50.0 50
22 -50.0 50
23 -50.0 50
24 -50.0 50
25 -50.0 50
26 -50.0 50
27 -50.0 50
28 -50.0 50
29 -50.0 50
30 -45.0 45
31 -50.0 50
32 -50.0 50
33 -50.0 50
34 -41.0 41
35 -50.0 50
36 -50.0 50
37 -50.0 50
38 -14.0 14
39 -50.0 50
40 -50.0 50
41 -50.0 50
42 -50.0 50
43 -50.0 50
44 -50.0 50
45 -11.0 11
46 -11.0 11
47 -11.0 11
48 -13.0 13
49 -15.0 15
50 -10.0 10
51 -21.0 21
52 -12.0 12
53 -18.0 18
54 -16.0 16
55 -13.0 13
56 -18.0 18
57 -50.0 50
58 -36.0 36
59 -15.0 15
60 -9.0 9
61 -9.0 9
62 -9.0 9
63 -12.0 12
64 -9.0 9
65 -10.0 10
66 -9.0 9
67 -9.0 9
68 -9.0 9
69 -9.0 9
70 -9.0 9
71 -9.0 9
72 -9.0 9
73 -9.0 9
74 -9.0 9
0 -50.0 50
1 -50.0 50
2 -50.0 50
3 -50.0 50
4 -50.0 50
5 -50.0 50
6 -50.0 50
7 -50.0 50
8 -50.0 50
9 -50.0 50
10 -50.0 50
11 -50.0 50
12 -50.0 50
13 -50.0 50
14 -50.0 50
15 -50.0 50
16 -50.0 50
17 -50.0 50
18 -50.0 50
19 -50.0 50
20 -50.0 50
21 -50.0 50
22 -50.0 50
23 -50.0 50
24 -50.0 50
25 -50.0 50
26 -38.0 38
27 -50.0 50
28 -50.0 50
29 -50.0 50
30 -50.0 50
31 -50.0 50
32 -50.0 50
33 -50.0 50
34 -33.0 33
35 -50.0 50
36 -50.0 50
37 -50.0 50
38 -50.0 50
39 -50.0 50
40 -50.0 50
41 -50.0 50
42 -27.0 27
43 -17.0 17
44 -11.0 11
45 -11.0 11
46 -15.0 15
47 -39.0 39
48 -50.0 50
49 -19.0 19
50 -20.0 20
51 -50.0 50
52 -16.0 16
53 -11.0 11
54 -12.0 12
55 -9.0 9
56 -20.0 20
57 -10.0 10
58 -9.0 9
59 -9.0 9
60 -9.0 9
61 -9.0 9
62 -9.0 9
63 -9.0 9
64 -9.0 9
65 -9.0 9
66 -9.0 9
67 -9.0 9
68 -9.0 9
69 -13.0 13
70 -14.0 14
71 -11.0 11
72 -9.0 9
73 -9.0 9
74 -11.0 11
0 -50.0 50
1 -50.0 50
2 -50.0 50
3 -50.0 50
4 -34.0 34
5 -50.0 50
6 -50.0 50
7 -50.0 50
8 -50.0 50
9 -50.0 50
10 -50.0 50
11 -50.0 50
12 -50.0 50
13 -50.0 50
14 -50.0 50
15 -50.0 50
16 -50.0 50
17 -50.0 50
18 -50.0 50
19 -50.0 50
20 -50.0 50
21 -50.0 50
22 -50.0 50
23 -50.0 50
24 -50.0 50
25 -50.0 50
26 -50.0 50
27 -50.0 50
28 -32.0 32
29 -50.0 50
30 -50.0 50
31 -50.0 50
32 -50.0 50
33 -50.0 50
34 -35.0 35
35 -50.0 50
36 -43.0 43
37 -50.0 50
38 -50.0 50
39 -50.0 50
40 -28.0 28
41 -50.0 50
42 -50.0 50
43 -50.0 50
44 -50.0 50
45 -50.0 50
46 -50.0 50
47 -50.0 50
48 -50.0 50
49 -50.0 50
50 -30.0 30
51 -26.0 26
52 -20.0 20
53 -33.0 33
54 -50.0 50
55 -21.0 21
56 -9.0 9
57 -15.0 15
58 -17.0 17
59 -14.0 14
60 -9.0 9
61 -9.0 9
62 -11.0 11
63 -11.0 11
64 -9.0 9
65 -11.0 11
66 -16.0 16
67 -18.0 18
68 -31.0 31
69 -9.0 9
70 -9.0 9
71 -9.0 9
72 -9.0 9
73 -9.0 9
74 -9.0 9
0 -50.0 50
1 -50.0 50
2 -50.0 50
3 -50.0 50
4 -50.0 50
5 -50.0 50
6 -50.0 50
7 -50.0 50
8 -50.0 50
9 -50.0 50
10 -48.0 48
11 -50.0 50
12 -50.0 50
13 -50.0 50
14 -50.0 50
15 -50.0 50
16 -50.0 50
17 -50.0 50
18 -50.0 50
19 -48.0 48
20 -50.0 50
21 -50.0 50
22 -50.0 50
23 -50.0 50
24 -50.0 50
25 -50.0 50
26 -50.0 50
27 -23.0 23
28 -50.0 50
29 -50.0 50
30 -50.0 50
31 -50.0 50
32 -50.0 50
33 -50.0 50
34 -50.0 50
35 -50.0 50
36 -50.0 50
37 -50.0 50
38 -22.0 22
39 -50.0 50
40 -50.0 50
41 -50.0 50
42 -50.0 50
43 -50.0 50
44 -39.0 39
45 -50.0 50
46 -13.0 13
47 -9.0 9
48 -11.0 11
49 -12.0 12
50 -30.0 30
51 -13.0 13
52 -26.0 26
53 -47.0 47
54 -50.0 50
55 -50.0 50
56 -17.0 17
57 -33.0 33
58 -50.0 50
59 -30.0 30
60 -14.0 14
61 -12.0 12
62 -9.0 9
63 -9.0 9
64 -15.0 15
65 -12.0 12
66 -12.0 12
67 -10.0 10
68 -12.0 12
69 -9.0 9
70 -9.0 9
71 -9.0 9
72 -9.0 9
73 -9.0 9
74 -9.0 9
0 -50.0 50
1 -50.0 50
2 -50.0 50
3 -50.0 50
4 -50.0 50
5 -50.0 50
6 -50.0 50
7 -50.0 50
8 -50.0 50
9 -50.0 50
10 -50.0 50
11 -50.0 50
12 -50.0 50
13 -50.0 50
14 -50.0 50
15 -50.0 50
16 -29.0 29
17 -50.0 50
18 -50.0 50
19 -50.0 50
20 -50.0 50
21 -50.0 50
22 -50.0 50
23 -50.0 50
24 -50.0 50
25 -50.0 50
26 -50.0 50
27 -29.0 29
28 -50.0 50
29 -50.0 50
30 -50.0 50
31 -50.0 50
32 -50.0 50
33 -50.0 50
34 -50.0 50
35 -50.0 50
36 -40.0 40
37 -36.0 36
38 -39.0 39
39 -41.0 41
40 -42.0 42
41 -50.0 50
42 -50.0 50
43 -50.0 50
44 -25.0 25
45 -50.0 50
46 -50.0 50
47 -50.0 50
48 -50.0 50
49 -29.0 29
50 -30.0 30
51 -14.0 14
52 -14.0 14
53 -19.0 19
54 -26.0 26
55 -17.0 17
56 -28.0 28
57 -15.0 15
58 -10.0 10
59 -9.0 9
60 -9.0 9
61 -11.0 11
62 -10.0 10
63 -10.0 10
64 -9.0 9
65 -9.0 9
66 -11.0 11
67 -14.0 14
68 -13.0 13
69 -12.0 12
70 -9.0 9
71 -9.0 9
72 -9.0 9
73 -9.0 9
74 -9.0 9
0 -50.0 50
1 -50.0 50
2 -50.0 50
3 -50.0 50
4 -50.0 50
5 -50.0 50
6 -50.0 50
7 -50.0 50
8 -50.0 50
9 -50.0 50
10 -50.0 50
11 -50.0 50
12 -32.0 32
13 -50.0 50
14 -50.0 50
15 -50.0 50
16 -50.0 50
17 -50.0 50
18 -50.0 50
19 -50.0 50
20 -50.0 50
21 -50.0 50
22 -50.0 50
23 -50.0 50
24 -50.0 50
25 -50.0 50
26 -50.0 50
27 -50.0 50
28 -50.0 50
29 -26.0 26
30 -50.0 50
31 -50.0 50
32 -50.0 50
33 -50.0 50
34 -50.0 50
35 -50.0 50
36 -50.0 50
37 -34.0 34
38 -50.0 50
39 -50.0 50
40 -50.0 50
41 -47.0 47
42 -28.0 28
43 -50.0 50
44 -50.0 50
45 -50.0 50
46 -40.0 40
47 -14.0 14
48 -12.0 12
49 -14.0 14
50 -50.0 50
51 -21.0 21
52 -33.0 33
53 -19.0 19
54 -11.0 11
55 -22.0 22
56 -19.0 19
57 -50.0 50
58 -23.0 23
59 -15.0 15
60 -23.0 23
61 -9.0 9
62 -10.0 10
63 -9.0 9
64 -9.0 9
65 -9.0 9
66 -9.0 9
67 -9.0 9
68 -9.0 9
69 -9.0 9
70 -9.0 9
71 -9.0 9
72 -9.0 9
73 -9.0 9
74 -9.0 9
0 -50.0 50
1 -50.0 50
2 -50.0 50
3 -50.0 50
4 -50.0 50
5 -50.0 50
6 -50.0 50
7 -50.0 50
8 -50.0 50
9 -50.0 50
10 -50.0 50
11 -50.0 50
12 -47.0 47
13 -50.0 50
14 -50.0 50
15 -50.0 50
16 -50.0 50
17 -50.0 50
18 -50.0 50
19 -50.0 50
20 -50.0 50
21 -50.0 50
22 -50.0 50
23 -50.0 50
24 -50.0 50
25 -50.0 50
26 -50.0 50
27 -50.0 50
28 -50.0 50
29 -50.0 50
30 -50.0 50
31 -50.0 50
32 -50.0 50
33 -43.0 43
34 -34.0 34
35 -50.0 50
36 -50.0 50
37 -41.0 41
38 -50.0 50
39 -50.0 50
40 -50.0 50
41 -44.0 44
42 -50.0 50
43 -27.0 27
44 -25.0 25
45 -50.0 50
46 -11.0 11
47 -10.0 10
48 -15.0 15
49 -19.0 19
50 -14.0 14
51 -14.0 14
52 -15.0 15
53 -27.0 27
54 -14.0 14
55 -26.0 26
56 -14.0 14
57 -13.0 13
58 -9.0 9
59 -9.0 9
60 -9.0 9
61 -10.0 10
62 -9.0 9
63 -10.0 10
64 -11.0 11
65 -15.0 15
66 -17.0 17
67 -47.0 47
68 -15.0 15
69 -9.0 9
70 -9.0 9
71 -9.0 9
72 -9.0 9
73 -9.0 9
74 -9.0 9
0 -50.0 50
1 -50.0 50
2 -50.0 50
3 -50.0 50
4 -50.0 50
5 -50.0 50
6 -50.0 50
7 -50.0 50
8 -50.0 50
9 -50.0 50
10 -50.0 50
11 -50.0 50
12 -50.0 50
13 -50.0 50
14 -50.0 50
15 -50.0 50
16 -50.0 50
17 -50.0 50
18 -50.0 50
19 -50.0 50
20 -50.0 50
21 -50.0 50
22 -50.0 50
23 -37.0 37
24 -50.0 50
25 -50.0 50
26 -50.0 50
27 -50.0 50
28 -50.0 50
29 -27.0 27
30 -50.0 50
31 -50.0 50
32 -50.0 50
33 -50.0 50
34 -50.0 50
35 -50.0 50
36 -50.0 50
37 -50.0 50
38 -50.0 50
39 -50.0 50
40 -50.0 50
41 -30.0 30
42 -50.0 50
43 -50.0 50
44 -16.0 16
45 -22.0 22
46 -25.0 25
47 -50.0 50
48 -50.0 50
49 -50.0 50
50 -50.0 50
51 -28.0 28
52 -50.0 50
53 -50.0 50
54 -50.0 50
55 -50.0 50
56 -30.0 30
57 -22.0 22
58 -15.0 15
59 -12.0 12
60 -19.0 19
61 -10.0 10
62 -9.0 9
63 -9.0 9
64 -9.0 9
65 -9.0 9
66 -9.0 9
67 -13.0 13
68 -10.0 10
69 -12.0 12
70 -16.0 16
71 -18.0 18
72 -9.0 9
73 -9.0 9
74 -9.0 9
0 -50.0 50
1 -50.0 50
2 -50.0 50
3 -50.0 50
4 -50.0 50
5 -50.0 50
6 -50.0 50
7 -50.0 50
8 -50.0 50
9 -38.0 38
10 -50.0 50
11 -50.0 50
12 -50.0 50
13 -50.0 50
14 -50.0 50
15 -50.0 50
16 -50.0 50
17 -50.0 50
18 -50.0 50
19 -50.0 50
20 -50.0 50
21 -50.0 50
22 -50.0 50
23 -50.0 50
24 -50.0 50
25 -50.0 50
26 -50.0 50
27 -48.0 48
28 -50.0 50
29 -50.0 50
30 -50.0 50
31 -50.0 50
32 -50.0 50
33 -50.0 50
34 -50.0 50
35 -50.0 50
36 -50.0 50
37 -50.0 50
38 -50.0 50
39 -50.0 50
40 -50.0 50
41 -27.0 27
42 -12.0 12
43 -13.0 13
44 -19.0 19
45 -50.0 50
46 -11.0 11
47 -12.0 12
48 -13.0 13
49 -13.0 13
50 -34.0 34
51 -15.0 15
52 -14.0 14
53 -21.0 21
54 -21.0 21
55 -50.0 50
56 -50.0 50
57 -50.0 50
58 -50.0 50
59 -38.0 38
60 -50.0 50
61 -50.0 50
62 -27.0 27
63 -16.0 16
64 -9.0 9
65 -9.0 9
66 -9.0 9
67 -9.0 9
68 -9.0 9
69 -9.0 9
70 -11.0 11
71 -9.0 9
72 -11.0 11
73 -11.0 11
74 -9.0 9
0 -50.0 50
1 -50.0 50
2 -50.0 50
3 -50.0 50
4 -50.0 50
5 -50.0 50
6 -50.0 50
7 -50.0 50
8 -36.0 36
9 -50.0 50
10 -50.0 50
11 -50.0 50
12 -50.0 50
13 -50.0 50
14 -50.0 50
15 -50.0 50
16 -50.0 50
17 -50.0 50
18 -50.0 50
19 -50.0 50
20 -50.0 50
21 -50.0 50
22 -50.0 50
23 -50.0 50
24 -50.0 50
25 -50.0 50
26 -50.0 50
27 -50.0 50
28 -50.0 50
29 -50.0 50
30 -50.0 50
31 -50.0 50
32 -50.0 50
33 -50.0 50
34 -50.0 50
35 -50.0 50
36 -24.0 24
37 -50.0 50
38 -26.0 26
39 -50.0 50
40 -50.0 50
41 -50.0 50
42 -33.0 33
43 -50.0 50
44 -50.0 50
45 -50.0 50
46 -50.0 50
47 -50.0 50
48 -50.0 50
49 -28.0 28
50 -50.0 50
51 -28.0 28
52 -13.0 13
53 -37.0 37
54 -9.0 9
55 -15.0 15
56 -31.0 31
57 -9.0 9
58 -31.0 31
59 -15.0 15
60 -12.0 12
61 -10.0 10
62 -13.0 13
63 -13.0 13
64 -11.0 11
65 -9.0 9
66 -9.0 9
67 -9.0 9
68 -9.0 9
69 -9.0 9
70 -9.0 9
71 -9.0 9
72 -11.0 11
73 -10.0 10
74 -11.0 11
0 -50.0 50
1 -50.0 50
2 -50.0 50
3 -50.0 50
4 -50.0 50
5 -50.0 50
6 -50.0 50
7 -50.0 50
8 -50.0 50
9 -50.0 50
10 -50.0 50
11 -50.0 50
12 -31.0 31
13 -50.0 50
14 -50.0 50
15 -50.0 50
16 -50.0 50
17 -50.0 50
18 -50.0 50
19 -50.0 50
20 -50.0 50
21 -50.0 50
22 -50.0 50
23 -50.0 50
24 -50.0 50
25 -50.0 50
26 -50.0 50
27 -50.0 50
28 -48.0 48
29 -50.0 50
30 -50.0 50
31 -25.0 25
32 -50.0 50
33 -34.0 34
34 -50.0 50
35 -50.0 50
36 -50.0 50
37 -50.0 50
38 -48.0 48
39 -50.0 50
40 -46.0 46
41 -11.0 11
42 -50.0 50
43 -50.0 50
44 -50.0 50
45 -50.0 50
46 -20.0 20
47 -16.0 16
48 -19.0 19
49 -13.0 13
50 -11.0 11
51 -11.0 11
52 -10.0 10
53 -20.0 20
54 -24.0 24
55 -28.0 28
56 -12.0 12
57 -12.0 12
58 -13.0 13
59 -11.0 11
60 -11.0 11
61 -9.0 9
62 -13.0 13
63 -14.0 14
64 -9.0 9
65 -11.0 11
66 -9.0 9
67 -9.0 9
68 -9.0 9
69 -9.0 9
70 -9.0 9
71 -9.0 9
72 -9.0 9
73 -9.0 9
74 -9.0 9
0 -50.0 50
1 -50.0 50
2 -50.0 50
3 -50.0 50
4 -50.0 50
5 -50.0 50
6 -50.0 50
7 -50.0 50
8 -50.0 50
9 -50.0 50
10 -50.0 50
11 -50.0 50
12 -50.0 50
13 -50.0 50
14 -29.0 29
15 -50.0 50
16 -50.0 50
17 -50.0 50
18 -50.0 50
19 -50.0 50
20 -50.0 50
21 -50.0 50
22 -50.0 50
23 -50.0 50
24 -50.0 50
25 -50.0 50
26 -50.0 50
27 -50.0 50
28 -50.0 50
29 -50.0 50
30 -50.0 50
31 -50.0 50
32 -50.0 50
33 -50.0 50
34 -35.0 35
35 -50.0 50
36 -50.0 50
37 -50.0 50
38 -24.0 24
39 -50.0 50
40 -50.0 50
41 -50.0 50
42 -39.0 39
43 -50.0 50
44 -50.0 50
45 -36.0 36
46 -50.0 50
47 -28.0 28
48 -18.0 18
49 -50.0 50
50 -12.0 12
51 -11.0 11
52 -13.0 13
53 -16.0 16
54 -13.0 13
55 -16.0 16
56 -14.0 14
57 -50.0 50
58 -10.0 10
59 -13.0 13
60 -24.0 24
61 -13.0 13
62 -11.0 11
63 -10.0 10
64 -10.0 10
65 -10.0 10
66 -9.0 9
67 -9.0 9
68 -9.0 9
69 -9.0 9
70 -9.0 9
71 -9.0 9
72 -9.0 9
73 -9.0 9
74 -9.0 9
0 -50.0 50
1 -50.0 50
2 -50.0 50
3 -50.0 50
4 -50.0 50
5 -37.0 37
6 -50.0 50
7 -50.0 50
8 -50.0 50
9 -50.0 50
10 -50.0 50
11 -50.0 50
12 -50.0 50
13 -50.0 50
14 -50.0 50
15 -50.0 50
16 -50.0 50
17 -50.0 50
18 -50.0 50
19 -50.0 50
20 -50.0 50
21 -50.0 50
22 -50.0 50
23 -50.0 50
24 -50.0 50
25 -50.0 50
26 -50.0 50
27 -50.0 50
28 -50.0 50
29 -50.0 50
30 -50.0 50
31 -32.0 32
32 -50.0 50
33 -50.0 50
34 -50.0 50
35 -50.0 50
36 -50.0 50
37 -50.0 50
38 -40.0 40
39 -50.0 50
40 -50.0 50
41 -50.0 50
42 -50.0 50
43 -50.0 50
44 -26.0 26
45 -50.0 50
46 -50.0 50
47 -42.0 42
48 -50.0 50
49 -18.0 18
50 -17.0 17
51 -12.0 12
52 -15.0 15
53 -14.0 14
54 -16.0 16
55 -15.0 15
56 -18.0 18
57 -9.0 9
58 -11.0 11
59 -9.0 9
60 -11.0 11
61 -15.0 15
62 -20.0 20
63 -11.0 11
64 -9.0 9
65 -9.0 9
66 -9.0 9
67 -9.0 9
68 -9.0 9
69 -9.0 9
70 -13.0 13
71 -15.0 15
72 -9.0 9
73 -9.0 9
74 -9.0 9
0 -50.0 50
1 -50.0 50
2 -50.0 50
3 -50.0 50
4 -50.0 50
5 -50.0 50
6 -50.0 50
7 -50.0 50
8 -50.0 50
9 -50.0 50
10 -50.0 50
11 -47.0 47
12 -50.0 50
13 -50.0 50
14 -50.0 50
15 -50.0 50
16 -50.0 50
17 -50.0 50
18 -50.0 50
19 -50.0 50
20 -50.0 50
21 -50.0 50
22 -50.0 50
23 -50.0 50
24 -38.0 38
25 -50.0 50
26 -50.0 50
27 -50.0 50
28 -50.0 50
29 -50.0 50
30 -48.0 48
31 -50.0 50
32 -50.0 50
33 -50.0 50
34 -50.0 50
35 -50.0 50
36 -50.0 50
37 -50.0 50
38 -50.0 50
39 -50.0 50
40 -50.0 50
41 -50.0 50
42 -50.0 50
43 -50.0 50
44 -50.0 50
45 -28.0 28
46 -9.0 9
47 -50.0 50
48 -9.0 9
49 -16.0 16
50 -16.0 16
51 -25.0 25
52 -13.0 13
53 -13.0 13
54 -19.0 19
55 -22.0 22
56 -11.0 11
57 -18.0 18
58 -19.0 19
59 -50.0 50
60 -50.0 50
61 -50.0 50
62 -35.0 35
63 -11.0 11
64 -9.0 9
65 -9.0 9
66 -9.0 9
67 -9.0 9
68 -9.0 9
69 -9.0 9
70 -9.0 9
71 -9.0 9
72 -11.0 11
73 -11.0 11
74 -9.0 9
0 -50.0 50
1 -50.0 50
2 -50.0 50
3 -50.0 50
4 -50.0 50
5 -50.0 50
6 -50.0 50
7 -50.0 50
8 -50.0 50
9 -50.0 50
10 -50.0 50
11 -37.0 37
12 -50.0 50
13 -50.0 50
14 -50.0 50
15 -50.0 50
16 -50.0 50
17 -50.0 50
18 -50.0 50
19 -50.0 50
20 -50.0 50
21 -50.0 50
22 -50.0 50
23 -50.0 50
24 -50.0 50
25 -50.0 50
26 -50.0 50
27 -50.0 50
28 -50.0 50
29 -50.0 50
30 -50.0 50
31 -50.0 50
32 -25.0 25
33 -50.0 50
34 -45.0 45
35 -50.0 50
36 -50.0 50
37 -50.0 50
38 -50.0 50
39 -50.0 50
40 -41.0 41
41 -50.0 50
42 -50.0 50
43 -50.0 50
44 -46.0 46
45 -50.0 50
46 -16.0 16
47 -50.0 50
48 -17.0 17
49 -22.0 22
50 -50.0 50
51 -50.0 50
52 -50.0 50
53 -50.0 50
54 -14.0 14
55 -21.0 21
56 -10.0 10
57 -19.0 19
58 -28.0 28
59 -23.0 23
60 -12.0 12
61 -9.0 9
62 -11.0 11
63 -11.0 11
64 -16.0 16
65 -12.0 12
66 -9.0 9
67 -9.0 9
68 -9.0 9
69 -9.0 9
70 -9.0 9
71 -11.0 11
72 -9.0 9
73 -9.0 9
74 -9.0 9
0 -50.0 50
1 -50.0 50
2 -50.0 50
3 -50.0 50
4 -50.0 50
5 -50.0 50
6 -50.0 50
7 -50.0 50
8 -50.0 50
9 -50.0 50
10 -50.0 50
11 -50.0 50
12 -50.0 50
13 -50.0 50
14 -50.0 50
15 -50.0 50
16 -50.0 50
17 -50.0 50
18 -50.0 50
19 -50.0 50
20 -50.0 50
21 -50.0 50
22 -50.0 50
23 -50.0 50
24 -50.0 50
25 -50.0 50
26 -50.0 50
27 -50.0 50
28 -50.0 50
29 -31.0 31
30 -50.0 50
31 -29.0 29
32 -50.0 50
33 -50.0 50
34 -50.0 50
35 -50.0 50
36 -23.0 23
37 -14.0 14
38 -50.0 50
39 -50.0 50
40 -50.0 50
41 -47.0 47
42 -10.0 10
43 -28.0 28
44 -34.0 34
45 -21.0 21
46 -50.0 50
47 -50.0 50
48 -13.0 13
49 -17.0 17
50 -46.0 46
51 -46.0 46
52 -50.0 50
53 -13.0 13
54 -14.0 14
55 -16.0 16
56 -10.0 10
57 -15.0 15
58 -15.0 15
59 -9.0 9
60 -9.0 9
61 -11.0 11
62 -16.0 16
63 -10.0 10
64 -9.0 9
65 -9.0 9
66 -9.0 9
67 -9.0 9
68 -9.0 9
69 -9.0 9
70 -9.0 9
71 -9.0 9
72 -9.0 9
73 -9.0 9
74 -9.0 9
0 -50.0 50
1 -50.0 50
2 -50.0 50
3 -50.0 50
4 -50.0 50
5 -50.0 50
6 -50.0 50
7 -50.0 50
8 -50.0 50
9 -50.0 50
10 -50.0 50
11 -50.0 50
12 -50.0 50
13 -50.0 50
14 -50.0 50
15 -50.0 50
16 -50.0 50
17 -50.0 50
18 -50.0 50
19 -50.0 50
20 -50.0 50
21 -17.0 17
22 -50.0 50
23 -50.0 50
24 -32.0 32
25 -50.0 50
26 -50.0 50
27 -50.0 50
28 -50.0 50
29 -50.0 50
30 -50.0 50
31 -50.0 50
32 -40.0 40
33 -50.0 50
34 -50.0 50
35 -50.0 50
36 -50.0 50
37 -50.0 50
38 -50.0 50
39 -50.0 50
40 -50.0 50
41 -44.0 44
42 -50.0 50
43 -20.0 20
44 -50.0 50
45 -43.0 43
46 -50.0 50
47 -50.0 50
48 -50.0 50
49 -50.0 50
50 -50.0 50
51 -50.0 50
52 -50.0 50
53 -27.0 27
54 -15.0 15
55 -9.0 9
56 -9.0 9
57 -11.0 11
58 -11.0 11
59 -17.0 17
60 -18.0 18
61 -13.0 13
62 -9.0 9
63 -9.0 9
64 -18.0 18
65 -12.0 12
66 -9.0 9
67 -9.0 9
68 -9.0 9
69 -9.0 9
70 -11.0 11
71 -11.0 11
72 -9.0 9
73 -9.0 9
74 -9.0 9
0 -50.0 50
1 -50.0 50
2 -50.0 50
3 -50.0 50
4 -50.0 50
5 -50.0 50
6 -50.0 50
7 -50.0 50
8 -50.0 50
9 -50.0 50
10 -50.0 50
11 -50.0 50
12 -50.0 50
13 -50.0 50
14 -50.0 50
15 -50.0 50
16 -50.0 50
17 -50.0 50
18 -50.0 50
19 -50.0 50
20 -50.0 50
21 -50.0 50
22 -28.0 28
23 -50.0 50
24 -50.0 50
25 -50.0 50
26 -50.0 50
27 -50.0 50
28 -16.0 16
29 -40.0 40
30 -17.0 17
31 -50.0 50
32 -50.0 50
33 -50.0 50
34 -50.0 50
35 -50.0 50
36 -50.0 50
37 -50.0 50
38 -50.0 50
39 -50.0 50
40 -50.0 50
41 -46.0 46
42 -18.0 18
43 -19.0 19
44 -18.0 18
45 -24.0 24
46 -50.0 50
47 -12.0 12
48 -29.0 29
49 -50.0 50
50 -49.0 49
51 -50.0 50
52 -50.0 50
53 -50.0 50
54 -50.0 50
55 -50.0 50
56 -50.0 50
57 -50.0 50
58 -50.0 50
59 -50.0 50
60 -50.0 50
61 -42.0 42
62 -50.0 50
63 -50.0 50
64 -16.0 16
65 -19.0 19
66 -18.0 18
67 -23.0 23
68 -20.0 20
69 -16.0 16
70 -17.0 17
71 -16.0 16
72 -16.0 16
73 -15.0 15
74 -15.0 15
0 -50.0 50
1 -50.0 50
2 -50.0 50
3 -50.0 50
4 -50.0 50
5 -50.0 50
6 -50.0 50
7 -50.0 50
8 -50.0 50
9 -50.0 50
10 -50.0 50
11 -50.0 50
12 -50.0 50
13 -50.0 50
14 -50.0 50
15 -50.0 50
16 -50.0 50
17 -50.0 50
18 -50.0 50
19 -36.0 36
20 -50.0 50
21 -50.0 50
22 -50.0 50
23 -50.0 50
24 -50.0 50
25 -50.0 50
26 -45.0 45
27 -50.0 50
28 -50.0 50
29 -50.0 50
30 -50.0 50
31 -50.0 50
32 -50.0 50
33 -50.0 50
34 -50.0 50
35 -50.0 50
36 -50.0 50
37 -12.0 12
38 -27.0 27
39 -50.0 50
40 -50.0 50
41 -50.0 50
42 -50.0 50
43 -50.0 50
44 -50.0 50
45 -50.0 50
46 -50.0 50
47 -50.0 50
48 -21.0 21
49 -16.0 16
50 -14.0 14
51 -18.0 18
52 -18.0 18
53 -18.0 18
54 -50.0 50
55 -26.0 26
56 -15.0 15
57 -14.0 14
58 -16.0 16
59 -20.0 20
60 -9.0 9
61 -50.0 50
62 -9.0 9
63 -11.0 11
64 -18.0 18
65 -13.0 13
66 -9.0 9
67 -9.0 9
68 -9.0 9
69 -9.0 9
70 -9.0 9
71 -9.0 9
72 -9.0 9
73 -9.0 9
74 -9.0 9
0 -50.0 50
1 -50.0 50
2 -50.0 50
3 -50.0 50
4 -50.0 50
5 -50.0 50
6 -50.0 50
7 -50.0 50
8 -50.0 50
9 -50.0 50
10 -50.0 50
11 -50.0 50
12 -35.0 35
13 -50.0 50
14 -50.0 50
15 -50.0 50
16 -50.0 50
17 -50.0 50
18 -50.0 50
19 -50.0 50
20 -50.0 50
21 -50.0 50
22 -50.0 50
23 -50.0 50
24 -50.0 50
25 -50.0 50
26 -50.0 50
27 -50.0 50
28 -50.0 50
29 -50.0 50
30 -50.0 50
31 -50.0 50
32 -46.0 46
33 -50.0 50
34 -20.0 20
35 -17.0 17
36 -20.0 20
37 -50.0 50
38 -37.0 37
39 -37.0 37
40 -50.0 50
41 -50.0 50
42 -50.0 50
43 -24.0 24
44 -11.0 11
45 -50.0 50
46 -50.0 50
47 -49.0 49
48 -9.0 9
49 -14.0 14
50 -9.0 9
51 -10.0 10
52 -23.0 23
53 -12.0 12
54 -11.0 11
55 -21.0 21
56 -19.0 19
57 -15.0 15
58 -18.0 18
59 -50.0 50
60 -50.0 50
61 -20.0 20
62 -48.0 48
63 -11.0 11
64 -11.0 11
65 -11.0 11
66 -9.0 9
67 -9.0 9
68 -9.0 9
69 -9.0 9
70 -9.0 9
71 -9.0 9
72 -9.0 9
73 -9.0 9
74 -9.0 9
