0 -50.0 50
1 -50.0 50
2 -50.0 50
3 -18.0 18
4 -50.0 50
5 -30.0 30
6 -26.0 26
7 -45.0 45
0 -50.0 50
1 -50.0 50
2 -50.0 50
3 -50.0 50
4 -50.0 50
5 -33.0 33
6 -19.0 19
7 -9.0 9
0 -50.0 50
1 -32.0 32
2 -50.0 50
3 -28.0 28
4 -50.0 50
5 -50.0 50
6 -50.0 50
7 -30.0 30
0 -50.0 50
1 -50.0 50
2 -41.0 41
3 -50.0 50
4 -17.0 17
5 -50.0 50
6 -37.0 37
7 -12.0 12
0 -41.0 41
1 -50.0 50
2 -50.0 50
3 -50.0 50
4 -50.0 50
5 -19.0 19
6 -16.0 16
7 -50.0 50
0 -50.0 50
1 -25.0 25
2 -50.0 50
3 -50.0 50
4 -50.0 50
5 -20.0 20
6 -30.0 30
7 -30.0 30
0 -43.0 43
1 -50.0 50
2 -50.0 50
3 -35.0 35
4 -38.0 38
5 -50.0 50
6 -38.0 38
7 -23.0 23
0 -50.0 50
1 -50.0 50
2 -46.0 46
3 -39.0 39
4 -32.0 32
5 -48.0 48
6 -28.0 28
7 -17.0 17
0 -50.0 50
1 -22.0 22
2 -50.0 50
3 -50.0 50
4 -50.0 50
5 -44.0 44
6 -32.0 32
7 -30.0 30
0 -50.0 50
1 -50.0 50
2 -50.0 50
3 -32.0 32
4 -50.0 50
5 -14.0 14
6 -21.0 21
7 -23.0 23
0 -50.0 50
1 -50.0 50
2 -50.0 50
3 -30.0 30
4 -50.0 50
5 -31.0 31
6 -18.0 18
7 -19.0 19
0 -50.0 50
1 -50.0 50
2 -26.0 26
3 -50.0 50
4 -31.0 31
5 -43.0 43
6 -19.0 19
7 -46.0 46
0 -50.0 50
1 -50.0 50
2 -35.0 35
3 -50.0 50
4 -50.0 50
5 -33.0 33
6 -19.0 19
7 -17.0 17
0 -50.0 50
1 -46.0 46
2 -50.0 50
3 -50.0 50
4 -7.0 7
5 -34.0 34
6 -35.0 35
7 -50.0 50
0 -50.0 50
1 -50.0 50
2 -21.0 21
3 -48.0 48
4 -37.0 37
5 -50.0 50
6 -21.0 21
7 -19.0 19
0 -50.0 50
1 -50.0 50
2 -15.0 15
3 -44.0 44
4 -50.0 50
5 -50.0 50
6 -50.0 50
7 -28.0 28
0 -50.0 50
1 -45.0 45
2 -50.0 50
3 -50.0 50
4 -19.0 19
5 -36.0 36
6 -32.0 32
7 -44.0 44
0 -18.0 18
1 -50.0 50
2 -50.0 50
3 -50.0 50
4 -46.0 46
5 -46.0 46
6 -19.0 19
7 -25.0 25
0 -50.0 50
1 -50.0 50
2 -26.0 26
3 -50.0 50
4 -50.0 50
5 -26.0 26
6 -30.0 30
7 -50.0 50
0 -50.0 50
1 -34.0 34
2 -50.0 50
3 -24.0 24
4 -50.0 50
5 -35.0 35
6 -33.0 33
7 -28.0 28
0 -50.0 50
1 -50.0 50
2 -50.0 50
3 -17.0 17
4 -50.0 50
5 -50.0 50
6 -25.0 25
7 -26.0 26
0 -30.0 30
1 -50.0 50
2 -50.0 50
3 -50.0 50
4 -43.0 43
5 -36.0 36
6 -16.0 16
7 -50.0 50
0 -50.0 50
1 -40.0 40
2 -50.0 50
3 -41.0 41
4 -50.0 50
5 -23.0 23
6 -22.0 22
7 -34.0 34
0 -50.0 50
1 -48.0 48
2 -50.0 50
3 -39.0 39
4 -50.0 50
5 -50.0 50
6 -25.0 25
7 -11.0 11
0 -41.0 41
1 -50.0 50
2 -50.0 50
3 -50.0 50
4 -20.0 20
5 -50.0 50
6 -24.0 24
7 -25.0 25
0 -50.0 50
1 -27.0 27
2 -50.0 50
3 -50.0 50
4 -34.0 34
5 -28.0 28
6 -33.0 33
7 -46.0 46
0 -50.0 50
1 -50.0 50
2 -50.0 50
3 -50.0 50
4 -25.0 25
5 -24.0 24
6 -13.0 13
7 -31.0 31
0 -50.0 50
1 -50.0 50
2 -50.0 50
3 -13.0 13
4 -50.0 50
5 -35.0 35
6 -36.0 36
7 -30.0 30
0 -50.0 50
1 -48.0 48
2 -50.0 50
3 -50.0 50
4 -21.0 21
5 -30.0 30
6 -26.0 26
7 -31.0 31
0 -21.0 21
1 -50.0 50
2 -50.0 50
3 -50.0 50
4 -44.0 44
5 -50.0 50
6 -11.0 11
7 -7.0 7
0 -50.0 50
1 -50.0 50
2 -21.0 21
3 -50.0 50
4 -27.0 27
5 -50.0 50
6 -45.0 45
7 -50.0 50
0 -50.0 50
1 -50.0 50
2 -50.0 50
3 -50.0 50
4 -50.0 50
5 -12.0 12
6 -19.0 19
7 -10.0 10
0 -50.0 50
1 -50.0 50
2 -20.0 20
3 -50.0 50
4 -31.0 31
5 -50.0 50
6 -31.0 31
7 -38.0 38
0 -50.0 50
1 -50.0 50
2 -50.0 50
3 -33.0 33
4 -34.0 34
5 -50.0 50
6 -28.0 28
7 -26.0 26
0 -26.0 26
1 -50.0 50
2 -50.0 50
3 -50.0 50
4 -33.0 33
5 -50.0 50
6 -10.0 10
7 -20.0 20
0 -47.0 47
1 -50.0 50
2 -50.0 50
3 -31.0 31
4 -50.0 50
5 -38.0 38
6 -50.0 50
7 -38.0 38
