
0 -50.0 50
10 -50.0 50
20 -50.0 50
30 -50.0 50
40 -9.0 9
50 -9.0 9
60 -9.0 9
70 -9.0 9
80 -9.0 9
90 -9.0 9
100 -9.0 9
110 -9.0 9
120 -9.0 9
130 -9.0 9
140 -9.0 9
150 -9.0 9
160 -9.0 9
170 -9.0 9
180 -9.0 9
190 -9.0 9
200 -9.0 9
210 -9.0 9
220 -9.0 9
230 -9.0 9
240 -9.0 9
250 -9.0 9
260 -9.0 9
270 -9.0 9
280 -9.0 9
290 -9.0 9
300 -9.0 9
310 -9.0 9
320 -9.0 9
330 -9.0 9
340 -9.0 9
350 -9.0 9
360 -9.0 9
370 -9.0 9
380 -9.0 9
390 -9.0 9
400 -9.0 9
410 -9.0 9
420 -9.0 9
430 -9.0 9
440 -9.0 9
450 -9.0 9
460 -9.0 9
470 -9.0 9
480 -9.0 9
490 -9.0 9
499 -9.0 9
0 -50.0 50
10 -50.0 50
20 -50.0 50
30 -50.0 50
40 -50.0 50
50 -9.0 9
60 -9.0 9
70 -9.0 9
80 -9.0 9
90 -9.0 9
100 -9.0 9
110 -9.0 9
120 -9.0 9
130 -9.0 9
140 -9.0 9
150 -9.0 9
160 -9.0 9
170 -9.0 9
180 -9.0 9
190 -9.0 9
200 -9.0 9
210 -9.0 9
220 -9.0 9
230 -9.0 9
240 -9.0 9
250 -9.0 9
260 -9.0 9
270 -9.0 9
280 -9.0 9
290 -9.0 9
300 -9.0 9
310 -9.0 9
320 -9.0 9
330 -9.0 9
340 -9.0 9
350 -9.0 9
360 -9.0 9
370 -9.0 9
380 -9.0 9
390 -9.0 9
400 -9.0 9
410 -9.0 9
420 -9.0 9
430 -9.0 9
440 -9.0 9
450 -9.0 9
460 -9.0 9
470 -9.0 9
480 -9.0 9
490 -9.0 9
499 -9.0 9
0 -50.0 50
10 -50.0 50
20 -50.0 50
30 -50.0 50
40 -9.0 9
50 -9.0 9
60 -9.0 9
70 -9.0 9
80 -9.0 9
90 -9.0 9
100 -9.0 9
110 -9.0 9
120 -9.0 9
130 -9.0 9
140 -9.0 9
150 -9.0 9
160 -9.0 9
170 -9.0 9
180 -9.0 9
190 -9.0 9
200 -9.0 9
210 -9.0 9
220 -9.0 9
230 -9.0 9
240 -9.0 9
250 -9.0 9
260 -9.0 9
270 -9.0 9
280 -9.0 9
290 -9.0 9
300 -9.0 9
310 -9.0 9
320 -9.0 9
330 -9.0 9
340 -9.0 9
350 -9.0 9
360 -9.0 9
370 -9.0 9
380 -9.0 9
390 -9.0 9
400 -9.0 9
410 -9.0 9
420 -9.0 9
430 -9.0 9
440 -9.0 9
450 -9.0 9
460 -9.0 9
470 -9.0 9
480 -9.0 9
490 -9.0 9
499 -9.0 9
0 -50.0 50
10 -50.0 50
20 -50.0 50
30 -50.0 50
40 -9.0 9
50 -9.0 9
60 -9.0 9
70 -9.0 9
80 -9.0 9
90 -9.0 9
100 -9.0 9
110 -9.0 9
120 -9.0 9
130 -9.0 9
140 -9.0 9
150 -9.0 9
160 -9.0 9
170 -9.0 9
180 -9.0 9
190 -9.0 9
200 -9.0 9
210 -9.0 9
220 -9.0 9
230 -9.0 9
240 -9.0 9
250 -9.0 9
260 -9.0 9
270 -9.0 9
280 -9.0 9
290 -9.0 9
300 -9.0 9
310 -9.0 9
320 -9.0 9
330 -9.0 9
340 -9.0 9
350 -9.0 9
360 -9.0 9
370 -9.0 9
380 -9.0 9
390 -9.0 9
400 -9.0 9
410 -9.0 9
420 -9.0 9
430 -9.0 9
440 -9.0 9
450 -9.0 9
460 -9.0 9
470 -9.0 9
480 -9.0 9
490 -9.0 9
499 -9.0 9
0 -50.0 50
10 -50.0 50
20 -50.0 50
30 -9.0 9
40 -50.0 50
50 -9.0 9
60 -9.0 9
70 -9.0 9
80 -9.0 9
90 -9.0 9
100 -9.0 9
110 -9.0 9
120 -9.0 9
130 -9.0 9
140 -9.0 9
150 -9.0 9
160 -9.0 9
170 -9.0 9
180 -9.0 9
190 -9.0 9
200 -9.0 9
210 -9.0 9
220 -9.0 9
230 -9.0 9
240 -9.0 9
250 -9.0 9
260 -9.0 9
270 -9.0 9
280 -9.0 9
290 -9.0 9
300 -9.0 9
310 -9.0 9
320 -9.0 9
330 -9.0 9
340 -9.0 9
350 -9.0 9
360 -9.0 9
370 -9.0 9
380 -9.0 9
390 -9.0 9
400 -9.0 9
410 -9.0 9
420 -9.0 9
430 -9.0 9
440 -9.0 9
450 -9.0 9
460 -9.0 9
470 -9.0 9
480 -9.0 9
490 -9.0 9
499 -9.0 9
0 -50.0 50
10 -50.0 50
20 -50.0 50
30 -50.0 50
40 -9.0 9
50 -9.0 9
60 -9.0 9
70 -9.0 9
80 -9.0 9
90 -9.0 9
100 -9.0 9
110 -9.0 9
120 -9.0 9
130 -9.0 9
140 -9.0 9
150 -9.0 9
160 -9.0 9
170 -9.0 9
180 -9.0 9
190 -9.0 9
200 -9.0 9
210 -9.0 9
220 -9.0 9
230 -9.0 9
240 -9.0 9
250 -9.0 9
260 -9.0 9
270 -9.0 9
280 -9.0 9
290 -9.0 9
300 -9.0 9
310 -9.0 9
320 -9.0 9
330 -9.0 9
340 -9.0 9
350 -9.0 9
360 -9.0 9
370 -9.0 9
380 -9.0 9
390 -9.0 9
400 -9.0 9
410 -9.0 9
420 -9.0 9
430 -9.0 9
440 -9.0 9
450 -9.0 9
460 -9.0 9
470 -9.0 9
480 -9.0 9
490 -9.0 9
499 -9.0 9
0 -50.0 50
10 -50.0 50
20 -50.0 50
30 -50.0 50
40 -50.0 50
50 -9.0 9
60 -9.0 9
70 -9.0 9
80 -9.0 9
90 -9.0 9
100 -9.0 9
110 -9.0 9
120 -9.0 9
130 -9.0 9
140 -9.0 9
150 -9.0 9
160 -9.0 9
170 -9.0 9
180 -9.0 9
190 -9.0 9
200 -9.0 9
210 -9.0 9
220 -9.0 9
230 -9.0 9
240 -9.0 9
250 -9.0 9
260 -9.0 9
270 -9.0 9
280 -9.0 9
290 -9.0 9
300 -9.0 9
310 -9.0 9
320 -9.0 9
330 -9.0 9
340 -9.0 9
350 -9.0 9
360 -9.0 9
370 -9.0 9
380 -9.0 9
390 -9.0 9
400 -9.0 9
410 -9.0 9
420 -9.0 9
430 -9.0 9
440 -9.0 9
450 -9.0 9
460 -9.0 9
470 -9.0 9
480 -9.0 9
490 -9.0 9
499 -9.0 9
0 -50.0 50
10 -50.0 50
20 -50.0 50
30 -10.0 10
40 -9.0 9
50 -9.0 9
60 -9.0 9
70 -10.0 10
80 -9.0 9
90 -9.0 9
100 -9.0 9
110 -9.0 9
120 -9.0 9
130 -9.0 9
140 -9.0 9
150 -9.0 9
160 -9.0 9
170 -9.0 9
180 -9.0 9
190 -9.0 9
200 -9.0 9
210 -9.0 9
220 -9.0 9
230 -9.0 9
240 -9.0 9
250 -9.0 9
260 -9.0 9
270 -9.0 9
280 -9.0 9
290 -9.0 9
300 -9.0 9
310 -9.0 9
320 -9.0 9
330 -9.0 9
340 -9.0 9
350 -9.0 9
360 -9.0 9
370 -9.0 9
380 -9.0 9
390 -9.0 9
400 -9.0 9
410 -9.0 9
420 -9.0 9
430 -9.0 9
440 -9.0 9
450 -9.0 9
460 -9.0 9
470 -9.0 9
480 -9.0 9
490 -9.0 9
499 -9.0 9
0 -50.0 50
10 -50.0 50
20 -50.0 50
30 -50.0 50
40 -9.0 9
50 -9.0 9
60 -9.0 9
70 -9.0 9
80 -9.0 9
90 -9.0 9
100 -9.0 9
110 -9.0 9
120 -9.0 9
130 -9.0 9
140 -9.0 9
150 -9.0 9
160 -9.0 9
170 -9.0 9
180 -9.0 9
190 -9.0 9
200 -9.0 9
210 -9.0 9
220 -9.0 9
230 -9.0 9
240 -9.0 9
250 -9.0 9
260 -9.0 9
270 -9.0 9
280 -9.0 9
290 -9.0 9
300 -9.0 9
310 -9.0 9
320 -9.0 9
330 -9.0 9
340 -9.0 9
350 -9.0 9
360 -9.0 9
370 -9.0 9
380 -9.0 9
390 -9.0 9
400 -9.0 9
410 -9.0 9
420 -9.0 9
430 -9.0 9
440 -9.0 9
450 -9.0 9
460 -9.0 9
470 -9.0 9
480 -9.0 9
490 -9.0 9
499 -9.0 9
0 -50.0 50
10 -50.0 50
20 -50.0 50
30 -50.0 50
40 -9.0 9
50 -9.0 9
60 -9.0 9
70 -9.0 9
80 -9.0 9
90 -9.0 9
100 -9.0 9
110 -9.0 9
120 -9.0 9
130 -9.0 9
140 -9.0 9
150 -9.0 9
160 -9.0 9
170 -9.0 9
180 -9.0 9
190 -9.0 9
200 -9.0 9
210 -9.0 9
220 -9.0 9
230 -9.0 9
240 -9.0 9
250 -9.0 9
260 -9.0 9
270 -9.0 9
280 -9.0 9
290 -9.0 9
300 -9.0 9
310 -9.0 9
320 -9.0 9
330 -9.0 9
340 -9.0 9
350 -9.0 9
360 -9.0 9
370 -9.0 9
380 -9.0 9
390 -9.0 9
400 -9.0 9
410 -9.0 9
420 -9.0 9
430 -9.0 9
440 -9.0 9
450 -9.0 9
460 -9.0 9
470 -9.0 9
480 -9.0 9
490 -9.0 9
499 -9.0 9
0 -50.0 50
10 -50.0 50
20 -50.0 50
30 -50.0 50
40 -50.0 50
50 -9.0 9
60 -9.0 9
70 -9.0 9
80 -9.0 9
90 -9.0 9
100 -9.0 9
110 -9.0 9
120 -9.0 9
130 -9.0 9
140 -9.0 9
150 -9.0 9
160 -9.0 9
170 -9.0 9
180 -9.0 9
190 -9.0 9
200 -9.0 9
210 -9.0 9
220 -9.0 9
230 -9.0 9
240 -9.0 9
250 -9.0 9
260 -9.0 9
270 -9.0 9
280 -9.0 9
290 -9.0 9
300 -9.0 9
310 -9.0 9
320 -9.0 9
330 -9.0 9
340 -9.0 9
350 -9.0 9
360 -9.0 9
370 -9.0 9
380 -9.0 9
390 -9.0 9
400 -9.0 9
410 -9.0 9
420 -9.0 9
430 -9.0 9
440 -9.0 9
450 -9.0 9
460 -9.0 9
470 -9.0 9
480 -9.0 9
490 -9.0 9
499 -9.0 9
0 -50.0 50
10 -50.0 50
20 -50.0 50
30 -50.0 50
40 -9.0 9
50 -9.0 9
60 -9.0 9
70 -9.0 9
80 -9.0 9
90 -9.0 9
100 -9.0 9
110 -9.0 9
120 -9.0 9
130 -9.0 9
140 -9.0 9
150 -9.0 9
160 -9.0 9
170 -9.0 9
180 -9.0 9
190 -9.0 9
200 -9.0 9
210 -9.0 9
220 -9.0 9
230 -9.0 9
240 -9.0 9
250 -9.0 9
260 -9.0 9
270 -9.0 9
280 -9.0 9
290 -9.0 9
300 -9.0 9
310 -9.0 9
320 -9.0 9
330 -9.0 9
340 -9.0 9
350 -9.0 9
360 -9.0 9
370 -9.0 9
380 -9.0 9
390 -9.0 9
400 -9.0 9
410 -9.0 9
420 -9.0 9
430 -9.0 9
440 -9.0 9
450 -9.0 9
460 -9.0 9
470 -9.0 9
480 -9.0 9
490 -9.0 9
499 -9.0 9
0 -50.0 50
10 -50.0 50
20 -50.0 50
30 -50.0 50
40 -9.0 9
50 -9.0 9
60 -9.0 9
70 -9.0 9
80 -9.0 9
90 -9.0 9
100 -9.0 9
110 -9.0 9
120 -9.0 9
130 -9.0 9
140 -9.0 9
150 -9.0 9
160 -9.0 9
170 -9.0 9
180 -9.0 9
190 -9.0 9
200 -9.0 9
210 -9.0 9
220 -9.0 9
230 -9.0 9
240 -9.0 9
250 -9.0 9
260 -9.0 9
270 -9.0 9
280 -9.0 9
290 -9.0 9
300 -9.0 9
310 -9.0 9
320 -9.0 9
330 -9.0 9
340 -9.0 9
350 -9.0 9
360 -9.0 9
370 -9.0 9
380 -9.0 9
390 -9.0 9
400 -9.0 9
410 -9.0 9
420 -9.0 9
430 -9.0 9
440 -9.0 9
450 -9.0 9
460 -9.0 9
470 -9.0 9
480 -9.0 9
490 -9.0 9
499 -9.0 9
0 -50.0 50
10 -50.0 50
20 -50.0 50
30 -50.0 50
40 -50.0 50
50 -9.0 9
60 -9.0 9
70 -9.0 9
80 -9.0 9
90 -9.0 9
100 -9.0 9
110 -9.0 9
120 -9.0 9
130 -9.0 9
140 -9.0 9
150 -9.0 9
160 -9.0 9
170 -9.0 9
180 -9.0 9
190 -9.0 9
200 -9.0 9
210 -9.0 9
220 -9.0 9
230 -9.0 9
240 -9.0 9
250 -9.0 9
260 -9.0 9
270 -9.0 9
280 -9.0 9
290 -9.0 9
300 -9.0 9
310 -9.0 9
320 -9.0 9
330 -9.0 9
340 -9.0 9
350 -9.0 9
360 -9.0 9
370 -9.0 9
380 -9.0 9
390 -9.0 9
400 -9.0 9
410 -9.0 9
420 -9.0 9
430 -9.0 9
440 -9.0 9
450 -9.0 9
460 -9.0 9
470 -9.0 9
480 -9.0 9
490 -9.0 9
499 -9.0 9
0 -50.0 50
10 -50.0 50
20 -50.0 50
30 -50.0 50
40 -9.0 9
50 -9.0 9
60 -9.0 9
70 -9.0 9
80 -9.0 9
90 -9.0 9
100 -9.0 9
110 -50.0 50
120 -9.0 9
130 -9.0 9
140 -9.0 9
150 -9.0 9
160 -9.0 9
170 -9.0 9
180 -9.0 9
190 -9.0 9
200 -9.0 9
210 -9.0 9
220 -9.0 9
230 -9.0 9
240 -9.0 9
250 -9.0 9
260 -9.0 9
270 -9.0 9
280 -9.0 9
290 -9.0 9
300 -9.0 9
310 -9.0 9
320 -9.0 9
330 -9.0 9
340 -9.0 9
350 -9.0 9
360 -9.0 9
370 -9.0 9
380 -9.0 9
390 -9.0 9
400 -9.0 9
410 -9.0 9
420 -9.0 9
430 -9.0 9
440 -9.0 9
450 -9.0 9
460 -9.0 9
470 -9.0 9
480 -9.0 9
490 -9.0 9
499 -9.0 9
0 -50.0 50
10 -50.0 50
20 -50.0 50
30 -50.0 50
40 -50.0 50
50 -50.0 50
60 -9.0 9
70 -9.0 9
80 -9.0 9
90 -9.0 9
100 -9.0 9
110 -9.0 9
120 -9.0 9
130 -9.0 9
140 -9.0 9
150 -9.0 9
160 -9.0 9
170 -9.0 9
180 -9.0 9
190 -9.0 9
200 -9.0 9
210 -9.0 9
220 -9.0 9
230 -9.0 9
240 -9.0 9
250 -9.0 9
260 -9.0 9
270 -9.0 9
280 -9.0 9
290 -9.0 9
300 -9.0 9
310 -9.0 9
320 -9.0 9
330 -9.0 9
340 -9.0 9
350 -9.0 9
360 -9.0 9
370 -9.0 9
380 -9.0 9
390 -9.0 9
400 -9.0 9
410 -9.0 9
420 -9.0 9
430 -9.0 9
440 -9.0 9
450 -9.0 9
460 -9.0 9
470 -9.0 9
480 -9.0 9
490 -9.0 9
499 -9.0 9
0 -50.0 50
10 -50.0 50
20 -50.0 50
30 -50.0 50
40 -9.0 9
50 -9.0 9
60 -9.0 9
70 -9.0 9
80 -9.0 9
90 -9.0 9
100 -9.0 9
110 -9.0 9
120 -9.0 9
130 -9.0 9
140 -9.0 9
150 -9.0 9
160 -9.0 9
170 -9.0 9
180 -9.0 9
190 -9.0 9
200 -9.0 9
210 -9.0 9
220 -9.0 9
230 -9.0 9
240 -9.0 9
250 -9.0 9
260 -9.0 9
270 -9.0 9
280 -9.0 9
290 -9.0 9
300 -9.0 9
310 -9.0 9
320 -9.0 9
330 -9.0 9
340 -9.0 9
350 -9.0 9
360 -9.0 9
370 -9.0 9
380 -9.0 9
390 -9.0 9
400 -9.0 9
410 -9.0 9
420 -9.0 9
430 -9.0 9
440 -9.0 9
450 -9.0 9
460 -9.0 9
470 -9.0 9
480 -9.0 9
490 -9.0 9
499 -9.0 9
0 -50.0 50
10 -50.0 50
20 -50.0 50
30 -50.0 50
40 -50.0 50
50 -9.0 9
60 -9.0 9
70 -9.0 9
80 -9.0 9
90 -9.0 9
100 -9.0 9
110 -9.0 9
120 -9.0 9
130 -9.0 9
140 -9.0 9
150 -9.0 9
160 -9.0 9
170 -9.0 9
180 -9.0 9
190 -9.0 9
200 -9.0 9
210 -9.0 9
220 -9.0 9
230 -9.0 9
240 -9.0 9
250 -9.0 9
260 -9.0 9
270 -9.0 9
280 -9.0 9
290 -9.0 9
300 -9.0 9
310 -9.0 9
320 -9.0 9
330 -9.0 9
340 -9.0 9
350 -9.0 9
360 -9.0 9
370 -9.0 9
380 -9.0 9
390 -9.0 9
400 -9.0 9
410 -9.0 9
420 -9.0 9
430 -9.0 9
440 -9.0 9
450 -9.0 9
460 -9.0 9
470 -9.0 9
480 -9.0 9
490 -9.0 9
499 -9.0 9
0 -50.0 50
10 -50.0 50
20 -50.0 50
30 -50.0 50
40 -50.0 50
50 -9.0 9
60 -9.0 9
70 -9.0 9
80 -9.0 9
90 -9.0 9
100 -9.0 9
110 -9.0 9
120 -9.0 9
130 -9.0 9
140 -9.0 9
150 -9.0 9
160 -9.0 9
170 -9.0 9
180 -9.0 9
190 -9.0 9
200 -9.0 9
210 -9.0 9
220 -9.0 9
230 -9.0 9
240 -9.0 9
250 -9.0 9
260 -9.0 9
270 -9.0 9
280 -9.0 9
290 -9.0 9
300 -9.0 9
310 -9.0 9
320 -9.0 9
330 -9.0 9
340 -9.0 9
350 -9.0 9
360 -9.0 9
370 -9.0 9
380 -9.0 9
390 -9.0 9
400 -9.0 9
410 -9.0 9
420 -9.0 9
430 -9.0 9
440 -9.0 9
450 -9.0 9
460 -9.0 9
470 -9.0 9
480 -9.0 9
490 -9.0 9
499 -9.0 9
0 -50.0 50
10 -50.0 50
20 -50.0 50
30 -50.0 50
40 -9.0 9
50 -9.0 9
60 -9.0 9
70 -9.0 9
80 -9.0 9
90 -9.0 9
100 -9.0 9
110 -9.0 9
120 -9.0 9
130 -9.0 9
140 -9.0 9
150 -9.0 9
160 -9.0 9
170 -9.0 9
180 -9.0 9
190 -9.0 9
200 -9.0 9
210 -9.0 9
220 -9.0 9
230 -9.0 9
240 -9.0 9
250 -9.0 9
260 -9.0 9
270 -9.0 9
280 -9.0 9
290 -9.0 9
300 -9.0 9
310 -9.0 9
320 -9.0 9
330 -9.0 9
340 -9.0 9
350 -9.0 9
360 -9.0 9
370 -9.0 9
380 -9.0 9
390 -9.0 9
400 -9.0 9
410 -9.0 9
420 -9.0 9
430 -9.0 9
440 -9.0 9
450 -9.0 9
460 -9.0 9
470 -9.0 9
480 -9.0 9
490 -9.0 9
499 -9.0 9
0 -50.0 50
10 -50.0 50
20 -50.0 50
30 -50.0 50
40 -9.0 9
50 -9.0 9
60 -9.0 9
70 -9.0 9
80 -9.0 9
90 -9.0 9
100 -9.0 9
110 -9.0 9
120 -9.0 9
130 -9.0 9
140 -9.0 9
150 -9.0 9
160 -9.0 9
170 -9.0 9
180 -9.0 9
190 -9.0 9
200 -9.0 9
210 -9.0 9
220 -9.0 9
230 -9.0 9
240 -9.0 9
250 -9.0 9
260 -9.0 9
270 -9.0 9
280 -9.0 9
290 -9.0 9
300 -9.0 9
310 -9.0 9
320 -9.0 9
330 -9.0 9
340 -9.0 9
350 -9.0 9
360 -9.0 9
370 -9.0 9
380 -9.0 9
390 -9.0 9
400 -9.0 9
410 -9.0 9
420 -9.0 9
430 -9.0 9
440 -9.0 9
450 -9.0 9
460 -9.0 9
470 -9.0 9
480 -9.0 9
490 -9.0 9
499 -9.0 9
0 -50.0 50
10 -50.0 50
20 -50.0 50
30 -50.0 50
40 -50.0 50
50 -9.0 9
60 -9.0 9
70 -9.0 9
80 -9.0 9
90 -9.0 9
100 -9.0 9
110 -9.0 9
120 -9.0 9
130 -9.0 9
140 -9.0 9
150 -9.0 9
160 -9.0 9
170 -9.0 9
180 -9.0 9
190 -9.0 9
200 -9.0 9
210 -9.0 9
220 -9.0 9
230 -9.0 9
240 -9.0 9
250 -9.0 9
260 -9.0 9
270 -9.0 9
280 -9.0 9
290 -9.0 9
300 -9.0 9
310 -9.0 9
320 -9.0 9
330 -9.0 9
340 -9.0 9
350 -9.0 9
360 -9.0 9
370 -9.0 9
380 -9.0 9
390 -9.0 9
400 -9.0 9
410 -9.0 9
420 -9.0 9
430 -9.0 9
440 -9.0 9
450 -9.0 9
460 -9.0 9
470 -9.0 9
480 -9.0 9
490 -9.0 9
499 -9.0 9
0 -50.0 50
10 -50.0 50
20 -50.0 50
30 -50.0 50
40 -50.0 50
50 -9.0 9
60 -9.0 9
70 -9.0 9
80 -9.0 9
90 -9.0 9
100 -9.0 9
110 -9.0 9
120 -9.0 9
130 -9.0 9
140 -9.0 9
150 -9.0 9
160 -9.0 9
170 -9.0 9
180 -9.0 9
190 -9.0 9
200 -9.0 9
210 -9.0 9
220 -9.0 9
230 -9.0 9
240 -9.0 9
250 -9.0 9
260 -9.0 9
270 -9.0 9
280 -9.0 9
290 -9.0 9
300 -9.0 9
310 -9.0 9
320 -9.0 9
330 -9.0 9
340 -9.0 9
350 -9.0 9
360 -9.0 9
370 -9.0 9
380 -9.0 9
390 -9.0 9
400 -9.0 9
410 -9.0 9
420 -9.0 9
430 -9.0 9
440 -9.0 9
450 -9.0 9
460 -9.0 9
470 -9.0 9
480 -9.0 9
490 -9.0 9
499 -9.0 9
0 -50.0 50
10 -50.0 50
20 -50.0 50
30 -50.0 50
40 -9.0 9
50 -9.0 9
60 -9.0 9
70 -9.0 9
80 -9.0 9
90 -9.0 9
100 -9.0 9
110 -9.0 9
120 -9.0 9
130 -9.0 9
140 -9.0 9
150 -50.0 50
160 -9.0 9
170 -9.0 9
180 -9.0 9
190 -9.0 9
200 -9.0 9
210 -9.0 9
220 -9.0 9
230 -9.0 9
240 -9.0 9
250 -9.0 9
260 -9.0 9
270 -9.0 9
280 -9.0 9
290 -9.0 9
300 -9.0 9
310 -9.0 9
320 -9.0 9
330 -9.0 9
340 -9.0 9
350 -9.0 9
360 -9.0 9
370 -9.0 9
380 -9.0 9
390 -9.0 9
400 -9.0 9
410 -9.0 9
420 -9.0 9
430 -9.0 9
440 -9.0 9
450 -9.0 9
460 -9.0 9
470 -9.0 9
480 -9.0 9
490 -9.0 9
499 -9.0 9
0 -50.0 50
10 -50.0 50
20 -50.0 50
30 -10.0 10
40 -9.0 9
50 -9.0 9
60 -50.0 50
70 -9.0 9
80 -9.0 9
90 -9.0 9
100 -9.0 9
110 -9.0 9
120 -9.0 9
130 -9.0 9
140 -9.0 9
150 -9.0 9
160 -9.0 9
170 -9.0 9
180 -9.0 9
190 -9.0 9
200 -9.0 9
210 -9.0 9
220 -9.0 9
230 -9.0 9
240 -9.0 9
250 -9.0 9
260 -9.0 9
270 -9.0 9
280 -9.0 9
290 -9.0 9
300 -9.0 9
310 -9.0 9
320 -9.0 9
330 -9.0 9
340 -9.0 9
350 -9.0 9
360 -9.0 9
370 -9.0 9
380 -9.0 9
390 -9.0 9
400 -9.0 9
410 -9.0 9
420 -9.0 9
430 -9.0 9
440 -9.0 9
450 -9.0 9
460 -9.0 9
470 -9.0 9
480 -9.0 9
490 -9.0 9
499 -9.0 9
0 -50.0 50
10 -50.0 50
20 -50.0 50
30 -9.0 9
40 -50.0 50
50 -9.0 9
60 -9.0 9
70 -9.0 9
80 -9.0 9
90 -9.0 9
100 -9.0 9
110 -9.0 9
120 -9.0 9
130 -9.0 9
140 -9.0 9
150 -9.0 9
160 -9.0 9
170 -9.0 9
180 -9.0 9
190 -9.0 9
200 -9.0 9
210 -9.0 9
220 -9.0 9
230 -9.0 9
240 -9.0 9
250 -9.0 9
260 -9.0 9
270 -9.0 9
280 -9.0 9
290 -9.0 9
300 -9.0 9
310 -9.0 9
320 -9.0 9
330 -9.0 9
340 -9.0 9
350 -9.0 9
360 -9.0 9
370 -9.0 9
380 -9.0 9
390 -9.0 9
400 -9.0 9
410 -9.0 9
420 -9.0 9
430 -9.0 9
440 -9.0 9
450 -9.0 9
460 -9.0 9
470 -9.0 9
480 -9.0 9
490 -9.0 9
499 -9.0 9
0 -50.0 50
10 -50.0 50
20 -50.0 50
30 -50.0 50
40 -9.0 9
50 -50.0 50
60 -9.0 9
70 -9.0 9
80 -9.0 9
90 -9.0 9
100 -9.0 9
110 -9.0 9
120 -9.0 9
130 -9.0 9
140 -9.0 9
150 -9.0 9
160 -9.0 9
170 -9.0 9
180 -9.0 9
190 -9.0 9
200 -9.0 9
210 -9.0 9
220 -9.0 9
230 -9.0 9
240 -9.0 9
250 -9.0 9
260 -9.0 9
270 -9.0 9
280 -9.0 9
290 -9.0 9
300 -9.0 9
310 -9.0 9
320 -9.0 9
330 -9.0 9
340 -9.0 9
350 -9.0 9
360 -9.0 9
370 -9.0 9
380 -9.0 9
390 -9.0 9
400 -9.0 9
410 -9.0 9
420 -9.0 9
430 -9.0 9
440 -9.0 9
450 -9.0 9
460 -9.0 9
470 -9.0 9
480 -9.0 9
490 -9.0 9
499 -9.0 9
0 -50.0 50
10 -50.0 50
20 -50.0 50
30 -50.0 50
40 -50.0 50
50 -50.0 50
60 -9.0 9
70 -9.0 9
80 -9.0 9
90 -9.0 9
100 -9.0 9
110 -9.0 9
120 -9.0 9
130 -9.0 9
140 -9.0 9
150 -9.0 9
160 -9.0 9
170 -9.0 9
180 -9.0 9
190 -9.0 9
200 -9.0 9
210 -9.0 9
220 -9.0 9
230 -9.0 9
240 -9.0 9
250 -9.0 9
260 -9.0 9
270 -9.0 9
280 -9.0 9
290 -9.0 9
300 -9.0 9
310 -9.0 9
320 -9.0 9
330 -9.0 9
340 -9.0 9
350 -9.0 9
360 -9.0 9
370 -9.0 9
380 -9.0 9
390 -9.0 9
400 -9.0 9
410 -9.0 9
420 -9.0 9
430 -9.0 9
440 -9.0 9
450 -9.0 9
460 -9.0 9
470 -9.0 9
480 -9.0 9
490 -9.0 9
499 -9.0 9
0 -50.0 50
10 -50.0 50
20 -50.0 50
30 -50.0 50
40 -50.0 50
50 -9.0 9
60 -9.0 9
70 -9.0 9
80 -9.0 9
90 -9.0 9
100 -9.0 9
110 -9.0 9
120 -9.0 9
130 -9.0 9
140 -9.0 9
150 -9.0 9
160 -9.0 9
170 -9.0 9
180 -9.0 9
190 -9.0 9
200 -9.0 9
210 -9.0 9
220 -9.0 9
230 -9.0 9
240 -9.0 9
250 -9.0 9
260 -9.0 9
270 -9.0 9
280 -9.0 9
290 -9.0 9
300 -9.0 9
310 -9.0 9
320 -9.0 9
330 -9.0 9
340 -9.0 9
350 -9.0 9
360 -9.0 9
370 -9.0 9
380 -9.0 9
390 -9.0 9
400 -9.0 9
410 -9.0 9
420 -9.0 9
430 -9.0 9
440 -9.0 9
450 -9.0 9
460 -9.0 9
470 -9.0 9
480 -9.0 9
490 -9.0 9
499 -9.0 9
0 -50.0 50
10 -50.0 50
20 -50.0 50
30 -9.0 9
40 -9.0 9
50 -9.0 9
60 -9.0 9
70 -9.0 9
80 -9.0 9
90 -9.0 9
100 -9.0 9
110 -9.0 9
120 -9.0 9
130 -9.0 9
140 -9.0 9
150 -9.0 9
160 -9.0 9
170 -9.0 9
180 -9.0 9
190 -9.0 9
200 -9.0 9
210 -9.0 9
220 -9.0 9
230 -9.0 9
240 -9.0 9
250 -9.0 9
260 -9.0 9
270 -9.0 9
280 -9.0 9
290 -9.0 9
300 -9.0 9
310 -9.0 9
320 -9.0 9
330 -9.0 9
340 -9.0 9
350 -9.0 9
360 -9.0 9
370 -9.0 9
380 -9.0 9
390 -9.0 9
400 -9.0 9
410 -9.0 9
420 -9.0 9
430 -9.0 9
440 -9.0 9
450 -9.0 9
460 -9.0 9
470 -9.0 9
480 -9.0 9
490 -9.0 9
499 -9.0 9
0 -50.0 50
10 -50.0 50
20 -50.0 50
30 -50.0 50
40 -9.0 9
50 -9.0 9
60 -9.0 9
70 -9.0 9
80 -9.0 9
90 -9.0 9
100 -9.0 9
110 -9.0 9
120 -9.0 9
130 -9.0 9
140 -9.0 9
150 -9.0 9
160 -9.0 9
170 -9.0 9
180 -9.0 9
190 -9.0 9
200 -9.0 9
210 -9.0 9
220 -9.0 9
230 -9.0 9
240 -9.0 9
250 -9.0 9
260 -9.0 9
270 -9.0 9
280 -9.0 9
290 -9.0 9
300 -9.0 9
310 -9.0 9
320 -9.0 9
330 -9.0 9
340 -9.0 9
350 -9.0 9
360 -9.0 9
370 -9.0 9
380 -9.0 9
390 -9.0 9
400 -9.0 9
410 -9.0 9
420 -9.0 9
430 -9.0 9
440 -9.0 9
450 -9.0 9
460 -9.0 9
470 -9.0 9
480 -9.0 9
490 -9.0 9
499 -9.0 9
0 -50.0 50
10 -50.0 50
20 -50.0 50
30 -50.0 50
40 -50.0 50
50 -9.0 9
60 -9.0 9
70 -50.0 50
80 -9.0 9
90 -9.0 9
100 -9.0 9
110 -9.0 9
120 -9.0 9
130 -9.0 9
140 -9.0 9
150 -9.0 9
160 -9.0 9
170 -9.0 9
180 -9.0 9
190 -9.0 9
200 -9.0 9
210 -9.0 9
220 -9.0 9
230 -9.0 9
240 -9.0 9
250 -9.0 9
260 -9.0 9
270 -9.0 9
280 -9.0 9
290 -9.0 9
300 -9.0 9
310 -9.0 9
320 -9.0 9
330 -9.0 9
340 -9.0 9
350 -9.0 9
360 -9.0 9
370 -9.0 9
380 -9.0 9
390 -9.0 9
400 -9.0 9
410 -9.0 9
420 -9.0 9
430 -9.0 9
440 -9.0 9
450 -9.0 9
460 -9.0 9
470 -9.0 9
480 -9.0 9
490 -9.0 9
499 -9.0 9
0 -50.0 50
10 -50.0 50
20 -50.0 50
30 -10.0 10
40 -9.0 9
50 -9.0 9
60 -9.0 9
70 -9.0 9
80 -9.0 9
90 -9.0 9
100 -9.0 9
110 -9.0 9
120 -9.0 9
130 -9.0 9
140 -9.0 9
150 -9.0 9
160 -9.0 9
170 -9.0 9
180 -9.0 9
190 -9.0 9
200 -9.0 9
210 -9.0 9
220 -9.0 9
230 -9.0 9
240 -9.0 9
250 -9.0 9
260 -9.0 9
270 -9.0 9
280 -9.0 9
290 -9.0 9
300 -9.0 9
310 -9.0 9
320 -9.0 9
330 -9.0 9
340 -9.0 9
350 -9.0 9
360 -9.0 9
370 -9.0 9
380 -9.0 9
390 -9.0 9
400 -9.0 9
410 -9.0 9
420 -9.0 9
430 -9.0 9
440 -9.0 9
450 -9.0 9
460 -9.0 9
470 -9.0 9
480 -9.0 9
490 -9.0 9
499 -9.0 9
0 -50.0 50
10 -50.0 50
20 -50.0 50
30 -50.0 50
40 -50.0 50
50 -9.0 9
60 -50.0 50
70 -9.0 9
80 -9.0 9
90 -9.0 9
100 -9.0 9
110 -9.0 9
120 -9.0 9
130 -9.0 9
140 -9.0 9
150 -9.0 9
160 -9.0 9
170 -9.0 9
180 -9.0 9
190 -9.0 9
200 -9.0 9
210 -9.0 9
220 -9.0 9
230 -9.0 9
240 -9.0 9
250 -9.0 9
260 -9.0 9
270 -9.0 9
280 -9.0 9
290 -9.0 9
300 -9.0 9
310 -9.0 9
320 -9.0 9
330 -9.0 9
340 -9.0 9
350 -9.0 9
360 -9.0 9
370 -9.0 9
380 -9.0 9
390 -9.0 9
400 -9.0 9
410 -9.0 9
420 -9.0 9
430 -9.0 9
440 -9.0 9
450 -9.0 9
460 -9.0 9
470 -9.0 9
480 -9.0 9
490 -9.0 9
499 -9.0 9
0 -50.0 50
10 -50.0 50
20 -50.0 50
30 -50.0 50
40 -50.0 50
50 -14.0 14
60 -14.0 14
70 -14.0 14
80 -14.0 14
90 -14.0 14
100 -14.0 14
110 -14.0 14
120 -14.0 14
130 -14.0 14
140 -14.0 14
150 -14.0 14
160 -14.0 14
170 -14.0 14
180 -14.0 14
190 -14.0 14
200 -14.0 14
210 -14.0 14
220 -14.0 14
230 -14.0 14
240 -14.0 14
250 -14.0 14
260 -14.0 14
270 -14.0 14
280 -14.0 14
290 -14.0 14
300 -14.0 14
310 -14.0 14
320 -14.0 14
330 -14.0 14
340 -14.0 14
350 -14.0 14
360 -14.0 14
370 -14.0 14
380 -14.0 14
390 -14.0 14
400 -14.0 14
410 -14.0 14
420 -14.0 14
430 -14.0 14
440 -14.0 14
450 -14.0 14
460 -14.0 14
470 -14.0 14
480 -14.0 14
490 -14.0 14
499 -14.0 14
0 -50.0 50
10 -50.0 50
20 -50.0 50
30 -50.0 50
40 -9.0 9
50 -9.0 9
60 -9.0 9
70 -9.0 9
80 -9.0 9
90 -9.0 9
100 -9.0 9
110 -9.0 9
120 -9.0 9
130 -9.0 9
140 -9.0 9
150 -9.0 9
160 -9.0 9
170 -9.0 9
180 -9.0 9
190 -9.0 9
200 -9.0 9
210 -9.0 9
220 -9.0 9
230 -9.0 9
240 -9.0 9
250 -9.0 9
260 -9.0 9
270 -9.0 9
280 -9.0 9
290 -9.0 9
300 -9.0 9
310 -9.0 9
320 -9.0 9
330 -9.0 9
340 -9.0 9
350 -9.0 9
360 -9.0 9
370 -9.0 9
380 -9.0 9
390 -9.0 9
400 -9.0 9
410 -9.0 9
420 -9.0 9
430 -9.0 9
440 -9.0 9
450 -9.0 9
460 -9.0 9
470 -9.0 9
480 -9.0 9
490 -9.0 9
499 -9.0 9
0 -50.0 50
10 -50.0 50
20 -50.0 50
30 -50.0 50
40 -9.0 9
50 -9.0 9
60 -9.0 9
70 -9.0 9
80 -9.0 9
90 -9.0 9
100 -9.0 9
110 -9.0 9
120 -9.0 9
130 -9.0 9
140 -9.0 9
150 -9.0 9
160 -9.0 9
170 -9.0 9
180 -9.0 9
190 -9.0 9
200 -9.0 9
210 -9.0 9
220 -9.0 9
230 -9.0 9
240 -9.0 9
250 -9.0 9
260 -9.0 9
270 -9.0 9
280 -9.0 9
290 -9.0 9
300 -9.0 9
310 -9.0 9
320 -9.0 9
330 -9.0 9
340 -9.0 9
350 -9.0 9
360 -9.0 9
370 -9.0 9
380 -9.0 9
390 -9.0 9
400 -9.0 9
410 -9.0 9
420 -9.0 9
430 -9.0 9
440 -9.0 9
450 -9.0 9
460 -9.0 9
470 -9.0 9
480 -9.0 9
490 -9.0 9
499 -9.0 9
0 -50.0 50
10 -50.0 50
20 -50.0 50
30 -9.0 9
40 -9.0 9
50 -9.0 9
60 -9.0 9
70 -9.0 9
80 -9.0 9
90 -9.0 9
100 -9.0 9
110 -9.0 9
120 -9.0 9
130 -9.0 9
140 -9.0 9
150 -9.0 9
160 -9.0 9
170 -9.0 9
180 -9.0 9
190 -9.0 9
200 -9.0 9
210 -9.0 9
220 -9.0 9
230 -9.0 9
240 -9.0 9
250 -9.0 9
260 -9.0 9
270 -9.0 9
280 -9.0 9
290 -9.0 9
300 -9.0 9
310 -9.0 9
320 -9.0 9
330 -9.0 9
340 -9.0 9
350 -9.0 9
360 -9.0 9
370 -9.0 9
380 -9.0 9
390 -9.0 9
400 -9.0 9
410 -9.0 9
420 -9.0 9
430 -9.0 9
440 -9.0 9
450 -9.0 9
460 -9.0 9
470 -9.0 9
480 -9.0 9
490 -9.0 9
499 -9.0 9
0 -50.0 50
10 -50.0 50
20 -50.0 50
30 -50.0 50
40 -9.0 9
50 -50.0 50
60 -9.0 9
70 -9.0 9
80 -9.0 9
90 -9.0 9
100 -9.0 9
110 -9.0 9
120 -9.0 9
130 -9.0 9
140 -9.0 9
150 -9.0 9
160 -9.0 9
170 -9.0 9
180 -9.0 9
190 -9.0 9
200 -9.0 9
210 -9.0 9
220 -9.0 9
230 -9.0 9
240 -9.0 9
250 -9.0 9
260 -9.0 9
270 -9.0 9
280 -9.0 9
290 -9.0 9
300 -9.0 9
310 -9.0 9
320 -9.0 9
330 -9.0 9
340 -9.0 9
350 -9.0 9
360 -9.0 9
370 -9.0 9
380 -9.0 9
390 -9.0 9
400 -9.0 9
410 -9.0 9
420 -9.0 9
430 -9.0 9
440 -9.0 9
450 -9.0 9
460 -9.0 9
470 -9.0 9
480 -9.0 9
490 -9.0 9
499 -9.0 9
0 -50.0 50
10 -50.0 50
20 -50.0 50
30 -50.0 50
40 -10.0 10
50 -50.0 50
60 -9.0 9
70 -9.0 9
80 -9.0 9
90 -9.0 9
100 -9.0 9
110 -9.0 9
120 -9.0 9
130 -9.0 9
140 -9.0 9
150 -9.0 9
160 -9.0 9
170 -9.0 9
180 -9.0 9
190 -9.0 9
200 -9.0 9
210 -9.0 9
220 -9.0 9
230 -9.0 9
240 -9.0 9
250 -9.0 9
260 -9.0 9
270 -9.0 9
280 -9.0 9
290 -9.0 9
300 -9.0 9
310 -9.0 9
320 -9.0 9
330 -9.0 9
340 -9.0 9
350 -9.0 9
360 -9.0 9
370 -9.0 9
380 -9.0 9
390 -9.0 9
400 -9.0 9
410 -9.0 9
420 -9.0 9
430 -9.0 9
440 -9.0 9
450 -9.0 9
460 -9.0 9
470 -9.0 9
480 -9.0 9
490 -9.0 9
499 -9.0 9