0 -50.0 50
1 -50.0 50
2 -50.0 50
3 -50.0 50
4 -50.0 50
5 -50.0 50
6 -50.0 50
7 -50.0 50
8 -50.0 50
9 -50.0 50
10 -50.0 50
11 -50.0 50
12 -50.0 50
13 -50.0 50
14 -50.0 50
15 -50.0 50
16 -50.0 50
17 -30.0 30
18 -50.0 50
19 -50.0 50
20 -50.0 50
21 -50.0 50
22 -50.0 50
23 -50.0 50
24 -50.0 50
25 -50.0 50
26 -50.0 50
27 -50.0 50
28 -27.0 27
29 -50.0 50
30 -50.0 50
31 -50.0 50
32 -50.0 50
33 -50.0 50
34 -36.0 36
35 -50.0 50
36 -50.0 50
37 -43.0 43
38 -50.0 50
39 -50.0 50
40 -40.0 40
41 -50.0 50
42 -50.0 50
43 -50.0 50
44 -50.0 50
45 -50.0 50
46 -50.0 50
47 -14.0 14
48 -10.0 10
49 -25.0 25
50 -24.0 24
51 -19.0 19
52 -18.0 18
53 -9.0 9
54 -18.0 18
55 -11.0 11
56 -11.0 11
57 -16.0 16
58 -16.0 16
59 -9.0 9
60 -9.0 9
61 -9.0 9
62 -9.0 9
63 -9.0 9
64 -9.0 9
0 -50.0 50
1 -50.0 50
2 -50.0 50
3 -50.0 50
4 -50.0 50
5 -50.0 50
6 -50.0 50
7 -50.0 50
8 -50.0 50
9 -50.0 50
10 -25.0 25
11 -50.0 50
12 -50.0 50
13 -50.0 50
14 -50.0 50
15 -50.0 50
16 -50.0 50
17 -50.0 50
18 -50.0 50
19 -50.0 50
20 -50.0 50
21 -50.0 50
22 -50.0 50
23 -50.0 50
24 -50.0 50
25 -50.0 50
26 -50.0 50
27 -50.0 50
28 -50.0 50
29 -50.0 50
30 -50.0 50
31 -50.0 50
32 -50.0 50
33 -50.0 50
34 -26.0 26
35 -50.0 50
36 -50.0 50
37 -50.0 50
38 -50.0 50
39 -50.0 50
40 -50.0 50
41 -50.0 50
42 -50.0 50
43 -23.0 23
44 -19.0 19
45 -50.0 50
46 -42.0 42
47 -19.0 19
48 -15.0 15
49 -13.0 13
50 -12.0 12
51 -13.0 13
52 -50.0 50
53 -24.0 24
54 -50.0 50
55 -21.0 21
56 -16.0 16
57 -12.0 12
58 -11.0 11
59 -9.0 9
60 -9.0 9
61 -9.0 9
62 -9.0 9
63 -14.0 14
64 -10.0 10
0 -50.0 50
1 -50.0 50
2 -50.0 50
3 -50.0 50
4 -50.0 50
5 -50.0 50
6 -50.0 50
7 -50.0 50
8 -50.0 50
9 -50.0 50
10 -50.0 50
11 -50.0 50
12 -50.0 50
13 -50.0 50
14 -50.0 50
15 -50.0 50
16 -50.0 50
17 -50.0 50
18 -50.0 50
19 -50.0 50
20 -50.0 50
21 -50.0 50
22 -50.0 50
23 -50.0 50
24 -50.0 50
25 -33.0 33
26 -50.0 50
27 -50.0 50
28 -50.0 50
29 -50.0 50
30 -50.0 50
31 -38.0 38
32 -20.0 20
33 -50.0 50
34 -50.0 50
35 -50.0 50
36 -50.0 50
37 -50.0 50
38 -50.0 50
39 -50.0 50
40 -50.0 50
41 -50.0 50
42 -50.0 50
43 -50.0 50
44 -16.0 16
45 -9.0 9
46 -11.0 11
47 -14.0 14
48 -15.0 15
49 -14.0 14
50 -12.0 12
51 -12.0 12
52 -11.0 11
53 -9.0 9
54 -11.0 11
55 -9.0 9
56 -11.0 11
57 -12.0 12
58 -16.0 16
59 -18.0 18
60 -9.0 9
61 -9.0 9
62 -9.0 9
63 -9.0 9
64 -9.0 9
0 -50.0 50
1 -50.0 50
2 -50.0 50
3 -50.0 50
4 -50.0 50
5 -50.0 50
6 -50.0 50
7 -50.0 50
8 -50.0 50
9 -50.0 50
10 -50.0 50
11 -50.0 50
12 -50.0 50
13 -50.0 50
14 -50.0 50
15 -50.0 50
16 -50.0 50
17 -50.0 50
18 -50.0 50
19 -50.0 50
20 -50.0 50
21 -43.0 43
22 -50.0 50
23 -50.0 50
24 -50.0 50
25 -50.0 50
26 -50.0 50
27 -34.0 34
28 -50.0 50
29 -50.0 50
30 -50.0 50
31 -50.0 50
32 -50.0 50
33 -50.0 50
34 -50.0 50
35 -50.0 50
36 -46.0 46
37 -19.0 19
38 -30.0 30
39 -50.0 50
40 -50.0 50
41 -50.0 50
42 -50.0 50
43 -50.0 50
44 -18.0 18
45 -13.0 13
46 -12.0 12
47 -10.0 10
48 -25.0 25
49 -14.0 14
50 -12.0 12
51 -10.0 10
52 -19.0 19
53 -23.0 23
54 -11.0 11
55 -9.0 9
56 -11.0 11
57 -9.0 9
58 -9.0 9
59 -9.0 9
60 -11.0 11
61 -13.0 13
62 -9.0 9
63 -9.0 9
64 -9.0 9
0 -50.0 50
1 -50.0 50
2 -50.0 50
3 -50.0 50
4 -50.0 50
5 -50.0 50
6 -50.0 50
7 -50.0 50
8 -50.0 50
9 -50.0 50
10 -50.0 50
11 -50.0 50
12 -50.0 50
13 -50.0 50
14 -50.0 50
15 -50.0 50
16 -50.0 50
17 -50.0 50
18 -50.0 50
19 -50.0 50
20 -50.0 50
21 -50.0 50
22 -50.0 50
23 -50.0 50
24 -50.0 50
25 -50.0 50
26 -50.0 50
27 -50.0 50
28 -50.0 50
29 -50.0 50
30 -50.0 50
31 -50.0 50
32 -50.0 50
33 -50.0 50
34 -50.0 50
35 -50.0 50
36 -12.0 12
37 -17.0 17
38 -19.0 19
39 -11.0 11
40 -20.0 20
41 -50.0 50
42 -28.0 28
43 -50.0 50
44 -50.0 50
45 -50.0 50
46 -50.0 50
47 -19.0 19
48 -13.0 13
49 -12.0 12
50 -10.0 10
51 -14.0 14
52 -18.0 18
53 -18.0 18
54 -50.0 50
55 -47.0 47
56 -50.0 50
57 -13.0 13
58 -13.0 13
59 -15.0 15
60 -12.0 12
61 -12.0 12
62 -11.0 11
63 -11.0 11
64 -9.0 9
0 -50.0 50
1 -50.0 50
2 -50.0 50
3 -50.0 50
4 -50.0 50
5 -50.0 50
6 -50.0 50
7 -50.0 50
8 -35.0 35
9 -50.0 50
10 -50.0 50
11 -50.0 50
12 -50.0 50
13 -50.0 50
14 -50.0 50
15 -50.0 50
16 -50.0 50
17 -50.0 50
18 -50.0 50
19 -50.0 50
20 -29.0 29
21 -50.0 50
22 -50.0 50
23 -50.0 50
24 -50.0 50
25 -49.0 49
26 -50.0 50
27 -50.0 50
28 -50.0 50
29 -50.0 50
30 -50.0 50
31 -50.0 50
32 -50.0 50
33 -50.0 50
34 -50.0 50
35 -50.0 50
36 -50.0 50
37 -50.0 50
38 -25.0 25
39 -16.0 16
40 -50.0 50
41 -42.0 42
42 -50.0 50
43 -50.0 50
44 -50.0 50
45 -50.0 50
46 -11.0 11
47 -12.0 12
48 -9.0 9
49 -14.0 14
50 -17.0 17
51 -9.0 9
52 -9.0 9
53 -13.0 13
54 -34.0 34
55 -36.0 36
56 -14.0 14
57 -10.0 10
58 -9.0 9
59 -9.0 9
60 -9.0 9
61 -9.0 9
62 -9.0 9
63 -9.0 9
64 -9.0 9
0 -50.0 50
1 -37.0 37
2 -50.0 50
3 -50.0 50
4 -50.0 50
5 -50.0 50
6 -50.0 50
7 -50.0 50
8 -50.0 50
9 -50.0 50
10 -50.0 50
11 -50.0 50
12 -50.0 50
13 -50.0 50
14 -50.0 50
15 -50.0 50
16 -50.0 50
17 -50.0 50
18 -50.0 50
19 -50.0 50
20 -50.0 50
21 -50.0 50
22 -50.0 50
23 -50.0 50
24 -50.0 50
25 -50.0 50
26 -50.0 50
27 -50.0 50
28 -50.0 50
29 -50.0 50
30 -50.0 50
31 -30.0 30
32 -24.0 24
33 -50.0 50
34 -50.0 50
35 -50.0 50
36 -50.0 50
37 -50.0 50
38 -50.0 50
39 -34.0 34
40 -50.0 50
41 -50.0 50
42 -34.0 34
43 -50.0 50
44 -50.0 50
45 -50.0 50
46 -50.0 50
47 -34.0 34
48 -24.0 24
49 -19.0 19
50 -13.0 13
51 -11.0 11
52 -17.0 17
53 -12.0 12
54 -12.0 12
55 -12.0 12
56 -11.0 11
57 -9.0 9
58 -9.0 9
59 -13.0 13
60 -10.0 10
61 -12.0 12
62 -17.0 17
63 -14.0 14
64 -9.0 9
0 -50.0 50
1 -50.0 50
2 -50.0 50
3 -50.0 50
4 -50.0 50
5 -50.0 50
6 -50.0 50
7 -50.0 50
8 -50.0 50
9 -50.0 50
10 -50.0 50
11 -50.0 50
12 -50.0 50
13 -50.0 50
14 -50.0 50
15 -50.0 50
16 -50.0 50
17 -50.0 50
18 -50.0 50
19 -50.0 50
20 -50.0 50
21 -50.0 50
22 -50.0 50
23 -50.0 50
24 -50.0 50
25 -50.0 50
26 -45.0 45
27 -50.0 50
28 -35.0 35
29 -50.0 50
30 -50.0 50
31 -50.0 50
32 -48.0 48
33 -50.0 50
34 -50.0 50
35 -50.0 50
36 -50.0 50
37 -50.0 50
38 -50.0 50
39 -23.0 23
40 -39.0 39
41 -50.0 50
42 -50.0 50
43 -50.0 50
44 -50.0 50
45 -50.0 50
46 -50.0 50
47 -33.0 33
48 -14.0 14
49 -50.0 50
50 -13.0 13
51 -9.0 9
52 -11.0 11
53 -10.0 10
54 -10.0 10
55 -11.0 11
56 -18.0 18
57 -24.0 24
58 -9.0 9
59 -9.0 9
60 -9.0 9
61 -9.0 9
62 -13.0 13
63 -10.0 10
64 -16.0 16
0 -50.0 50
1 -50.0 50
2 -50.0 50
3 -50.0 50
4 -50.0 50
5 -50.0 50
6 -50.0 50
7 -50.0 50
8 -39.0 39
9 -50.0 50
10 -50.0 50
11 -50.0 50
12 -50.0 50
13 -50.0 50
14 -50.0 50
15 -50.0 50
16 -50.0 50
17 -50.0 50
18 -50.0 50
19 -50.0 50
20 -50.0 50
21 -50.0 50
22 -50.0 50
23 -50.0 50
24 -50.0 50
25 -50.0 50
26 -50.0 50
27 -50.0 50
28 -21.0 21
29 -50.0 50
30 -50.0 50
31 -50.0 50
32 -50.0 50
33 -50.0 50
34 -50.0 50
35 -50.0 50
36 -26.0 26
37 -50.0 50
38 -50.0 50
39 -50.0 50
40 -50.0 50
41 -50.0 50
42 -50.0 50
43 -50.0 50
44 -50.0 50
45 -28.0 28
46 -42.0 42
47 -50.0 50
48 -23.0 23
49 -50.0 50
50 -23.0 23
51 -28.0 28
52 -12.0 12
53 -11.0 11
54 -13.0 13
55 -14.0 14
56 -9.0 9
57 -9.0 9
58 -11.0 11
59 -12.0 12
60 -11.0 11
61 -9.0 9
62 -9.0 9
63 -9.0 9
64 -9.0 9
0 -50.0 50
1 -50.0 50
2 -50.0 50
3 -50.0 50
4 -50.0 50
5 -50.0 50
6 -50.0 50
7 -50.0 50
8 -50.0 50
9 -50.0 50
10 -50.0 50
11 -50.0 50
12 -50.0 50
13 -50.0 50
14 -50.0 50
15 -33.0 33
16 -50.0 50
17 -50.0 50
18 -50.0 50
19 -50.0 50
20 -50.0 50
21 -50.0 50
22 -50.0 50
23 -50.0 50
24 -50.0 50
25 -38.0 38
26 -50.0 50
27 -50.0 50
28 -50.0 50
29 -50.0 50
30 -50.0 50
31 -50.0 50
32 -50.0 50
33 -50.0 50
34 -50.0 50
35 -50.0 50
36 -50.0 50
37 -50.0 50
38 -50.0 50
39 -50.0 50
40 -14.0 14
41 -50.0 50
42 -50.0 50
43 -50.0 50
44 -21.0 21
45 -16.0 16
46 -14.0 14
47 -33.0 33
48 -15.0 15
49 -14.0 14
50 -25.0 25
51 -50.0 50
52 -50.0 50
53 -50.0 50
54 -50.0 50
55 -16.0 16
56 -17.0 17
57 -11.0 11
58 -12.0 12
59 -13.0 13
60 -13.0 13
61 -14.0 14
62 -13.0 13
63 -21.0 21
64 -10.0 10
0 -50.0 50
1 -50.0 50
2 -50.0 50
3 -50.0 50
4 -50.0 50
5 -50.0 50
6 -50.0 50
7 -50.0 50
8 -50.0 50
9 -50.0 50
10 -28.0 28
11 -50.0 50
12 -50.0 50
13 -50.0 50
14 -50.0 50
15 -50.0 50
16 -50.0 50
17 -50.0 50
18 -50.0 50
19 -50.0 50
20 -50.0 50
21 -50.0 50
22 -50.0 50
23 -50.0 50
24 -45.0 45
25 -50.0 50
26 -50.0 50
27 -50.0 50
28 -50.0 50
29 -50.0 50
30 -50.0 50
31 -50.0 50
32 -50.0 50
33 -36.0 36
34 -50.0 50
35 -50.0 50
36 -50.0 50
37 -22.0 22
38 -50.0 50
39 -50.0 50
40 -17.0 17
41 -45.0 45
42 -42.0 42
43 -50.0 50
44 -16.0 16
45 -50.0 50
46 -50.0 50
47 -50.0 50
48 -50.0 50
49 -50.0 50
50 -50.0 50
51 -50.0 50
52 -47.0 47
53 -50.0 50
54 -27.0 27
55 -23.0 23
56 -12.0 12
57 -13.0 13
58 -14.0 14
59 -17.0 17
60 -13.0 13
61 -13.0 13
62 -13.0 13
63 -19.0 19
64 -9.0 9
0 -44.0 44
1 -50.0 50
2 -50.0 50
3 -50.0 50
4 -50.0 50
5 -50.0 50
6 -50.0 50
7 -50.0 50
8 -50.0 50
9 -50.0 50
10 -50.0 50
11 -50.0 50
12 -50.0 50
13 -50.0 50
14 -50.0 50
15 -50.0 50
16 -50.0 50
17 -50.0 50
18 -50.0 50
19 -50.0 50
20 -50.0 50
21 -50.0 50
22 -50.0 50
23 -50.0 50
24 -50.0 50
25 -50.0 50
26 -50.0 50
27 -50.0 50
28 -39.0 39
29 -50.0 50
30 -33.0 33
31 -50.0 50
32 -50.0 50
33 -50.0 50
34 -45.0 45
35 -50.0 50
36 -50.0 50
37 -50.0 50
38 -50.0 50
39 -50.0 50
40 -50.0 50
41 -29.0 29
42 -15.0 15
43 -22.0 22
44 -22.0 22
45 -50.0 50
46 -50.0 50
47 -50.0 50
48 -50.0 50
49 -50.0 50
50 -50.0 50
51 -50.0 50
52 -50.0 50
53 -34.0 34
54 -17.0 17
55 -11.0 11
56 -10.0 10
57 -11.0 11
58 -14.0 14
59 -27.0 27
60 -9.0 9
61 -11.0 11
62 -10.0 10
63 -10.0 10
64 -9.0 9
0 -50.0 50
1 -50.0 50
2 -50.0 50
3 -50.0 50
4 -50.0 50
5 -50.0 50
6 -50.0 50
7 -50.0 50
8 -50.0 50
9 -50.0 50
10 -50.0 50
11 -50.0 50
12 -50.0 50
13 -50.0 50
14 -50.0 50
15 -50.0 50
16 -50.0 50
17 -50.0 50
18 -30.0 30
19 -50.0 50
20 -50.0 50
21 -50.0 50
22 -50.0 50
23 -50.0 50
24 -50.0 50
25 -50.0 50
26 -50.0 50
27 -50.0 50
28 -50.0 50
29 -37.0 37
30 -50.0 50
31 -50.0 50
32 -50.0 50
33 -50.0 50
34 -50.0 50
35 -50.0 50
36 -50.0 50
37 -50.0 50
38 -50.0 50
39 -50.0 50
40 -28.0 28
41 -18.0 18
42 -13.0 13
43 -20.0 20
44 -50.0 50
45 -50.0 50
46 -10.0 10
47 -12.0 12
48 -9.0 9
49 -10.0 10
50 -22.0 22
51 -13.0 13
52 -11.0 11
53 -13.0 13
54 -50.0 50
55 -50.0 50
56 -50.0 50
57 -50.0 50
58 -50.0 50
59 -22.0 22
60 -13.0 13
61 -15.0 15
62 -18.0 18
63 -9.0 9
64 -9.0 9
0 -50.0 50
1 -50.0 50
2 -50.0 50
3 -50.0 50
4 -50.0 50
5 -50.0 50
6 -50.0 50
7 -50.0 50
8 -50.0 50
9 -50.0 50
10 -50.0 50
11 -50.0 50
12 -50.0 50
13 -50.0 50
14 -50.0 50
15 -50.0 50
16 -50.0 50
17 -50.0 50
18 -40.0 40
19 -50.0 50
20 -50.0 50
21 -50.0 50
22 -50.0 50
23 -50.0 50
24 -29.0 29
25 -50.0 50
26 -50.0 50
27 -33.0 33
28 -50.0 50
29 -50.0 50
30 -50.0 50
31 -50.0 50
32 -50.0 50
33 -50.0 50
34 -50.0 50
35 -50.0 50
36 -50.0 50
37 -50.0 50
38 -50.0 50
39 -50.0 50
40 -50.0 50
41 -48.0 48
42 -50.0 50
43 -50.0 50
44 -50.0 50
45 -50.0 50
46 -12.0 12
47 -50.0 50
48 -50.0 50
49 -15.0 15
50 -15.0 15
51 -14.0 14
52 -9.0 9
53 -14.0 14
54 -11.0 11
55 -11.0 11
56 -9.0 9
57 -11.0 11
58 -12.0 12
59 -19.0 19
60 -20.0 20
61 -11.0 11
62 -9.0 9
63 -9.0 9
64 -9.0 9
0 -50.0 50
1 -50.0 50
2 -50.0 50
3 -50.0 50
4 -50.0 50
5 -50.0 50
6 -50.0 50
7 -50.0 50
8 -50.0 50
9 -50.0 50
10 -50.0 50
11 -50.0 50
12 -50.0 50
13 -50.0 50
14 -50.0 50
15 -50.0 50
16 -50.0 50
17 -50.0 50
18 -50.0 50
19 -50.0 50
20 -50.0 50
21 -50.0 50
22 -50.0 50
23 -50.0 50
24 -50.0 50
25 -50.0 50
26 -50.0 50
27 -50.0 50
28 -50.0 50
29 -50.0 50
30 -26.0 26
31 -50.0 50
32 -14.0 14
33 -20.0 20
34 -50.0 50
35 -50.0 50
36 -33.0 33
37 -50.0 50
38 -50.0 50
39 -50.0 50
40 -50.0 50
41 -50.0 50
42 -50.0 50
43 -18.0 18
44 -13.0 13
45 -11.0 11
46 -18.0 18
47 -50.0 50
48 -50.0 50
49 -50.0 50
50 -24.0 24
51 -21.0 21
52 -50.0 50
53 -15.0 15
54 -17.0 17
55 -20.0 20
56 -17.0 17
57 -26.0 26
58 -13.0 13
59 -9.0 9
60 -9.0 9
61 -11.0 11
62 -14.0 14
63 -9.0 9
64 -9.0 9
0 -50.0 50
1 -50.0 50
2 -50.0 50
3 -50.0 50
4 -50.0 50
5 -50.0 50
6 -50.0 50
7 -50.0 50
8 -50.0 50
9 -50.0 50
10 -50.0 50
11 -50.0 50
12 -50.0 50
13 -50.0 50
14 -50.0 50
15 -50.0 50
16 -50.0 50
17 -50.0 50
18 -50.0 50
19 -49.0 49
20 -50.0 50
21 -50.0 50
22 -50.0 50
23 -50.0 50
24 -50.0 50
25 -50.0 50
26 -50.0 50
27 -50.0 50
28 -50.0 50
29 -50.0 50
30 -50.0 50
31 -50.0 50
32 -50.0 50
33 -50.0 50
34 -50.0 50
35 -22.0 22
36 -50.0 50
37 -16.0 16
38 -26.0 26
39 -50.0 50
40 -50.0 50
41 -50.0 50
42 -50.0 50
43 -50.0 50
44 -50.0 50
45 -17.0 17
46 -22.0 22
47 -50.0 50
48 -50.0 50
49 -27.0 27
50 -50.0 50
51 -23.0 23
52 -26.0 26
53 -16.0 16
54 -14.0 14
55 -18.0 18
56 -14.0 14
57 -15.0 15
58 -9.0 9
59 -9.0 9
60 -11.0 11
61 -12.0 12
62 -21.0 21
63 -18.0 18
64 -13.0 13
0 -50.0 50
1 -50.0 50
2 -50.0 50
3 -50.0 50
4 -50.0 50
5 -50.0 50
6 -50.0 50
7 -50.0 50
8 -50.0 50
9 -50.0 50
10 -50.0 50
11 -50.0 50
12 -50.0 50
13 -50.0 50
14 -50.0 50
15 -50.0 50
16 -50.0 50
17 -50.0 50
18 -27.0 27
19 -50.0 50
20 -50.0 50
21 -41.0 41
22 -50.0 50
23 -50.0 50
24 -50.0 50
25 -50.0 50
26 -50.0 50
27 -50.0 50
28 -32.0 32
29 -50.0 50
30 -50.0 50
31 -50.0 50
32 -50.0 50
33 -50.0 50
34 -32.0 32
35 -50.0 50
36 -50.0 50
37 -50.0 50
38 -50.0 50
39 -27.0 27
40 -50.0 50
41 -50.0 50
42 -50.0 50
43 -50.0 50
44 -50.0 50
45 -50.0 50
46 -50.0 50
47 -50.0 50
48 -50.0 50
49 -50.0 50
50 -9.0 9
51 -11.0 11
52 -9.0 9
53 -9.0 9
54 -12.0 12
55 -9.0 9
56 -9.0 9
57 -13.0 13
58 -10.0 10
59 -18.0 18
60 -20.0 20
61 -13.0 13
62 -9.0 9
63 -9.0 9
64 -9.0 9
0 -50.0 50
1 -46.0 46
2 -50.0 50
3 -50.0 50
4 -50.0 50
5 -50.0 50
6 -50.0 50
7 -50.0 50
8 -50.0 50
9 -50.0 50
10 -50.0 50
11 -50.0 50
12 -50.0 50
13 -50.0 50
14 -50.0 50
15 -50.0 50
16 -50.0 50
17 -50.0 50
18 -50.0 50
19 -50.0 50
20 -50.0 50
21 -50.0 50
22 -50.0 50
23 -50.0 50
24 -50.0 50
25 -50.0 50
26 -50.0 50
27 -50.0 50
28 -50.0 50
29 -43.0 43
30 -50.0 50
31 -50.0 50
32 -50.0 50
33 -50.0 50
34 -50.0 50
35 -28.0 28
36 -50.0 50
37 -50.0 50
38 -50.0 50
39 -50.0 50
40 -50.0 50
41 -50.0 50
42 -24.0 24
43 -23.0 23
44 -26.0 26
45 -50.0 50
46 -50.0 50
47 -41.0 41
48 -50.0 50
49 -50.0 50
50 -34.0 34
51 -50.0 50
52 -50.0 50
53 -9.0 9
54 -9.0 9
55 -9.0 9
56 -10.0 10
57 -11.0 11
58 -10.0 10
59 -11.0 11
60 -14.0 14
61 -18.0 18
62 -12.0 12
63 -9.0 9
64 -9.0 9
0 -50.0 50
1 -50.0 50
2 -50.0 50
3 -50.0 50
4 -50.0 50
5 -50.0 50
6 -50.0 50
7 -50.0 50
8 -50.0 50
9 -50.0 50
10 -50.0 50
11 -28.0 28
12 -50.0 50
13 -50.0 50
14 -50.0 50
15 -50.0 50
16 -50.0 50
17 -50.0 50
18 -50.0 50
19 -50.0 50
20 -50.0 50
21 -50.0 50
22 -50.0 50
23 -50.0 50
24 -50.0 50
25 -50.0 50
26 -25.0 25
27 -50.0 50
28 -50.0 50
29 -50.0 50
30 -50.0 50
31 -44.0 44
32 -50.0 50
33 -50.0 50
34 -50.0 50
35 -50.0 50
36 -50.0 50
37 -50.0 50
38 -50.0 50
39 -19.0 19
40 -18.0 18
41 -13.0 13
42 -22.0 22
43 -50.0 50
44 -50.0 50
45 -50.0 50
46 -50.0 50
47 -50.0 50
48 -35.0 35
49 -37.0 37
50 -50.0 50
51 -50.0 50
52 -18.0 18
53 -14.0 14
54 -12.0 12
55 -9.0 9
56 -9.0 9
57 -9.0 9
58 -9.0 9
59 -9.0 9
60 -11.0 11
61 -17.0 17
62 -16.0 16
63 -12.0 12
64 -9.0 9
0 -50.0 50
1 -50.0 50
2 -50.0 50
3 -50.0 50
4 -50.0 50
5 -50.0 50
6 -50.0 50
7 -50.0 50
8 -50.0 50
9 -48.0 48
10 -50.0 50
11 -50.0 50
12 -50.0 50
13 -50.0 50
14 -50.0 50
15 -50.0 50
16 -50.0 50
17 -50.0 50
18 -50.0 50
19 -50.0 50
20 -50.0 50
21 -30.0 30
22 -50.0 50
23 -50.0 50
24 -50.0 50
25 -50.0 50
26 -50.0 50
27 -50.0 50
28 -50.0 50
29 -50.0 50
30 -50.0 50
31 -41.0 41
32 -50.0 50
33 -50.0 50
34 -50.0 50
35 -50.0 50
36 -50.0 50
37 -15.0 15
38 -17.0 17
39 -14.0 14
40 -50.0 50
41 -50.0 50
42 -15.0 15
43 -12.0 12
44 -10.0 10
45 -12.0 12
46 -9.0 9
47 -14.0 14
48 -24.0 24
49 -39.0 39
50 -45.0 45
51 -50.0 50
52 -50.0 50
53 -50.0 50
54 -50.0 50
55 -23.0 23
56 -50.0 50
57 -50.0 50
58 -11.0 11
59 -11.0 11
60 -12.0 12
61 -11.0 11
62 -9.0 9
63 -9.0 9
64 -9.0 9
