0 -50.0 50
1 -34.0 34
0 -50.0 50
1 -37.0 37
0 -50.0 50
1 -50.0 50
0 -50.0 50
1 -50.0 50
0 -50.0 50
1 -50.0 50
0 -30.0 30
1 -50.0 50
0 -50.0 50
1 -27.0 27
0 -50.0 50
1 -35.0 35
0 -50.0 50
1 -50.0 50
0 -50.0 50
1 -50.0 50
0 -47.0 47
1 -50.0 50
0 -50.0 50
1 -36.0 36
0 -50.0 50
1 -50.0 50
0 -22.0 22
1 -50.0 50
0 -50.0 50
1 -42.0 42
0 -50.0 50
1 -50.0 50
0 -50.0 50
1 -37.0 37
0 -33.0 33
1 -50.0 50
0 -50.0 50
1 -50.0 50
0 -50.0 50
1 -50.0 50
0 -13.0 13
1 -50.0 50
0 -50.0 50
1 -50.0 50
0 -50.0 50
1 -50.0 50
0 -50.0 50
1 -50.0 50
0 -50.0 50
1 -50.0 50
0 -50.0 50
1 -50.0 50
0 -50.0 50
1 -23.0 23
0 -50.0 50
1 -50.0 50
0 -50.0 50
1 -32.0 32
0 -50.0 50
1 -50.0 50
0 -50.0 50
1 -41.0 41
0 -50.0 50
1 -50.0 50
0 -50.0 50
1 -50.0 50
0 -50.0 50
1 -50.0 50
0 -50.0 50
1 -50.0 50
0 -50.0 50
1 -37.0 37
0 -50.0 50
1 -40.0 40
0 -50.0 50
1 -40.0 40
0 -50.0 50
1 -50.0 50
0 -50.0 50
1 -50.0 50
