0 -50.0 50
1 -45.0 45
2 -50.0 50
3 -50.0 50
4 -50.0 50
5 -50.0 50
6 -50.0 50
7 -50.0 50
8 -50.0 50
9 -50.0 50
10 -50.0 50
11 -50.0 50
12 -50.0 50
13 -50.0 50
14 -44.0 44
15 -50.0 50
16 -50.0 50
17 -50.0 50
18 -50.0 50
19 -50.0 50
20 -50.0 50
21 -50.0 50
22 -50.0 50
23 -50.0 50
24 -50.0 50
25 -50.0 50
26 -50.0 50
27 -50.0 50
28 -50.0 50
29 -50.0 50
30 -50.0 50
31 -50.0 50
32 -20.0 20
33 -25.0 25
34 -42.0 42
35 -50.0 50
36 -22.0 22
37 -50.0 50
38 -50.0 50
39 -50.0 50
40 -34.0 34
41 -50.0 50
42 -50.0 50
43 -50.0 50
44 -50.0 50
45 -50.0 50
46 -50.0 50
47 -50.0 50
48 -50.0 50
49 -50.0 50
50 -50.0 50
51 -20.0 20
52 -13.0 13
53 -14.0 14
54 -12.0 12
0 -50.0 50
1 -50.0 50
2 -50.0 50
3 -50.0 50
4 -50.0 50
5 -50.0 50
6 -50.0 50
7 -50.0 50
8 -50.0 50
9 -50.0 50
10 -50.0 50
11 -50.0 50
12 -50.0 50
13 -50.0 50
14 -50.0 50
15 -50.0 50
16 -50.0 50
17 -50.0 50
18 -50.0 50
19 -50.0 50
20 -50.0 50
21 -34.0 34
22 -50.0 50
23 -50.0 50
24 -50.0 50
25 -50.0 50
26 -50.0 50
27 -50.0 50
28 -50.0 50
29 -50.0 50
30 -50.0 50
31 -50.0 50
32 -50.0 50
33 -12.0 12
34 -23.0 23
35 -50.0 50
36 -39.0 39
37 -50.0 50
38 -50.0 50
39 -50.0 50
40 -48.0 48
41 -50.0 50
42 -50.0 50
43 -50.0 50
44 -50.0 50
45 -50.0 50
46 -50.0 50
47 -17.0 17
48 -11.0 11
49 -12.0 12
50 -9.0 9
51 -13.0 13
52 -15.0 15
53 -38.0 38
54 -50.0 50
0 -50.0 50
1 -50.0 50
2 -50.0 50
3 -50.0 50
4 -19.0 19
5 -50.0 50
6 -50.0 50
7 -50.0 50
8 -50.0 50
9 -50.0 50
10 -50.0 50
11 -50.0 50
12 -50.0 50
13 -50.0 50
14 -50.0 50
15 -50.0 50
16 -50.0 50
17 -50.0 50
18 -50.0 50
19 -50.0 50
20 -50.0 50
21 -50.0 50
22 -50.0 50
23 -50.0 50
24 -50.0 50
25 -50.0 50
26 -48.0 48
27 -50.0 50
28 -50.0 50
29 -50.0 50
30 -50.0 50
31 -50.0 50
32 -50.0 50
33 -21.0 21
34 -50.0 50
35 -50.0 50
36 -50.0 50
37 -37.0 37
38 -50.0 50
39 -50.0 50
40 -26.0 26
41 -50.0 50
42 -50.0 50
43 -50.0 50
44 -50.0 50
45 -50.0 50
46 -26.0 26
47 -50.0 50
48 -50.0 50
49 -30.0 30
50 -20.0 20
51 -11.0 11
52 -11.0 11
53 -10.0 10
54 -10.0 10
0 -22.0 22
1 -50.0 50
2 -50.0 50
3 -50.0 50
4 -50.0 50
5 -50.0 50
6 -50.0 50
7 -50.0 50
8 -50.0 50
9 -50.0 50
10 -50.0 50
11 -50.0 50
12 -50.0 50
13 -50.0 50
14 -50.0 50
15 -50.0 50
16 -50.0 50
17 -50.0 50
18 -50.0 50
19 -50.0 50
20 -50.0 50
21 -50.0 50
22 -50.0 50
23 -50.0 50
24 -50.0 50
25 -50.0 50
26 -50.0 50
27 -50.0 50
28 -50.0 50
29 -50.0 50
30 -50.0 50
31 -50.0 50
32 -25.0 25
33 -15.0 15
34 -50.0 50
35 -42.0 42
36 -50.0 50
37 -50.0 50
38 -20.0 20
39 -50.0 50
40 -22.0 22
41 -50.0 50
42 -50.0 50
43 -50.0 50
44 -50.0 50
45 -50.0 50
46 -50.0 50
47 -50.0 50
48 -50.0 50
49 -50.0 50
50 -50.0 50
51 -21.0 21
52 -15.0 15
53 -11.0 11
54 -9.0 9
0 -50.0 50
1 -50.0 50
2 -50.0 50
3 -50.0 50
4 -50.0 50
5 -50.0 50
6 -50.0 50
7 -50.0 50
8 -50.0 50
9 -50.0 50
10 -50.0 50
11 -50.0 50
12 -50.0 50
13 -50.0 50
14 -50.0 50
15 -50.0 50
16 -50.0 50
17 -50.0 50
18 -50.0 50
19 -50.0 50
20 -50.0 50
21 -50.0 50
22 -50.0 50
23 -50.0 50
24 -50.0 50
25 -50.0 50
26 -50.0 50
27 -50.0 50
28 -12.0 12
29 -26.0 26
30 -46.0 46
31 -50.0 50
32 -50.0 50
33 -50.0 50
34 -50.0 50
35 -50.0 50
36 -50.0 50
37 -50.0 50
38 -23.0 23
39 -50.0 50
40 -50.0 50
41 -50.0 50
42 -36.0 36
43 -50.0 50
44 -50.0 50
45 -50.0 50
46 -50.0 50
47 -50.0 50
48 -50.0 50
49 -22.0 22
50 -11.0 11
51 -12.0 12
52 -9.0 9
53 -11.0 11
54 -10.0 10
0 -50.0 50
1 -50.0 50
2 -50.0 50
3 -50.0 50
4 -50.0 50
5 -50.0 50
6 -50.0 50
7 -50.0 50
8 -50.0 50
9 -50.0 50
10 -50.0 50
11 -50.0 50
12 -50.0 50
13 -50.0 50
14 -50.0 50
15 -50.0 50
16 -50.0 50
17 -50.0 50
18 -50.0 50
19 -50.0 50
20 -50.0 50
21 -50.0 50
22 -50.0 50
23 -50.0 50
24 -50.0 50
25 -50.0 50
26 -50.0 50
27 -35.0 35
28 -50.0 50
29 -50.0 50
30 -50.0 50
31 -50.0 50
32 -50.0 50
33 -50.0 50
34 -50.0 50
35 -50.0 50
36 -50.0 50
37 -50.0 50
38 -50.0 50
39 -50.0 50
40 -50.0 50
41 -25.0 25
42 -24.0 24
43 -50.0 50
44 -50.0 50
45 -50.0 50
46 -26.0 26
47 -50.0 50
48 -38.0 38
49 -18.0 18
50 -18.0 18
51 -25.0 25
52 -19.0 19
53 -26.0 26
54 -13.0 13
0 -50.0 50
1 -50.0 50
2 -50.0 50
3 -50.0 50
4 -50.0 50
5 -50.0 50
6 -46.0 46
7 -50.0 50
8 -50.0 50
9 -50.0 50
10 -50.0 50
11 -50.0 50
12 -50.0 50
13 -50.0 50
14 -50.0 50
15 -50.0 50
16 -50.0 50
17 -50.0 50
18 -50.0 50
19 -50.0 50
20 -50.0 50
21 -50.0 50
22 -50.0 50
23 -50.0 50
24 -50.0 50
25 -50.0 50
26 -50.0 50
27 -50.0 50
28 -50.0 50
29 -50.0 50
30 -50.0 50
31 -13.0 13
32 -22.0 22
33 -20.0 20
34 -50.0 50
35 -50.0 50
36 -50.0 50
37 -50.0 50
38 -50.0 50
39 -50.0 50
40 -12.0 12
41 -9.0 9
42 -44.0 44
43 -50.0 50
44 -24.0 24
45 -50.0 50
46 -39.0 39
47 -50.0 50
48 -50.0 50
49 -50.0 50
50 -50.0 50
51 -50.0 50
52 -14.0 14
53 -11.0 11
54 -12.0 12
0 -50.0 50
1 -50.0 50
2 -50.0 50
3 -50.0 50
4 -50.0 50
5 -50.0 50
6 -50.0 50
7 -50.0 50
8 -50.0 50
9 -50.0 50
10 -50.0 50
11 -50.0 50
12 -50.0 50
13 -50.0 50
14 -50.0 50
15 -50.0 50
16 -50.0 50
17 -50.0 50
18 -50.0 50
19 -50.0 50
20 -23.0 23
21 -50.0 50
22 -50.0 50
23 -50.0 50
24 -50.0 50
25 -50.0 50
26 -50.0 50
27 -50.0 50
28 -50.0 50
29 -50.0 50
30 -50.0 50
31 -50.0 50
32 -50.0 50
33 -50.0 50
34 -32.0 32
35 -50.0 50
36 -50.0 50
37 -27.0 27
38 -50.0 50
39 -50.0 50
40 -50.0 50
41 -37.0 37
42 -49.0 49
43 -50.0 50
44 -50.0 50
45 -50.0 50
46 -50.0 50
47 -30.0 30
48 -24.0 24
49 -16.0 16
50 -20.0 20
51 -21.0 21
52 -19.0 19
53 -25.0 25
54 -27.0 27
0 -50.0 50
1 -50.0 50
2 -50.0 50
3 -50.0 50
4 -50.0 50
5 -50.0 50
6 -50.0 50
7 -50.0 50
8 -50.0 50
9 -50.0 50
10 -50.0 50
11 -50.0 50
12 -50.0 50
13 -50.0 50
14 -50.0 50
15 -50.0 50
16 -50.0 50
17 -50.0 50
18 -38.0 38
19 -50.0 50
20 -50.0 50
21 -50.0 50
22 -50.0 50
23 -50.0 50
24 -50.0 50
25 -50.0 50
26 -50.0 50
27 -50.0 50
28 -50.0 50
29 -50.0 50
30 -50.0 50
31 -49.0 49
32 -50.0 50
33 -50.0 50
34 -50.0 50
35 -50.0 50
36 -50.0 50
37 -50.0 50
38 -50.0 50
39 -50.0 50
40 -34.0 34
41 -29.0 29
42 -22.0 22
43 -50.0 50
44 -45.0 45
45 -11.0 11
46 -14.0 14
47 -50.0 50
48 -50.0 50
49 -50.0 50
50 -50.0 50
51 -27.0 27
52 -16.0 16
53 -12.0 12
54 -9.0 9
0 -50.0 50
1 -50.0 50
2 -50.0 50
3 -50.0 50
4 -50.0 50
5 -50.0 50
6 -50.0 50
7 -50.0 50
8 -50.0 50
9 -50.0 50
10 -50.0 50
11 -50.0 50
12 -50.0 50
13 -50.0 50
14 -50.0 50
15 -50.0 50
16 -50.0 50
17 -50.0 50
18 -50.0 50
19 -50.0 50
20 -50.0 50
21 -50.0 50
22 -50.0 50
23 -50.0 50
24 -50.0 50
25 -17.0 17
26 -22.0 22
27 -50.0 50
28 -50.0 50
29 -29.0 29
30 -50.0 50
31 -50.0 50
32 -50.0 50
33 -50.0 50
34 -50.0 50
35 -50.0 50
36 -50.0 50
37 -50.0 50
38 -48.0 48
39 -25.0 25
40 -50.0 50
41 -25.0 25
42 -50.0 50
43 -50.0 50
44 -50.0 50
45 -50.0 50
46 -50.0 50
47 -50.0 50
48 -50.0 50
49 -50.0 50
50 -50.0 50
51 -15.0 15
52 -12.0 12
53 -15.0 15
54 -12.0 12
0 -50.0 50
1 -50.0 50
2 -50.0 50
3 -50.0 50
4 -50.0 50
5 -50.0 50
6 -50.0 50
7 -48.0 48
8 -50.0 50
9 -50.0 50
10 -50.0 50
11 -50.0 50
12 -50.0 50
13 -50.0 50
14 -50.0 50
15 -50.0 50
16 -50.0 50
17 -50.0 50
18 -50.0 50
19 -50.0 50
20 -50.0 50
21 -50.0 50
22 -50.0 50
23 -50.0 50
24 -39.0 39
25 -50.0 50
26 -50.0 50
27 -50.0 50
28 -50.0 50
29 -50.0 50
30 -33.0 33
31 -50.0 50
32 -50.0 50
33 -50.0 50
34 -50.0 50
35 -50.0 50
36 -50.0 50
37 -50.0 50
38 -33.0 33
39 -42.0 42
40 -50.0 50
41 -50.0 50
42 -50.0 50
43 -23.0 23
44 -36.0 36
45 -23.0 23
46 -50.0 50
47 -50.0 50
48 -50.0 50
49 -11.0 11
50 -11.0 11
51 -10.0 10
52 -12.0 12
53 -9.0 9
54 -9.0 9
0 -50.0 50
1 -50.0 50
2 -50.0 50
3 -50.0 50
4 -50.0 50
5 -50.0 50
6 -50.0 50
7 -46.0 46
8 -50.0 50
9 -50.0 50
10 -50.0 50
11 -50.0 50
12 -50.0 50
13 -50.0 50
14 -50.0 50
15 -50.0 50
16 -50.0 50
17 -50.0 50
18 -50.0 50
19 -50.0 50
20 -50.0 50
21 -50.0 50
22 -50.0 50
23 -50.0 50
24 -50.0 50
25 -50.0 50
26 -50.0 50
27 -50.0 50
28 -50.0 50
29 -50.0 50
30 -50.0 50
31 -50.0 50
32 -31.0 31
33 -50.0 50
34 -50.0 50
35 -50.0 50
36 -39.0 39
37 -50.0 50
38 -50.0 50
39 -50.0 50
40 -50.0 50
41 -19.0 19
42 -26.0 26
43 -50.0 50
44 -50.0 50
45 -39.0 39
46 -23.0 23
47 -17.0 17
48 -50.0 50
49 -23.0 23
50 -19.0 19
51 -11.0 11
52 -12.0 12
53 -19.0 19
54 -18.0 18
0 -50.0 50
1 -50.0 50
2 -50.0 50
3 -34.0 34
4 -50.0 50
5 -50.0 50
6 -50.0 50
7 -50.0 50
8 -50.0 50
9 -50.0 50
10 -50.0 50
11 -50.0 50
12 -50.0 50
13 -50.0 50
14 -50.0 50
15 -50.0 50
16 -50.0 50
17 -50.0 50
18 -50.0 50
19 -50.0 50
20 -50.0 50
21 -50.0 50
22 -50.0 50
23 -50.0 50
24 -50.0 50
25 -50.0 50
26 -50.0 50
27 -50.0 50
28 -29.0 29
29 -50.0 50
30 -50.0 50
31 -50.0 50
32 -50.0 50
33 -50.0 50
34 -50.0 50
35 -23.0 23
36 -50.0 50
37 -50.0 50
38 -50.0 50
39 -50.0 50
40 -50.0 50
41 -50.0 50
42 -50.0 50
43 -24.0 24
44 -9.0 9
45 -13.0 13
46 -50.0 50
47 -15.0 15
48 -13.0 13
49 -12.0 12
50 -15.0 15
51 -40.0 40
52 -50.0 50
53 -50.0 50
54 -50.0 50
0 -50.0 50
1 -50.0 50
2 -50.0 50
3 -50.0 50
4 -50.0 50
5 -50.0 50
6 -50.0 50
7 -50.0 50
8 -50.0 50
9 -50.0 50
10 -50.0 50
11 -50.0 50
12 -50.0 50
13 -50.0 50
14 -50.0 50
15 -50.0 50
16 -50.0 50
17 -50.0 50
18 -50.0 50
19 -50.0 50
20 -50.0 50
21 -50.0 50
22 -50.0 50
23 -50.0 50
24 -50.0 50
25 -50.0 50
26 -50.0 50
27 -50.0 50
28 -31.0 31
29 -50.0 50
30 -50.0 50
31 -50.0 50
32 -50.0 50
33 -50.0 50
34 -50.0 50
35 -50.0 50
36 -50.0 50
37 -19.0 19
38 -47.0 47
39 -21.0 21
40 -50.0 50
41 -50.0 50
42 -50.0 50
43 -46.0 46
44 -50.0 50
45 -27.0 27
46 -33.0 33
47 -50.0 50
48 -24.0 24
49 -9.0 9
50 -13.0 13
51 -13.0 13
52 -12.0 12
53 -10.0 10
54 -9.0 9
0 -50.0 50
1 -50.0 50
2 -50.0 50
3 -50.0 50
4 -50.0 50
5 -50.0 50
6 -50.0 50
7 -50.0 50
8 -50.0 50
9 -50.0 50
10 -50.0 50
11 -50.0 50
12 -48.0 48
13 -50.0 50
14 -50.0 50
15 -50.0 50
16 -50.0 50
17 -50.0 50
18 -50.0 50
19 -50.0 50
20 -50.0 50
21 -29.0 29
22 -50.0 50
23 -50.0 50
24 -50.0 50
25 -50.0 50
26 -50.0 50
27 -50.0 50
28 -50.0 50
29 -50.0 50
30 -50.0 50
31 -50.0 50
32 -27.0 27
33 -50.0 50
34 -50.0 50
35 -42.0 42
36 -50.0 50
37 -50.0 50
38 -50.0 50
39 -50.0 50
40 -50.0 50
41 -50.0 50
42 -50.0 50
43 -50.0 50
44 -17.0 17
45 -13.0 13
46 -11.0 11
47 -10.0 10
48 -16.0 16
49 -19.0 19
50 -50.0 50
51 -22.0 22
52 -13.0 13
53 -13.0 13
54 -12.0 12
0 -50.0 50
1 -50.0 50
2 -50.0 50
3 -50.0 50
4 -50.0 50
5 -50.0 50
6 -50.0 50
7 -37.0 37
8 -50.0 50
9 -50.0 50
10 -50.0 50
11 -50.0 50
12 -50.0 50
13 -50.0 50
14 -50.0 50
15 -50.0 50
16 -50.0 50
17 -50.0 50
18 -50.0 50
19 -50.0 50
20 -50.0 50
21 -50.0 50
22 -50.0 50
23 -50.0 50
24 -42.0 42
25 -50.0 50
26 -50.0 50
27 -50.0 50
28 -50.0 50
29 -50.0 50
30 -50.0 50
31 -50.0 50
32 -50.0 50
33 -50.0 50
34 -31.0 31
35 -50.0 50
36 -50.0 50
37 -50.0 50
38 -50.0 50
39 -50.0 50
40 -50.0 50
41 -25.0 25
42 -50.0 50
43 -18.0 18
44 -20.0 20
45 -50.0 50
46 -50.0 50
47 -19.0 19
48 -50.0 50
49 -50.0 50
50 -12.0 12
51 -13.0 13
52 -13.0 13
53 -26.0 26
54 -26.0 26
0 -50.0 50
1 -50.0 50
2 -50.0 50
3 -50.0 50
4 -44.0 44
5 -50.0 50
6 -50.0 50
7 -50.0 50
8 -50.0 50
9 -50.0 50
10 -50.0 50
11 -50.0 50
12 -50.0 50
13 -50.0 50
14 -50.0 50
15 -50.0 50
16 -50.0 50
17 -50.0 50
18 -50.0 50
19 -50.0 50
20 -50.0 50
21 -50.0 50
22 -50.0 50
23 -50.0 50
24 -50.0 50
25 -50.0 50
26 -30.0 30
27 -50.0 50
28 -50.0 50
29 -50.0 50
30 -50.0 50
31 -50.0 50
32 -23.0 23
33 -21.0 21
34 -50.0 50
35 -50.0 50
36 -50.0 50
37 -50.0 50
38 -50.0 50
39 -35.0 35
40 -50.0 50
41 -50.0 50
42 -50.0 50
43 -50.0 50
44 -50.0 50
45 -50.0 50
46 -50.0 50
47 -50.0 50
48 -50.0 50
49 -16.0 16
50 -18.0 18
51 -40.0 40
52 -20.0 20
53 -22.0 22
54 -22.0 22
0 -50.0 50
1 -50.0 50
2 -50.0 50
3 -50.0 50
4 -50.0 50
5 -50.0 50
6 -31.0 31
7 -50.0 50
8 -50.0 50
9 -50.0 50
10 -50.0 50
11 -50.0 50
12 -50.0 50
13 -50.0 50
14 -50.0 50
15 -50.0 50
16 -50.0 50
17 -50.0 50
18 -50.0 50
19 -50.0 50
20 -50.0 50
21 -46.0 46
22 -50.0 50
23 -50.0 50
24 -50.0 50
25 -50.0 50
26 -50.0 50
27 -50.0 50
28 -50.0 50
29 -50.0 50
30 -26.0 26
31 -43.0 43
32 -50.0 50
33 -50.0 50
34 -50.0 50
35 -50.0 50
36 -50.0 50
37 -50.0 50
38 -11.0 11
39 -20.0 20
40 -30.0 30
41 -30.0 30
42 -50.0 50
43 -50.0 50
44 -50.0 50
45 -20.0 20
46 -19.0 19
47 -15.0 15
48 -9.0 9
49 -9.0 9
50 -9.0 9
51 -11.0 11
52 -9.0 9
53 -9.0 9
54 -10.0 10
0 -50.0 50
1 -50.0 50
2 -50.0 50
3 -50.0 50
4 -50.0 50
5 -50.0 50
6 -50.0 50
7 -50.0 50
8 -50.0 50
9 -50.0 50
10 -50.0 50
11 -50.0 50
12 -50.0 50
13 -50.0 50
14 -50.0 50
15 -50.0 50
16 -50.0 50
17 -50.0 50
18 -50.0 50
19 -50.0 50
20 -50.0 50
21 -49.0 49
22 -50.0 50
23 -50.0 50
24 -50.0 50
25 -50.0 50
26 -50.0 50
27 -50.0 50
28 -25.0 25
29 -50.0 50
30 -20.0 20
31 -50.0 50
32 -50.0 50
33 -50.0 50
34 -50.0 50
35 -50.0 50
36 -25.0 25
37 -50.0 50
38 -50.0 50
39 -50.0 50
40 -50.0 50
41 -50.0 50
42 -27.0 27
43 -12.0 12
44 -13.0 13
45 -12.0 12
46 -9.0 9
47 -10.0 10
48 -11.0 11
49 -14.0 14
50 -12.0 12
51 -16.0 16
52 -13.0 13
53 -9.0 9
54 -9.0 9
0 -50.0 50
1 -50.0 50
2 -50.0 50
3 -50.0 50
4 -50.0 50
5 -50.0 50
6 -50.0 50
7 -50.0 50
8 -50.0 50
9 -50.0 50
10 -50.0 50
11 -50.0 50
12 -50.0 50
13 -50.0 50
14 -50.0 50
15 -50.0 50
16 -50.0 50
17 -50.0 50
18 -22.0 22
19 -50.0 50
20 -50.0 50
21 -50.0 50
22 -50.0 50
23 -50.0 50
24 -50.0 50
25 -25.0 25
26 -50.0 50
27 -46.0 46
28 -50.0 50
29 -50.0 50
30 -50.0 50
31 -50.0 50
32 -50.0 50
33 -50.0 50
34 -50.0 50
35 -50.0 50
36 -50.0 50
37 -50.0 50
38 -50.0 50
39 -50.0 50
40 -50.0 50
41 -50.0 50
42 -50.0 50
43 -50.0 50
44 -50.0 50
45 -22.0 22
46 -50.0 50
47 -50.0 50
48 -50.0 50
49 -15.0 15
50 -10.0 10
51 -9.0 9
52 -16.0 16
53 -9.0 9
54 -11.0 11
