0 -50.0 50
1 -36.0 36
2 -44.0 44
3 -41.0 41
4 -36.0 36
5 -10.0 10
6 -9.0 9
7 -12.0 12
8 -7.0 7
9 -8.0 8
10 -7.0 7
11 -7.0 7
12 -7.0 7
13 -7.0 7
14 -8.0 8
15 -8.0 8
16 -8.0 8
17 -8.0 8
18 -7.0 7
19 -7.0 7
0 -50.0 50
1 -31.0 31
2 -45.0 45
3 -22.0 22
4 -39.0 39
5 -46.0 46
6 -9.0 9
7 -7.0 7
8 -7.0 7
9 -7.0 7
10 -8.0 8
11 -11.0 11
12 -7.0 7
13 -8.0 8
14 -7.0 7
15 -8.0 8
16 -8.0 8
17 -8.0 8
18 -7.0 7
19 -7.0 7
0 -30.0 30
1 -50.0 50
2 -49.0 49
3 -43.0 43
4 -10.0 10
5 -9.0 9
6 -8.0 8
7 -7.0 7
8 -10.0 10
9 -7.0 7
10 -49.0 49
11 -22.0 22
12 -7.0 7
13 -7.0 7
14 -7.0 7
15 -7.0 7
16 -7.0 7
17 -7.0 7
18 -7.0 7
19 -7.0 7
0 -50.0 50
1 -35.0 35
2 -40.0 40
3 -8.0 8
4 -22.0 22
5 -49.0 49
6 -14.0 14
7 -11.0 11
8 -7.0 7
9 -7.0 7
10 -7.0 7
11 -8.0 8
12 -7.0 7
13 -7.0 7
14 -8.0 8
15 -7.0 7
16 -7.0 7
17 -8.0 8
18 -7.0 7
19 -7.0 7
0 -50.0 50
1 -50.0 50
2 -20.0 20
3 -50.0 50
4 -37.0 37
5 -7.0 7
6 -7.0 7
7 -7.0 7
8 -7.0 7
9 -9.0 9
10 -13.0 13
11 -8.0 8
12 -8.0 8
13 -7.0 7
14 -11.0 11
15 -9.0 9
16 -7.0 7
17 -7.0 7
18 -7.0 7
19 -7.0 7
0 -50.0 50
1 -19.0 19
2 -50.0 50
3 -37.0 37
4 -42.0 42
5 -17.0 17
6 -7.0 7
7 -8.0 8
8 -7.0 7
9 -8.0 8
10 -9.0 9
11 -7.0 7
12 -7.0 7
13 -8.0 8
14 -8.0 8
15 -9.0 9
16 -7.0 7
17 -7.0 7
18 -7.0 7
19 -7.0 7
0 -37.0 37
1 -50.0 50
2 -50.0 50
3 -14.0 14
4 -32.0 32
5 -50.0 50
6 -50.0 50
7 -7.0 7
8 -7.0 7
9 -7.0 7
10 -7.0 7
11 -7.0 7
12 -7.0 7
13 -8.0 8
14 -7.0 7
15 -7.0 7
16 -7.0 7
17 -7.0 7
18 -7.0 7
19 -7.0 7
0 -50.0 50
1 -22.0 22
2 -50.0 50
3 -30.0 30
4 -18.0 18
5 -23.0 23
6 -34.0 34
7 -29.0 29
8 -7.0 7
9 -7.0 7
10 -9.0 9
11 -7.0 7
12 -8.0 8
13 -7.0 7
14 -7.0 7
15 -7.0 7
16 -7.0 7
17 -8.0 8
18 -7.0 7
19 -7.0 7
0 -50.0 50
1 -48.0 48
2 -18.0 18
3 -41.0 41
4 -15.0 15
5 -7.0 7
6 -8.0 8
7 -9.0 9
8 -7.0 7
9 -7.0 7
10 -7.0 7
11 -10.0 10
12 -11.0 11
13 -8.0 8
14 -14.0 14
15 -25.0 25
16 -19.0 19
17 -7.0 7
18 -7.0 7
19 -7.0 7
0 -50.0 50
1 -42.0 42
2 -12.0 12
3 -21.0 21
4 -31.0 31
5 -50.0 50
6 -41.0 41
7 -7.0 7
8 -7.0 7
9 -8.0 8
10 -7.0 7
11 -7.0 7
12 -9.0 9
13 -8.0 8
14 -7.0 7
15 -7.0 7
16 -7.0 7
17 -8.0 8
18 -7.0 7
19 -7.0 7
0 -50.0 50
1 -50.0 50
2 -12.0 12
3 -17.0 17
4 -8.0 8
5 -11.0 11
6 -11.0 11
7 -22.0 22
8 -22.0 22
9 -9.0 9
10 -11.0 11
11 -41.0 41
12 -20.0 20
13 -11.0 11
14 -7.0 7
15 -8.0 8
16 -7.0 7
17 -7.0 7
18 -7.0 7
19 -7.0 7
0 -50.0 50
1 -44.0 44
2 -34.0 34
3 -50.0 50
4 -16.0 16
5 -13.0 13
6 -11.0 11
7 -7.0 7
8 -7.0 7
9 -29.0 29
10 -13.0 13
11 -7.0 7
12 -7.0 7
13 -7.0 7
14 -8.0 8
15 -7.0 7
16 -8.0 8
17 -9.0 9
18 -7.0 7
19 -7.0 7
0 -50.0 50
1 -43.0 43
2 -29.0 29
3 -24.0 24
4 -19.0 19
5 -8.0 8
6 -8.0 8
7 -17.0 17
8 -13.0 13
9 -7.0 7
10 -7.0 7
11 -8.0 8
12 -8.0 8
13 -8.0 8
14 -8.0 8
15 -33.0 33
16 -20.0 20
17 -20.0 20
18 -7.0 7
19 -7.0 7
0 -50.0 50
1 -50.0 50
2 -38.0 38
3 -16.0 16
4 -50.0 50
5 -42.0 42
6 -13.0 13
7 -7.0 7
8 -8.0 8
9 -9.0 9
10 -7.0 7
11 -7.0 7
12 -8.0 8
13 -8.0 8
14 -8.0 8
15 -7.0 7
16 -7.0 7
17 -7.0 7
18 -7.0 7
19 -7.0 7
0 -50.0 50
1 -50.0 50
2 -50.0 50
3 -27.0 27
4 -15.0 15
5 -50.0 50
6 -9.0 9
7 -8.0 8
8 -7.0 7
9 -7.0 7
10 -9.0 9
11 -7.0 7
12 -9.0 9
13 -10.0 10
14 -7.0 7
15 -7.0 7
16 -7.0 7
17 -7.0 7
18 -7.0 7
19 -7.0 7
0 -50.0 50
1 -50.0 50
2 -48.0 48
3 -18.0 18
4 -7.0 7
5 -7.0 7
6 -9.0 9
7 -10.0 10
8 -7.0 7
9 -7.0 7
10 -7.0 7
11 -9.0 9
12 -11.0 11
13 -13.0 13
14 -8.0 8
15 -7.0 7
16 -7.0 7
17 -7.0 7
18 -7.0 7
19 -7.0 7
0 -50.0 50
1 -17.0 17
2 -50.0 50
3 -50.0 50
4 -18.0 18
5 -49.0 49
6 -50.0 50
7 -16.0 16
8 -7.0 7
9 -7.0 7
10 -9.0 9
11 -7.0 7
12 -7.0 7
13 -7.0 7
14 -7.0 7
15 -7.0 7
16 -7.0 7
17 -7.0 7
18 -7.0 7
19 -7.0 7
0 -50.0 50
1 -50.0 50
2 -33.0 33
3 -7.0 7
4 -7.0 7
5 -36.0 36
6 -8.0 8
7 -34.0 34
8 -41.0 41
9 -8.0 8
10 -7.0 7
11 -8.0 8
12 -9.0 9
13 -7.0 7
14 -9.0 9
15 -8.0 8
16 -7.0 7
17 -7.0 7
18 -7.0 7
19 -7.0 7
0 -50.0 50
1 -50.0 50
2 -46.0 46
3 -7.0 7
4 -7.0 7
5 -8.0 8
6 -7.0 7
7 -7.0 7
8 -7.0 7
9 -8.0 8
10 -7.0 7
11 -7.0 7
12 -7.0 7
13 -7.0 7
14 -9.0 9
15 -16.0 16
16 -8.0 8
17 -15.0 15
18 -7.0 7
19 -7.0 7
0 -50.0 50
1 -50.0 50
2 -50.0 50
3 -29.0 29
4 -14.0 14
5 -10.0 10
6 -7.0 7
7 -9.0 9
8 -7.0 7
9 -7.0 7
10 -8.0 8
11 -7.0 7
12 -7.0 7
13 -7.0 7
14 -8.0 8
15 -8.0 8
16 -8.0 8
17 -7.0 7
18 -7.0 7
19 -7.0 7
0 -50.0 50
1 -36.0 36
2 -50.0 50
3 -15.0 15
4 -9.0 9
5 -11.0 11
6 -7.0 7
7 -7.0 7
8 -7.0 7
9 -8.0 8
10 -11.0 11
11 -11.0 11
12 -20.0 20
13 -16.0 16
14 -8.0 8
15 -8.0 8
16 -8.0 8
17 -8.0 8
18 -7.0 7
19 -7.0 7
0 -50.0 50
1 -50.0 50
2 -50.0 50
3 -42.0 42
4 -7.0 7
5 -8.0 8
6 -10.0 10
7 -8.0 8
8 -8.0 8
9 -9.0 9
10 -8.0 8
11 -7.0 7
12 -7.0 7
13 -8.0 8
14 -10.0 10
15 -7.0 7
16 -8.0 8
17 -7.0 7
18 -7.0 7
19 -7.0 7
0 -31.0 31
1 -50.0 50
2 -50.0 50
3 -10.0 10
4 -38.0 38
5 -50.0 50
6 -13.0 13
7 -12.0 12
8 -7.0 7
9 -8.0 8
10 -8.0 8
11 -7.0 7
12 -8.0 8
13 -8.0 8
14 -8.0 8
15 -18.0 18
16 -8.0 8
17 -7.0 7
18 -7.0 7
19 -7.0 7
0 -50.0 50
1 -25.0 25
2 -50.0 50
3 -50.0 50
4 -7.0 7
5 -8.0 8
6 -8.0 8
7 -15.0 15
8 -7.0 7
9 -8.0 8
10 -7.0 7
11 -7.0 7
12 -7.0 7
13 -9.0 9
14 -8.0 8
15 -8.0 8
16 -7.0 7
17 -7.0 7
18 -7.0 7
19 -7.0 7
0 -50.0 50
1 -30.0 30
2 -44.0 44
3 -24.0 24
4 -9.0 9
5 -7.0 7
6 -7.0 7
7 -7.0 7
8 -7.0 7
9 -7.0 7
10 -50.0 50
11 -50.0 50
12 -44.0 44
13 -7.0 7
14 -9.0 9
15 -8.0 8
16 -11.0 11
17 -7.0 7
18 -7.0 7
19 -7.0 7
0 -35.0 35
1 -50.0 50
2 -26.0 26
3 -32.0 32
4 -15.0 15
5 -50.0 50
6 -10.0 10
7 -8.0 8
8 -7.0 7
9 -12.0 12
10 -7.0 7
11 -7.0 7
12 -8.0 8
13 -7.0 7
14 -9.0 9
15 -7.0 7
16 -7.0 7
17 -7.0 7
18 -7.0 7
19 -7.0 7
0 -50.0 50
1 -50.0 50
2 -50.0 50
3 -11.0 11
4 -9.0 9
5 -10.0 10
6 -8.0 8
7 -7.0 7
8 -7.0 7
9 -8.0 8
10 -7.0 7
11 -7.0 7
12 -7.0 7
13 -7.0 7
14 -7.0 7
15 -8.0 8
16 -7.0 7
17 -8.0 8
18 -7.0 7
19 -7.0 7
0 -50.0 50
1 -11.0 11
2 -50.0 50
3 -42.0 42
4 -22.0 22
5 -16.0 16
6 -7.0 7
7 -8.0 8
8 -16.0 16
9 -30.0 30
10 -20.0 20
11 -9.0 9
12 -8.0 8
13 -7.0 7
14 -7.0 7
15 -7.0 7
16 -7.0 7
17 -7.0 7
18 -7.0 7
19 -7.0 7
0 -47.0 47
1 -50.0 50
2 -24.0 24
3 -50.0 50
4 -41.0 41
5 -19.0 19
6 -10.0 10
7 -10.0 10
8 -7.0 7
9 -7.0 7
10 -7.0 7
11 -7.0 7
12 -7.0 7
13 -7.0 7
14 -9.0 9
15 -8.0 8
16 -8.0 8
17 -7.0 7
18 -7.0 7
19 -7.0 7
0 -50.0 50
1 -34.0 34
2 -50.0 50
3 -50.0 50
4 -30.0 30
5 -33.0 33
6 -12.0 12
7 -7.0 7
8 -8.0 8
9 -7.0 7
10 -9.0 9
11 -8.0 8
12 -7.0 7
13 -8.0 8
14 -7.0 7
15 -7.0 7
16 -7.0 7
17 -7.0 7
18 -7.0 7
19 -7.0 7
0 -50.0 50
1 -23.0 23
2 -22.0 22
3 -50.0 50
4 -50.0 50
5 -20.0 20
6 -46.0 46
7 -12.0 12
8 -7.0 7
9 -11.0 11
10 -7.0 7
11 -8.0 8
12 -14.0 14
13 -7.0 7
14 -7.0 7
15 -7.0 7
16 -8.0 8
17 -7.0 7
18 -7.0 7
19 -7.0 7
0 -50.0 50
1 -50.0 50
2 -15.0 15
3 -50.0 50
4 -13.0 13
5 -7.0 7
6 -8.0 8
7 -7.0 7
8 -9.0 9
9 -9.0 9
10 -7.0 7
11 -9.0 9
12 -8.0 8
13 -7.0 7
14 -7.0 7
15 -8.0 8
16 -7.0 7
17 -7.0 7
18 -7.0 7
19 -7.0 7
0 -48.0 48
1 -50.0 50
2 -34.0 34
3 -33.0 33
4 -20.0 20
5 -7.0 7
6 -8.0 8
7 -7.0 7
8 -7.0 7
9 -7.0 7
10 -9.0 9
11 -8.0 8
12 -7.0 7
13 -11.0 11
14 -7.0 7
15 -7.0 7
16 -7.0 7
17 -7.0 7
18 -7.0 7
19 -7.0 7
0 -45.0 45
1 -46.0 46
2 -50.0 50
3 -50.0 50
4 -39.0 39
5 -14.0 14
6 -10.0 10
7 -7.0 7
8 -10.0 10
9 -7.0 7
10 -7.0 7
11 -7.0 7
12 -8.0 8
13 -7.0 7
14 -7.0 7
15 -7.0 7
16 -7.0 7
17 -7.0 7
18 -7.0 7
19 -7.0 7
0 -50.0 50
1 -50.0 50
2 -50.0 50
3 -50.0 50
4 -16.0 16
5 -9.0 9
6 -7.0 7
7 -7.0 7
8 -7.0 7
9 -8.0 8
10 -7.0 7
11 -7.0 7
12 -10.0 10
13 -7.0 7
14 -7.0 7
15 -8.0 8
16 -8.0 8
17 -7.0 7
18 -7.0 7
19 -7.0 7
0 -50.0 50
1 -50.0 50
2 -41.0 41
3 -15.0 15
4 -13.0 13
5 -7.0 7
6 -9.0 9
7 -8.0 8
8 -9.0 9
9 -11.0 11
10 -7.0 7
11 -8.0 8
12 -7.0 7
13 -7.0 7
14 -7.0 7
15 -7.0 7
16 -7.0 7
17 -9.0 9
18 -7.0 7
19 -7.0 7
0 -50.0 50
1 -50.0 50
2 -29.0 29
3 -31.0 31
4 -8.0 8
5 -7.0 7
6 -7.0 7
7 -7.0 7
8 -7.0 7
9 -7.0 7
10 -8.0 8
11 -7.0 7
12 -7.0 7
13 -7.0 7
14 -12.0 12
15 -8.0 8
16 -9.0 9
17 -8.0 8
18 -9.0 9
19 -7.0 7
0 -50.0 50
1 -50.0 50
2 -44.0 44
3 -10.0 10
4 -9.0 9
5 -7.0 7
6 -7.0 7
7 -7.0 7
8 -9.0 9
9 -9.0 9
10 -7.0 7
11 -7.0 7
12 -11.0 11
13 -11.0 11
14 -14.0 14
15 -12.0 12
16 -10.0 10
17 -10.0 10
18 -7.0 7
19 -7.0 7
0 -50.0 50
1 -50.0 50
2 -50.0 50
3 -17.0 17
4 -18.0 18
5 -7.0 7
6 -8.0 8
7 -7.0 7
8 -7.0 7
9 -7.0 7
10 -7.0 7
11 -8.0 8
12 -7.0 7
13 -7.0 7
14 -8.0 8
15 -7.0 7
16 -7.0 7
17 -7.0 7
18 -7.0 7
19 -7.0 7
0 -50.0 50
1 -46.0 46
2 -41.0 41
3 -14.0 14
4 -7.0 7
5 -7.0 7
6 -8.0 8
7 -7.0 7
8 -47.0 47
9 -14.0 14
10 -9.0 9
11 -7.0 7
12 -7.0 7
13 -9.0 9
14 -8.0 8
15 -8.0 8
16 -9.0 9
17 -7.0 7
18 -7.0 7
19 -7.0 7
