0 -50.0 50
1 -44.0 44
2 -45.0 45
3 -50.0 50
4 -50.0 50
5 -24.0 24
6 -50.0 50
7 -50.0 50
8 -27.0 27
9 -18.0 18
10 -13.0 13
11 -8.0 8
12 -11.0 11
13 -12.0 12
14 -7.0 7
15 -8.0 8
16 -11.0 11
17 -7.0 7
18 -11.0 11
19 -9.0 9
0 -31.0 31
1 -50.0 50
2 -50.0 50
3 -50.0 50
4 -35.0 35
5 -50.0 50
6 -22.0 22
7 -50.0 50
8 -29.0 29
9 -10.0 10
10 -10.0 10
11 -17.0 17
12 -9.0 9
13 -7.0 7
14 -7.0 7
15 -7.0 7
16 -9.0 9
17 -10.0 10
18 -9.0 9
19 -14.0 14
0 -50.0 50
1 -50.0 50
2 -39.0 39
3 -50.0 50
4 -23.0 23
5 -50.0 50
6 -50.0 50
7 -17.0 17
8 -8.0 8
9 -13.0 13
10 -18.0 18
11 -11.0 11
12 -10.0 10
13 -7.0 7
14 -7.0 7
15 -10.0 10
16 -9.0 9
17 -7.0 7
18 -13.0 13
19 -9.0 9
0 -49.0 49
1 -50.0 50
2 -50.0 50
3 -42.0 42
4 -33.0 33
5 -26.0 26
6 -33.0 33
7 -46.0 46
8 -14.0 14
9 -11.0 11
10 -9.0 9
11 -9.0 9
12 -10.0 10
13 -32.0 32
14 -38.0 38
15 -18.0 18
16 -10.0 10
17 -12.0 12
18 -11.0 11
19 -11.0 11
0 -50.0 50
1 -50.0 50
2 -50.0 50
3 -43.0 43
4 -39.0 39
5 -50.0 50
6 -16.0 16
7 -12.0 12
8 -8.0 8
9 -9.0 9
10 -9.0 9
11 -11.0 11
12 -13.0 13
13 -19.0 19
14 -14.0 14
15 -10.0 10
16 -7.0 7
17 -8.0 8
18 -11.0 11
19 -22.0 22
0 -50.0 50
1 -41.0 41
2 -50.0 50
3 -50.0 50
4 -36.0 36
5 -50.0 50
6 -45.0 45
7 -12.0 12
8 -13.0 13
9 -7.0 7
10 -7.0 7
11 -9.0 9
12 -9.0 9
13 -11.0 11
14 -13.0 13
15 -18.0 18
16 -18.0 18
17 -19.0 19
18 -10.0 10
19 -10.0 10
0 -50.0 50
1 -50.0 50
2 -34.0 34
3 -50.0 50
4 -50.0 50
5 -12.0 12
6 -22.0 22
7 -32.0 32
8 -24.0 24
9 -50.0 50
10 -38.0 38
11 -22.0 22
12 -17.0 17
13 -12.0 12
14 -9.0 9
15 -9.0 9
16 -7.0 7
17 -7.0 7
18 -7.0 7
19 -7.0 7
0 -50.0 50
1 -50.0 50
2 -26.0 26
3 -50.0 50
4 -50.0 50
5 -19.0 19
6 -32.0 32
7 -21.0 21
8 -13.0 13
9 -16.0 16
10 -13.0 13
11 -11.0 11
12 -8.0 8
13 -12.0 12
14 -7.0 7
15 -10.0 10
16 -7.0 7
17 -7.0 7
18 -7.0 7
19 -10.0 10
0 -33.0 33
1 -50.0 50
2 -50.0 50
3 -50.0 50
4 -35.0 35
5 -50.0 50
6 -44.0 44
7 -39.0 39
8 -9.0 9
9 -16.0 16
10 -11.0 11
11 -11.0 11
12 -12.0 12
13 -7.0 7
14 -9.0 9
15 -8.0 8
16 -10.0 10
17 -7.0 7
18 -7.0 7
19 -7.0 7
0 -50.0 50
1 -50.0 50
2 -27.0 27
3 -50.0 50
4 -27.0 27
5 -50.0 50
6 -26.0 26
7 -50.0 50
8 -22.0 22
9 -9.0 9
10 -8.0 8
11 -9.0 9
12 -9.0 9
13 -7.0 7
14 -9.0 9
15 -9.0 9
16 -44.0 44
17 -7.0 7
18 -7.0 7
19 -7.0 7
0 -50.0 50
1 -50.0 50
2 -50.0 50
3 -50.0 50
4 -50.0 50
5 -15.0 15
6 -8.0 8
7 -13.0 13
8 -20.0 20
9 -24.0 24
10 -21.0 21
11 -11.0 11
12 -50.0 50
13 -18.0 18
14 -7.0 7
15 -7.0 7
16 -8.0 8
17 -12.0 12
18 -7.0 7
19 -7.0 7
0 -50.0 50
1 -50.0 50
2 -27.0 27
3 -50.0 50
4 -43.0 43
5 -48.0 48
6 -50.0 50
7 -50.0 50
8 -17.0 17
9 -15.0 15
10 -8.0 8
11 -7.0 7
12 -8.0 8
13 -12.0 12
14 -15.0 15
15 -7.0 7
16 -7.0 7
17 -8.0 8
18 -7.0 7
19 -7.0 7
0 -50.0 50
1 -36.0 36
2 -50.0 50
3 -50.0 50
4 -50.0 50
5 -50.0 50
6 -50.0 50
7 -23.0 23
8 -8.0 8
9 -12.0 12
10 -12.0 12
11 -14.0 14
12 -8.0 8
13 -10.0 10
14 -8.0 8
15 -10.0 10
16 -9.0 9
17 -7.0 7
18 -7.0 7
19 -7.0 7
0 -50.0 50
1 -50.0 50
2 -50.0 50
3 -21.0 21
4 -39.0 39
5 -14.0 14
6 -23.0 23
7 -50.0 50
8 -15.0 15
9 -8.0 8
10 -20.0 20
11 -13.0 13
12 -50.0 50
13 -32.0 32
14 -16.0 16
15 -7.0 7
16 -8.0 8
17 -7.0 7
18 -8.0 8
19 -7.0 7
0 -50.0 50
1 -50.0 50
2 -44.0 44
3 -50.0 50
4 -28.0 28
5 -15.0 15
6 -13.0 13
7 -27.0 27
8 -32.0 32
9 -50.0 50
10 -50.0 50
11 -8.0 8
12 -9.0 9
13 -7.0 7
14 -7.0 7
15 -7.0 7
16 -40.0 40
17 -7.0 7
18 -9.0 9
19 -7.0 7
0 -31.0 31
1 -50.0 50
2 -50.0 50
3 -41.0 41
4 -50.0 50
5 -22.0 22
6 -38.0 38
7 -19.0 19
8 -33.0 33
9 -29.0 29
10 -7.0 7
11 -9.0 9
12 -15.0 15
13 -12.0 12
14 -9.0 9
15 -8.0 8
16 -7.0 7
17 -7.0 7
18 -7.0 7
19 -7.0 7
0 -50.0 50
1 -50.0 50
2 -50.0 50
3 -30.0 30
4 -34.0 34
5 -34.0 34
6 -50.0 50
7 -14.0 14
8 -34.0 34
9 -23.0 23
10 -7.0 7
11 -7.0 7
12 -10.0 10
13 -10.0 10
14 -8.0 8
15 -9.0 9
16 -7.0 7
17 -13.0 13
18 -26.0 26
19 -17.0 17
0 -50.0 50
1 -50.0 50
2 -50.0 50
3 -12.0 12
4 -36.0 36
5 -50.0 50
6 -18.0 18
7 -50.0 50
8 -35.0 35
9 -35.0 35
10 -9.0 9
11 -18.0 18
12 -8.0 8
13 -8.0 8
14 -8.0 8
15 -9.0 9
16 -9.0 9
17 -12.0 12
18 -7.0 7
19 -7.0 7
0 -50.0 50
1 -29.0 29
2 -38.0 38
3 -50.0 50
4 -47.0 47
5 -50.0 50
6 -50.0 50
7 -21.0 21
8 -7.0 7
9 -7.0 7
10 -10.0 10
11 -7.0 7
12 -8.0 8
13 -11.0 11
14 -19.0 19
15 -7.0 7
16 -7.0 7
17 -7.0 7
18 -7.0 7
19 -9.0 9
0 -9.0 9
1 -50.0 50
2 -50.0 50
3 -50.0 50
4 -34.0 34
5 -25.0 25
6 -50.0 50
7 -46.0 46
8 -22.0 22
9 -19.0 19
10 -14.0 14
11 -7.0 7
12 -8.0 8
13 -13.0 13
14 -11.0 11
15 -12.0 12
16 -7.0 7
17 -8.0 8
18 -7.0 7
19 -7.0 7
