0 -50.0 50
1 -50.0 50
2 -45.0 45
3 -50.0 50
4 -50.0 50
5 -24.0 24
6 -26.0 26
7 -50.0 50
8 -25.0 25
9 -11.0 11
10 -12.0 12
11 -10.0 10
12 -8.0 8
13 -14.0 14
14 -10.0 10
15 -9.0 9
16 -9.0 9
17 -9.0 9
18 -9.0 9
19 -10.0 10
20 -7.0 7
21 -7.0 7
0 -50.0 50
1 -14.0 14
2 -50.0 50
3 -33.0 33
4 -50.0 50
5 -50.0 50
6 -50.0 50
7 -17.0 17
8 -14.0 14
9 -24.0 24
10 -30.0 30
11 -24.0 24
12 -12.0 12
13 -12.0 12
14 -9.0 9
15 -7.0 7
16 -7.0 7
17 -8.0 8
18 -8.0 8
19 -10.0 10
20 -10.0 10
21 -7.0 7
0 -50.0 50
1 -50.0 50
2 -45.0 45
3 -44.0 44
4 -38.0 38
5 -50.0 50
6 -35.0 35
7 -45.0 45
8 -11.0 11
9 -7.0 7
10 -7.0 7
11 -16.0 16
12 -8.0 8
13 -9.0 9
14 -17.0 17
15 -7.0 7
16 -8.0 8
17 -13.0 13
18 -7.0 7
19 -10.0 10
20 -7.0 7
21 -7.0 7
0 -50.0 50
1 -30.0 30
2 -50.0 50
3 -33.0 33
4 -50.0 50
5 -42.0 42
6 -17.0 17
7 -9.0 9
8 -12.0 12
9 -50.0 50
10 -50.0 50
11 -14.0 14
12 -50.0 50
13 -35.0 35
14 -17.0 17
15 -15.0 15
16 -16.0 16
17 -43.0 43
18 -7.0 7
19 -7.0 7
20 -7.0 7
21 -7.0 7
0 -50.0 50
1 -50.0 50
2 -50.0 50
3 -50.0 50
4 -19.0 19
5 -50.0 50
6 -50.0 50
7 -22.0 22
8 -27.0 27
9 -9.0 9
10 -10.0 10
11 -9.0 9
12 -7.0 7
13 -7.0 7
14 -7.0 7
15 -10.0 10
16 -25.0 25
17 -9.0 9
18 -9.0 9
19 -8.0 8
20 -7.0 7
21 -7.0 7
0 -50.0 50
1 -50.0 50
2 -49.0 49
3 -18.0 18
4 -50.0 50
5 -50.0 50
6 -18.0 18
7 -11.0 11
8 -8.0 8
9 -7.0 7
10 -12.0 12
11 -50.0 50
12 -18.0 18
13 -23.0 23
14 -20.0 20
15 -12.0 12
16 -11.0 11
17 -7.0 7
18 -7.0 7
19 -7.0 7
20 -7.0 7
21 -7.0 7
0 -25.0 25
1 -50.0 50
2 -50.0 50
3 -37.0 37
4 -50.0 50
5 -50.0 50
6 -19.0 19
7 -11.0 11
8 -21.0 21
9 -20.0 20
10 -10.0 10
11 -8.0 8
12 -7.0 7
13 -15.0 15
14 -21.0 21
15 -7.0 7
16 -7.0 7
17 -7.0 7
18 -7.0 7
19 -9.0 9
20 -35.0 35
21 -12.0 12
0 -50.0 50
1 -50.0 50
2 -22.0 22
3 -31.0 31
4 -50.0 50
5 -36.0 36
6 -50.0 50
7 -31.0 31
8 -45.0 45
9 -16.0 16
10 -9.0 9
11 -13.0 13
12 -33.0 33
13 -23.0 23
14 -19.0 19
15 -10.0 10
16 -9.0 9
17 -11.0 11
18 -7.0 7
19 -7.0 7
20 -7.0 7
21 -7.0 7
0 -50.0 50
1 -50.0 50
2 -17.0 17
3 -50.0 50
4 -50.0 50
5 -25.0 25
6 -49.0 49
7 -10.0 10
8 -12.0 12
9 -13.0 13
10 -12.0 12
11 -17.0 17
12 -9.0 9
13 -9.0 9
14 -14.0 14
15 -12.0 12
16 -10.0 10
17 -12.0 12
18 -8.0 8
19 -9.0 9
20 -7.0 7
21 -9.0 9
0 -24.0 24
1 -50.0 50
2 -50.0 50
3 -50.0 50
4 -36.0 36
5 -42.0 42
6 -50.0 50
7 -42.0 42
8 -11.0 11
9 -12.0 12
10 -13.0 13
11 -9.0 9
12 -50.0 50
13 -27.0 27
14 -25.0 25
15 -18.0 18
16 -7.0 7
17 -8.0 8
18 -7.0 7
19 -8.0 8
20 -7.0 7
21 -7.0 7
0 -50.0 50
1 -32.0 32
2 -50.0 50
3 -50.0 50
4 -33.0 33
5 -50.0 50
6 -38.0 38
7 -42.0 42
8 -14.0 14
9 -17.0 17
10 -7.0 7
11 -8.0 8
12 -7.0 7
13 -7.0 7
14 -8.0 8
15 -9.0 9
16 -8.0 8
17 -9.0 9
18 -7.0 7
19 -7.0 7
20 -12.0 12
21 -11.0 11
0 -50.0 50
1 -50.0 50
2 -50.0 50
3 -45.0 45
4 -35.0 35
5 -27.0 27
6 -17.0 17
7 -50.0 50
8 -50.0 50
9 -10.0 10
10 -32.0 32
11 -8.0 8
12 -8.0 8
13 -10.0 10
14 -15.0 15
15 -8.0 8
16 -11.0 11
17 -7.0 7
18 -7.0 7
19 -8.0 8
20 -7.0 7
21 -7.0 7
0 -50.0 50
1 -50.0 50
2 -50.0 50
3 -43.0 43
4 -34.0 34
5 -50.0 50
6 -17.0 17
7 -10.0 10
8 -15.0 15
9 -10.0 10
10 -7.0 7
11 -8.0 8
12 -7.0 7
13 -28.0 28
14 -15.0 15
15 -12.0 12
16 -9.0 9
17 -9.0 9
18 -7.0 7
19 -7.0 7
20 -7.0 7
21 -7.0 7
0 -40.0 40
1 -50.0 50
2 -50.0 50
3 -50.0 50
4 -50.0 50
5 -47.0 47
6 -20.0 20
7 -17.0 17
8 -7.0 7
9 -9.0 9
10 -14.0 14
11 -10.0 10
12 -7.0 7
13 -9.0 9
14 -8.0 8
15 -7.0 7
16 -18.0 18
17 -31.0 31
18 -13.0 13
19 -15.0 15
20 -9.0 9
21 -7.0 7
0 -50.0 50
1 -50.0 50
2 -20.0 20
3 -50.0 50
4 -50.0 50
5 -11.0 11
6 -34.0 34
7 -18.0 18
8 -50.0 50
9 -35.0 35
10 -9.0 9
11 -8.0 8
12 -9.0 9
13 -9.0 9
14 -7.0 7
15 -7.0 7
16 -9.0 9
17 -7.0 7
18 -9.0 9
19 -7.0 7
20 -8.0 8
21 -7.0 7
0 -42.0 42
1 -50.0 50
2 -50.0 50
3 -45.0 45
4 -40.0 40
5 -50.0 50
6 -9.0 9
7 -12.0 12
8 -20.0 20
9 -22.0 22
10 -11.0 11
11 -15.0 15
12 -9.0 9
13 -10.0 10
14 -8.0 8
15 -50.0 50
16 -10.0 10
17 -11.0 11
18 -15.0 15
19 -11.0 11
20 -9.0 9
21 -9.0 9
0 -48.0 48
1 -50.0 50
2 -50.0 50
3 -50.0 50
4 -32.0 32
5 -50.0 50
6 -25.0 25
7 -13.0 13
8 -16.0 16
9 -50.0 50
10 -12.0 12
11 -15.0 15
12 -14.0 14
13 -13.0 13
14 -15.0 15
15 -13.0 13
16 -12.0 12
17 -11.0 11
18 -9.0 9
19 -7.0 7
20 -7.0 7
21 -7.0 7
0 -50.0 50
1 -38.0 38
2 -50.0 50
3 -50.0 50
4 -50.0 50
5 -50.0 50
6 -15.0 15
7 -13.0 13
8 -16.0 16
9 -8.0 8
10 -12.0 12
11 -7.0 7
12 -9.0 9
13 -9.0 9
14 -12.0 12
15 -13.0 13
16 -11.0 11
17 -18.0 18
18 -17.0 17
19 -9.0 9
20 -7.0 7
21 -7.0 7
0 -50.0 50
1 -50.0 50
2 -16.0 16
3 -36.0 36
4 -46.0 46
5 -50.0 50
6 -43.0 43
7 -50.0 50
8 -45.0 45
9 -15.0 15
10 -9.0 9
11 -8.0 8
12 -7.0 7
13 -8.0 8
14 -8.0 8
15 -7.0 7
16 -9.0 9
17 -7.0 7
18 -7.0 7
19 -7.0 7
20 -7.0 7
21 -7.0 7
0 -50.0 50
1 -50.0 50
2 -50.0 50
3 -50.0 50
4 -43.0 43
5 -30.0 30
6 -50.0 50
7 -34.0 34
8 -10.0 10
9 -13.0 13
10 -13.0 13
11 -10.0 10
12 -12.0 12
13 -9.0 9
14 -12.0 12
15 -15.0 15
16 -9.0 9
17 -9.0 9
18 -9.0 9
19 -7.0 7
20 -7.0 7
21 -7.0 7
0 -50.0 50
1 -45.0 45
2 -50.0 50
3 -40.0 40
4 -50.0 50
5 -47.0 47
6 -30.0 30
7 -16.0 16
8 -50.0 50
9 -18.0 18
10 -20.0 20
11 -14.0 14
12 -7.0 7
13 -9.0 9
14 -9.0 9
15 -7.0 7
16 -8.0 8
17 -8.0 8
18 -7.0 7
19 -7.0 7
20 -7.0 7
21 -7.0 7
0 -50.0 50
1 -50.0 50
2 -50.0 50
3 -50.0 50
4 -16.0 16
5 -21.0 21
6 -13.0 13
7 -48.0 48
8 -22.0 22
9 -22.0 22
10 -42.0 42
11 -24.0 24
12 -24.0 24
13 -14.0 14
14 -11.0 11
15 -9.0 9
16 -9.0 9
17 -12.0 12
18 -8.0 8
19 -9.0 9
20 -9.0 9
21 -31.0 31
0 -40.0 40
1 -50.0 50
2 -50.0 50
3 -32.0 32
4 -50.0 50
5 -37.0 37
6 -50.0 50
7 -50.0 50
8 -29.0 29
9 -14.0 14
10 -8.0 8
11 -7.0 7
12 -7.0 7
13 -10.0 10
14 -10.0 10
15 -11.0 11
16 -9.0 9
17 -7.0 7
18 -7.0 7
19 -9.0 9
20 -25.0 25
21 -10.0 10
0 -50.0 50
1 -50.0 50
2 -50.0 50
3 -27.0 27
4 -50.0 50
5 -33.0 33
6 -23.0 23
7 -23.0 23
8 -42.0 42
9 -8.0 8
10 -7.0 7
11 -9.0 9
12 -18.0 18
13 -10.0 10
14 -10.0 10
15 -9.0 9
16 -10.0 10
17 -13.0 13
18 -15.0 15
19 -9.0 9
20 -7.0 7
21 -7.0 7
0 -50.0 50
1 -50.0 50
2 -28.0 28
3 -27.0 27
4 -50.0 50
5 -50.0 50
6 -50.0 50
7 -32.0 32
8 -34.0 34
9 -35.0 35
10 -25.0 25
11 -14.0 14
12 -7.0 7
13 -10.0 10
14 -10.0 10
15 -14.0 14
16 -18.0 18
17 -8.0 8
18 -7.0 7
19 -7.0 7
20 -7.0 7
21 -7.0 7
0 -50.0 50
1 -31.0 31
2 -50.0 50
3 -50.0 50
4 -50.0 50
5 -19.0 19
6 -27.0 27
7 -50.0 50
8 -48.0 48
9 -47.0 47
10 -30.0 30
11 -12.0 12
12 -16.0 16
13 -10.0 10
14 -11.0 11
15 -13.0 13
16 -11.0 11
17 -11.0 11
18 -11.0 11
19 -7.0 7
20 -7.0 7
21 -7.0 7
0 -50.0 50
1 -50.0 50
2 -38.0 38
3 -50.0 50
4 -50.0 50
5 -41.0 41
6 -50.0 50
7 -24.0 24
8 -12.0 12
9 -11.0 11
10 -7.0 7
11 -9.0 9
12 -14.0 14
13 -11.0 11
14 -7.0 7
15 -8.0 8
16 -19.0 19
17 -16.0 16
18 -7.0 7
19 -7.0 7
20 -7.0 7
21 -7.0 7
0 -50.0 50
1 -39.0 39
2 -50.0 50
3 -50.0 50
4 -50.0 50
5 -34.0 34
6 -15.0 15
7 -20.0 20
8 -20.0 20
9 -17.0 17
10 -13.0 13
11 -13.0 13
12 -13.0 13
13 -11.0 11
14 -11.0 11
15 -11.0 11
16 -11.0 11
17 -17.0 17
18 -50.0 50
19 -26.0 26
20 -31.0 31
21 -26.0 26
0 -50.0 50
1 -50.0 50
2 -39.0 39
3 -50.0 50
4 -47.0 47
5 -19.0 19
6 -28.0 28
7 -34.0 34
8 -32.0 32
9 -7.0 7
10 -7.0 7
11 -10.0 10
12 -10.0 10
13 -7.0 7
14 -9.0 9
15 -17.0 17
16 -9.0 9
17 -9.0 9
18 -7.0 7
19 -7.0 7
20 -7.0 7
21 -10.0 10
0 -50.0 50
1 -50.0 50
2 -32.0 32
3 -33.0 33
4 -33.0 33
5 -35.0 35
6 -50.0 50
7 -22.0 22
8 -36.0 36
9 -48.0 48
10 -19.0 19
11 -10.0 10
12 -14.0 14
13 -11.0 11
14 -24.0 24
15 -7.0 7
16 -10.0 10
17 -8.0 8
18 -7.0 7
19 -7.0 7
20 -7.0 7
21 -7.0 7
0 -50.0 50
1 -50.0 50
2 -50.0 50
3 -12.0 12
4 -50.0 50
5 -29.0 29
6 -50.0 50
7 -36.0 36
8 -12.0 12
9 -7.0 7
10 -11.0 11
11 -7.0 7
12 -10.0 10
13 -15.0 15
14 -21.0 21
15 -8.0 8
16 -9.0 9
17 -7.0 7
18 -7.0 7
19 -10.0 10
20 -9.0 9
21 -7.0 7
0 -50.0 50
1 -50.0 50
2 -50.0 50
3 -39.0 39
4 -50.0 50
5 -26.0 26
6 -14.0 14
7 -50.0 50
8 -36.0 36
9 -21.0 21
10 -7.0 7
11 -14.0 14
12 -11.0 11
13 -7.0 7
14 -8.0 8
15 -7.0 7
16 -7.0 7
17 -11.0 11
18 -20.0 20
19 -10.0 10
20 -7.0 7
21 -7.0 7
0 -50.0 50
1 -36.0 36
2 -50.0 50
3 -50.0 50
4 -33.0 33
5 -50.0 50
6 -30.0 30
7 -44.0 44
8 -35.0 35
9 -13.0 13
10 -9.0 9
11 -15.0 15
12 -17.0 17
13 -7.0 7
14 -12.0 12
15 -9.0 9
16 -12.0 12
17 -9.0 9
18 -7.0 7
19 -12.0 12
20 -9.0 9
21 -7.0 7
0 -50.0 50
1 -50.0 50
2 -50.0 50
3 -34.0 34
4 -46.0 46
5 -42.0 42
6 -32.0 32
7 -44.0 44
8 -47.0 47
9 -14.0 14
10 -20.0 20
11 -20.0 20
12 -15.0 15
13 -16.0 16
14 -7.0 7
15 -8.0 8
16 -10.0 10
17 -8.0 8
18 -7.0 7
19 -7.0 7
20 -7.0 7
21 -7.0 7
0 -43.0 43
1 -50.0 50
2 -50.0 50
3 -22.0 22
4 -50.0 50
5 -15.0 15
6 -16.0 16
7 -25.0 25
8 -50.0 50
9 -50.0 50
10 -26.0 26
11 -16.0 16
12 -7.0 7
13 -15.0 15
14 -18.0 18
15 -7.0 7
16 -8.0 8
17 -9.0 9
18 -8.0 8
19 -8.0 8
20 -7.0 7
21 -7.0 7
0 -50.0 50
1 -50.0 50
2 -50.0 50
3 -50.0 50
4 -20.0 20
5 -32.0 32
6 -41.0 41
7 -30.0 30
8 -38.0 38
9 -18.0 18
10 -17.0 17
11 -7.0 7
12 -11.0 11
13 -9.0 9
14 -30.0 30
15 -10.0 10
16 -10.0 10
17 -11.0 11
18 -7.0 7
19 -7.0 7
20 -7.0 7
21 -7.0 7
0 -50.0 50
1 -50.0 50
2 -50.0 50
3 -43.0 43
4 -50.0 50
5 -21.0 21
6 -15.0 15
7 -14.0 14
8 -10.0 10
9 -27.0 27
10 -18.0 18
11 -20.0 20
12 -10.0 10
13 -26.0 26
14 -32.0 32
15 -11.0 11
16 -8.0 8
17 -10.0 10
18 -8.0 8
19 -7.0 7
20 -7.0 7
21 -8.0 8
0 -50.0 50
1 -50.0 50
2 -24.0 24
3 -50.0 50
4 -50.0 50
5 -30.0 30
6 -32.0 32
7 -14.0 14
8 -7.0 7
9 -8.0 8
10 -9.0 9
11 -15.0 15
12 -40.0 40
13 -27.0 27
14 -50.0 50
15 -12.0 12
16 -11.0 11
17 -12.0 12
18 -11.0 11
19 -11.0 11
20 -7.0 7
21 -7.0 7
0 -50.0 50
1 -46.0 46
2 -50.0 50
3 -33.0 33
4 -50.0 50
5 -44.0 44
6 -27.0 27
7 -50.0 50
8 -50.0 50
9 -26.0 26
10 -10.0 10
11 -7.0 7
12 -11.0 11
13 -12.0 12
14 -7.0 7
15 -8.0 8
16 -8.0 8
17 -9.0 9
18 -8.0 8
19 -7.0 7
20 -7.0 7
21 -7.0 7
0 -50.0 50
1 -50.0 50
2 -50.0 50
3 -37.0 37
4 -50.0 50
5 -21.0 21
6 -50.0 50
7 -31.0 31
8 -14.0 14
9 -15.0 15
10 -17.0 17
11 -11.0 11
12 -9.0 9
13 -14.0 14
14 -19.0 19
15 -14.0 14
16 -11.0 11
17 -9.0 9
18 -10.0 10
19 -9.0 9
20 -7.0 7
21 -7.0 7
0 -50.0 50
1 -50.0 50
2 -50.0 50
3 -18.0 18
4 -50.0 50
5 -45.0 45
6 -17.0 17
7 -14.0 14
8 -9.0 9
9 -12.0 12
10 -10.0 10
11 -20.0 20
12 -50.0 50
13 -23.0 23
14 -33.0 33
15 -15.0 15
16 -26.0 26
17 -21.0 21
18 -9.0 9
19 -10.0 10
20 -11.0 11
21 -11.0 11
0 -50.0 50
1 -50.0 50
2 -50.0 50
3 -50.0 50
4 -27.0 27
5 -29.0 29
6 -27.0 27
7 -9.0 9
8 -50.0 50
9 -11.0 11
10 -11.0 11
11 -16.0 16
12 -11.0 11
13 -14.0 14
14 -15.0 15
15 -12.0 12
16 -11.0 11
17 -14.0 14
18 -7.0 7
19 -8.0 8
20 -7.0 7
21 -7.0 7
0 -50.0 50
1 -43.0 43
2 -50.0 50
3 -39.0 39
4 -50.0 50
5 -50.0 50
6 -50.0 50
7 -20.0 20
8 -13.0 13
9 -7.0 7
10 -9.0 9
11 -12.0 12
12 -10.0 10
13 -9.0 9
14 -10.0 10
15 -9.0 9
16 -10.0 10
17 -7.0 7
18 -8.0 8
19 -7.0 7
20 -7.0 7
21 -8.0 8
0 -50.0 50
1 -50.0 50
2 -27.0 27
3 -36.0 36
4 -50.0 50
5 -50.0 50
6 -50.0 50
7 -15.0 15
8 -21.0 21
9 -49.0 49
10 -12.0 12
11 -10.0 10
12 -7.0 7
13 -7.0 7
14 -12.0 12
15 -9.0 9
16 -7.0 7
17 -7.0 7
18 -7.0 7
19 -7.0 7
20 -7.0 7
21 -7.0 7
0 -50.0 50
1 -50.0 50
2 -50.0 50
3 -30.0 30
4 -50.0 50
5 -32.0 32
6 -35.0 35
7 -20.0 20
8 -37.0 37
9 -16.0 16
10 -10.0 10
11 -27.0 27
12 -23.0 23
13 -16.0 16
14 -20.0 20
15 -7.0 7
16 -8.0 8
17 -7.0 7
18 -8.0 8
19 -7.0 7
20 -7.0 7
21 -7.0 7
0 -50.0 50
1 -50.0 50
2 -50.0 50
3 -46.0 46
4 -47.0 47
5 -13.0 13
6 -32.0 32
7 -50.0 50
8 -40.0 40
9 -21.0 21
10 -15.0 15
11 -15.0 15
12 -9.0 9
13 -9.0 9
14 -9.0 9
15 -7.0 7
16 -10.0 10
17 -8.0 8
18 -7.0 7
19 -8.0 8
20 -7.0 7
21 -7.0 7
0 -50.0 50
1 -50.0 50
2 -31.0 31
3 -49.0 49
4 -39.0 39
5 -50.0 50
6 -19.0 19
7 -11.0 11
8 -8.0 8
9 -9.0 9
10 -7.0 7
11 -24.0 24
12 -9.0 9
13 -7.0 7
14 -37.0 37
15 -11.0 11
16 -7.0 7
17 -7.0 7
18 -7.0 7
19 -7.0 7
20 -7.0 7
21 -7.0 7
0 -50.0 50
1 -42.0 42
2 -24.0 24
3 -50.0 50
4 -50.0 50
5 -50.0 50
6 -45.0 45
7 -25.0 25
8 -23.0 23
9 -50.0 50
10 -9.0 9
11 -9.0 9
12 -13.0 13
13 -12.0 12
14 -13.0 13
15 -7.0 7
16 -8.0 8
17 -9.0 9
18 -7.0 7
19 -16.0 16
20 -7.0 7
21 -7.0 7
0 -29.0 29
1 -50.0 50
2 -50.0 50
3 -40.0 40
4 -50.0 50
5 -11.0 11
6 -50.0 50
7 -50.0 50
8 -19.0 19
9 -7.0 7
10 -8.0 8
11 -14.0 14
12 -7.0 7
13 -8.0 8
14 -8.0 8
15 -10.0 10
16 -7.0 7
17 -7.0 7
18 -7.0 7
19 -8.0 8
20 -7.0 7
21 -7.0 7
0 -50.0 50
1 -50.0 50
2 -50.0 50
3 -50.0 50
4 -21.0 21
5 -50.0 50
6 -13.0 13
7 -47.0 47
8 -27.0 27
9 -11.0 11
10 -14.0 14
11 -18.0 18
12 -12.0 12
13 -7.0 7
14 -9.0 9
15 -10.0 10
16 -15.0 15
17 -28.0 28
18 -13.0 13
19 -11.0 11
20 -11.0 11
21 -11.0 11
0 -50.0 50
1 -50.0 50
2 -50.0 50
3 -50.0 50
4 -50.0 50
5 -30.0 30
6 -25.0 25
7 -29.0 29
8 -11.0 11
9 -24.0 24
10 -8.0 8
11 -7.0 7
12 -8.0 8
13 -8.0 8
14 -10.0 10
15 -8.0 8
16 -7.0 7
17 -9.0 9
18 -10.0 10
19 -7.0 7
20 -7.0 7
21 -15.0 15
0 -50.0 50
1 -50.0 50
2 -32.0 32
3 -46.0 46
4 -50.0 50
5 -22.0 22
6 -39.0 39
7 -35.0 35
8 -16.0 16
9 -10.0 10
10 -7.0 7
11 -20.0 20
12 -22.0 22
13 -14.0 14
14 -13.0 13
15 -8.0 8
16 -11.0 11
17 -7.0 7
18 -8.0 8
19 -7.0 7
20 -7.0 7
21 -7.0 7
0 -50.0 50
1 -50.0 50
2 -36.0 36
3 -39.0 39
4 -33.0 33
5 -50.0 50
6 -24.0 24
7 -25.0 25
8 -21.0 21
9 -11.0 11
10 -19.0 19
11 -10.0 10
12 -7.0 7
13 -10.0 10
14 -7.0 7
15 -39.0 39
16 -9.0 9
17 -8.0 8
18 -8.0 8
19 -7.0 7
20 -7.0 7
21 -7.0 7
0 -50.0 50
1 -50.0 50
2 -50.0 50
3 -38.0 38
4 -24.0 24
5 -50.0 50
6 -23.0 23
7 -50.0 50
8 -7.0 7
9 -8.0 8
10 -10.0 10
11 -7.0 7
12 -10.0 10
13 -8.0 8
14 -20.0 20
15 -15.0 15
16 -20.0 20
17 -12.0 12
18 -7.0 7
19 -9.0 9
20 -10.0 10
21 -7.0 7
0 -50.0 50
1 -50.0 50
2 -50.0 50
3 -32.0 32
4 -50.0 50
5 -50.0 50
6 -29.0 29
7 -9.0 9
8 -14.0 14
9 -36.0 36
10 -11.0 11
11 -7.0 7
12 -7.0 7
13 -7.0 7
14 -7.0 7
15 -14.0 14
16 -7.0 7
17 -9.0 9
18 -10.0 10
19 -7.0 7
20 -9.0 9
21 -7.0 7
0 -50.0 50
1 -36.0 36
2 -50.0 50
3 -28.0 28
4 -50.0 50
5 -33.0 33
6 -24.0 24
7 -7.0 7
8 -48.0 48
9 -50.0 50
10 -20.0 20
11 -19.0 19
12 -15.0 15
13 -11.0 11
14 -15.0 15
15 -17.0 17
16 -21.0 21
17 -8.0 8
18 -7.0 7
19 -7.0 7
20 -7.0 7
21 -7.0 7
0 -35.0 35
1 -50.0 50
2 -50.0 50
3 -50.0 50
4 -50.0 50
5 -36.0 36
6 -48.0 48
7 -23.0 23
8 -10.0 10
9 -8.0 8
10 -11.0 11
11 -13.0 13
12 -10.0 10
13 -7.0 7
14 -7.0 7
15 -7.0 7
16 -11.0 11
17 -11.0 11
18 -9.0 9
19 -13.0 13
20 -7.0 7
21 -7.0 7
0 -50.0 50
1 -50.0 50
2 -36.0 36
3 -50.0 50
4 -50.0 50
5 -50.0 50
6 -20.0 20
7 -9.0 9
8 -9.0 9
9 -8.0 8
10 -9.0 9
11 -15.0 15
12 -11.0 11
13 -14.0 14
14 -15.0 15
15 -8.0 8
16 -7.0 7
17 -7.0 7
18 -9.0 9
19 -7.0 7
20 -7.0 7
21 -7.0 7
0 -50.0 50
1 -50.0 50
2 -27.0 27
3 -17.0 17
4 -50.0 50
5 -50.0 50
6 -10.0 10
7 -27.0 27
8 -50.0 50
9 -26.0 26
10 -22.0 22
11 -20.0 20
12 -8.0 8
13 -8.0 8
14 -7.0 7
15 -12.0 12
16 -50.0 50
17 -34.0 34
18 -11.0 11
19 -7.0 7
20 -7.0 7
21 -7.0 7
0 -32.0 32
1 -50.0 50
2 -50.0 50
3 -29.0 29
4 -48.0 48
5 -50.0 50
6 -49.0 49
7 -32.0 32
8 -12.0 12
9 -7.0 7
10 -9.0 9
11 -40.0 40
12 -10.0 10
13 -9.0 9
14 -10.0 10
15 -13.0 13
16 -29.0 29
17 -8.0 8
18 -8.0 8
19 -9.0 9
20 -11.0 11
21 -7.0 7
0 -50.0 50
1 -50.0 50
2 -50.0 50
3 -50.0 50
4 -24.0 24
5 -46.0 46
6 -25.0 25
7 -46.0 46
8 -32.0 32
9 -15.0 15
10 -10.0 10
11 -13.0 13
12 -11.0 11
13 -8.0 8
14 -7.0 7
15 -7.0 7
16 -7.0 7
17 -9.0 9
18 -7.0 7
19 -7.0 7
20 -7.0 7
21 -7.0 7
0 -50.0 50
1 -37.0 37
2 -50.0 50
3 -50.0 50
4 -38.0 38
5 -46.0 46
6 -50.0 50
7 -50.0 50
8 -23.0 23
9 -14.0 14
10 -8.0 8
11 -7.0 7
12 -8.0 8
13 -7.0 7
14 -15.0 15
15 -9.0 9
16 -8.0 8
17 -7.0 7
18 -9.0 9
19 -7.0 7
20 -7.0 7
21 -7.0 7
0 -50.0 50
1 -50.0 50
2 -50.0 50
3 -21.0 21
4 -32.0 32
5 -27.0 27
6 -50.0 50
7 -10.0 10
8 -14.0 14
9 -9.0 9
10 -39.0 39
11 -23.0 23
12 -20.0 20
13 -7.0 7
14 -7.0 7
15 -7.0 7
16 -10.0 10
17 -9.0 9
18 -13.0 13
19 -22.0 22
20 -10.0 10
21 -10.0 10
0 -50.0 50
1 -50.0 50
2 -45.0 45
3 -50.0 50
4 -50.0 50
5 -18.0 18
6 -27.0 27
7 -46.0 46
8 -44.0 44
9 -26.0 26
10 -15.0 15
11 -50.0 50
12 -9.0 9
13 -10.0 10
14 -10.0 10
15 -7.0 7
16 -9.0 9
17 -9.0 9
18 -10.0 10
19 -7.0 7
20 -7.0 7
21 -7.0 7
0 -50.0 50
1 -50.0 50
2 -20.0 20
3 -50.0 50
4 -45.0 45
5 -46.0 46
6 -50.0 50
7 -50.0 50
8 -13.0 13
9 -10.0 10
10 -14.0 14
11 -11.0 11
12 -9.0 9
13 -10.0 10
14 -7.0 7
15 -11.0 11
16 -12.0 12
17 -7.0 7
18 -50.0 50
19 -34.0 34
20 -15.0 15
21 -9.0 9
0 -50.0 50
1 -41.0 41
2 -42.0 42
3 -50.0 50
4 -50.0 50
5 -21.0 21
6 -23.0 23
7 -15.0 15
8 -19.0 19
9 -14.0 14
10 -22.0 22
11 -25.0 25
12 -37.0 37
13 -8.0 8
14 -40.0 40
15 -7.0 7
16 -7.0 7
17 -7.0 7
18 -7.0 7
19 -7.0 7
20 -7.0 7
21 -9.0 9
0 -50.0 50
1 -50.0 50
2 -50.0 50
3 -50.0 50
4 -19.0 19
5 -18.0 18
6 -50.0 50
7 -28.0 28
8 -23.0 23
9 -18.0 18
10 -13.0 13
11 -8.0 8
12 -10.0 10
13 -8.0 8
14 -10.0 10
15 -12.0 12
16 -13.0 13
17 -11.0 11
18 -7.0 7
19 -7.0 7
20 -8.0 8
21 -7.0 7
0 -50.0 50
1 -50.0 50
2 -50.0 50
3 -50.0 50
4 -50.0 50
5 -32.0 32
6 -19.0 19
7 -16.0 16
8 -10.0 10
9 -12.0 12
10 -15.0 15
11 -15.0 15
12 -8.0 8
13 -16.0 16
14 -8.0 8
15 -9.0 9
16 -7.0 7
17 -7.0 7
18 -7.0 7
19 -47.0 47
20 -9.0 9
21 -7.0 7
0 -50.0 50
1 -50.0 50
2 -50.0 50
3 -20.0 20
4 -50.0 50
5 -33.0 33
6 -44.0 44
7 -25.0 25
8 -50.0 50
9 -32.0 32
10 -21.0 21
11 -7.0 7
12 -9.0 9
13 -9.0 9
14 -7.0 7
15 -9.0 9
16 -8.0 8
17 -11.0 11
18 -19.0 19
19 -7.0 7
20 -7.0 7
21 -7.0 7
0 -50.0 50
1 -50.0 50
2 -40.0 40
3 -50.0 50
4 -38.0 38
5 -10.0 10
6 -30.0 30
7 -50.0 50
8 -50.0 50
9 -24.0 24
10 -14.0 14
11 -16.0 16
12 -9.0 9
13 -7.0 7
14 -7.0 7
15 -7.0 7
16 -13.0 13
17 -7.0 7
18 -8.0 8
19 -9.0 9
20 -7.0 7
21 -7.0 7
0 -50.0 50
1 -50.0 50
2 -50.0 50
3 -50.0 50
4 -50.0 50
5 -12.0 12
6 -9.0 9
7 -13.0 13
8 -22.0 22
9 -16.0 16
10 -28.0 28
11 -15.0 15
12 -12.0 12
13 -10.0 10
14 -7.0 7
15 -13.0 13
16 -18.0 18
17 -7.0 7
18 -8.0 8
19 -18.0 18
20 -14.0 14
21 -8.0 8
0 -50.0 50
1 -50.0 50
2 -50.0 50
3 -32.0 32
4 -50.0 50
5 -39.0 39
6 -21.0 21
7 -15.0 15
8 -18.0 18
9 -12.0 12
10 -12.0 12
11 -10.0 10
12 -8.0 8
13 -50.0 50
14 -23.0 23
15 -17.0 17
16 -7.0 7
17 -16.0 16
18 -12.0 12
19 -7.0 7
20 -7.0 7
21 -7.0 7
0 -50.0 50
1 -47.0 47
2 -50.0 50
3 -18.0 18
4 -25.0 25
5 -50.0 50
6 -50.0 50
7 -50.0 50
8 -24.0 24
9 -15.0 15
10 -15.0 15
11 -13.0 13
12 -13.0 13
13 -9.0 9
14 -9.0 9
15 -13.0 13
16 -13.0 13
17 -7.0 7
18 -10.0 10
19 -12.0 12
20 -7.0 7
21 -9.0 9
0 -26.0 26
1 -50.0 50
2 -48.0 48
3 -50.0 50
4 -50.0 50
5 -50.0 50
6 -12.0 12
7 -20.0 20
8 -18.0 18
9 -15.0 15
10 -7.0 7
11 -28.0 28
12 -9.0 9
13 -7.0 7
14 -9.0 9
15 -44.0 44
16 -11.0 11
17 -7.0 7
18 -8.0 8
19 -9.0 9
20 -7.0 7
21 -7.0 7
0 -44.0 44
1 -50.0 50
2 -50.0 50
3 -50.0 50
4 -50.0 50
5 -35.0 35
6 -26.0 26
7 -20.0 20
8 -23.0 23
9 -28.0 28
10 -12.0 12
11 -12.0 12
12 -9.0 9
13 -7.0 7
14 -7.0 7
15 -7.0 7
16 -11.0 11
17 -14.0 14
18 -12.0 12
19 -7.0 7
20 -7.0 7
21 -7.0 7
0 -50.0 50
1 -50.0 50
2 -50.0 50
3 -40.0 40
4 -50.0 50
5 -45.0 45
6 -20.0 20
7 -12.0 12
8 -7.0 7
9 -15.0 15
10 -19.0 19
11 -10.0 10
12 -10.0 10
13 -8.0 8
14 -8.0 8
15 -7.0 7
16 -12.0 12
17 -7.0 7
18 -7.0 7
19 -7.0 7
20 -7.0 7
21 -7.0 7
0 -50.0 50
1 -50.0 50
2 -50.0 50
3 -20.0 20
4 -50.0 50
5 -22.0 22
6 -30.0 30
7 -29.0 29
8 -19.0 19
9 -15.0 15
10 -13.0 13
11 -11.0 11
12 -18.0 18
13 -20.0 20
14 -23.0 23
15 -15.0 15
16 -13.0 13
17 -11.0 11
18 -7.0 7
19 -7.0 7
20 -7.0 7
21 -7.0 7
0 -48.0 48
1 -50.0 50
2 -19.0 19
3 -50.0 50
4 -50.0 50
5 -50.0 50
6 -34.0 34
7 -50.0 50
8 -21.0 21
9 -21.0 21
10 -7.0 7
11 -9.0 9
12 -13.0 13
13 -14.0 14
14 -9.0 9
15 -11.0 11
16 -8.0 8
17 -7.0 7
18 -10.0 10
19 -7.0 7
20 -7.0 7
21 -7.0 7
0 -36.0 36
1 -50.0 50
2 -50.0 50
3 -50.0 50
4 -28.0 28
5 -50.0 50
6 -26.0 26
7 -50.0 50
8 -13.0 13
9 -16.0 16
10 -13.0 13
11 -15.0 15
12 -9.0 9
13 -10.0 10
14 -13.0 13
15 -15.0 15
16 -21.0 21
17 -14.0 14
18 -7.0 7
19 -7.0 7
20 -7.0 7
21 -7.0 7
0 -50.0 50
1 -34.0 34
2 -50.0 50
3 -48.0 48
4 -50.0 50
5 -50.0 50
6 -21.0 21
7 -18.0 18
8 -36.0 36
9 -9.0 9
10 -12.0 12
11 -8.0 8
12 -10.0 10
13 -8.0 8
14 -8.0 8
15 -11.0 11
16 -14.0 14
17 -16.0 16
18 -12.0 12
19 -7.0 7
20 -7.0 7
21 -7.0 7
0 -50.0 50
1 -50.0 50
2 -30.0 30
3 -31.0 31
4 -50.0 50
5 -50.0 50
6 -7.0 7
7 -47.0 47
8 -16.0 16
9 -14.0 14
10 -11.0 11
11 -8.0 8
12 -7.0 7
13 -9.0 9
14 -50.0 50
15 -26.0 26
16 -35.0 35
17 -21.0 21
18 -10.0 10
19 -7.0 7
20 -7.0 7
21 -7.0 7
0 -50.0 50
1 -50.0 50
2 -18.0 18
3 -50.0 50
4 -50.0 50
5 -19.0 19
6 -30.0 30
7 -18.0 18
8 -10.0 10
9 -28.0 28
10 -50.0 50
11 -41.0 41
12 -15.0 15
13 -15.0 15
14 -9.0 9
15 -11.0 11
16 -9.0 9
17 -12.0 12
18 -8.0 8
19 -16.0 16
20 -7.0 7
21 -7.0 7
0 -50.0 50
1 -50.0 50
2 -50.0 50
3 -50.0 50
4 -27.0 27
5 -26.0 26
6 -50.0 50
7 -24.0 24
8 -11.0 11
9 -13.0 13
10 -7.0 7
11 -9.0 9
12 -16.0 16
13 -10.0 10
14 -17.0 17
15 -15.0 15
16 -8.0 8
17 -9.0 9
18 -13.0 13
19 -14.0 14
20 -12.0 12
21 -7.0 7
0 -50.0 50
1 -50.0 50
2 -50.0 50
3 -22.0 22
4 -50.0 50
5 -36.0 36
6 -19.0 19
7 -50.0 50
8 -26.0 26
9 -26.0 26
10 -16.0 16
11 -13.0 13
12 -17.0 17
13 -22.0 22
14 -10.0 10
15 -9.0 9
16 -7.0 7
17 -7.0 7
18 -8.0 8
19 -7.0 7
20 -9.0 9
21 -9.0 9
0 -50.0 50
1 -50.0 50
2 -50.0 50
3 -35.0 35
4 -24.0 24
5 -50.0 50
6 -50.0 50
7 -17.0 17
8 -17.0 17
9 -12.0 12
10 -18.0 18
11 -10.0 10
12 -12.0 12
13 -7.0 7
14 -7.0 7
15 -11.0 11
16 -7.0 7
17 -9.0 9
18 -7.0 7
19 -7.0 7
20 -7.0 7
21 -10.0 10
0 -24.0 24
1 -50.0 50
2 -50.0 50
3 -50.0 50
4 -41.0 41
5 -45.0 45
6 -8.0 8
7 -33.0 33
8 -30.0 30
9 -26.0 26
10 -18.0 18
11 -7.0 7
12 -9.0 9
13 -10.0 10
14 -11.0 11
15 -8.0 8
16 -7.0 7
17 -11.0 11
18 -12.0 12
19 -7.0 7
20 -7.0 7
21 -7.0 7
0 -50.0 50
1 -50.0 50
2 -35.0 35
3 -50.0 50
4 -50.0 50
5 -24.0 24
6 -50.0 50
7 -16.0 16
8 -11.0 11
9 -11.0 11
10 -13.0 13
11 -22.0 22
12 -14.0 14
13 -7.0 7
14 -9.0 9
15 -8.0 8
16 -8.0 8
17 -7.0 7
18 -7.0 7
19 -7.0 7
20 -7.0 7
21 -7.0 7
0 -50.0 50
1 -50.0 50
2 -50.0 50
3 -39.0 39
4 -50.0 50
5 -50.0 50
6 -50.0 50
7 -7.0 7
8 -10.0 10
9 -25.0 25
10 -13.0 13
11 -14.0 14
12 -12.0 12
13 -19.0 19
14 -14.0 14
15 -7.0 7
16 -7.0 7
17 -7.0 7
18 -7.0 7
19 -7.0 7
20 -7.0 7
21 -7.0 7
0 -48.0 48
1 -50.0 50
2 -50.0 50
3 -50.0 50
4 -47.0 47
5 -50.0 50
6 -19.0 19
7 -50.0 50
8 -23.0 23
9 -40.0 40
10 -11.0 11
11 -11.0 11
12 -11.0 11
13 -10.0 10
14 -9.0 9
15 -10.0 10
16 -7.0 7
17 -7.0 7
18 -8.0 8
19 -7.0 7
20 -7.0 7
21 -7.0 7
0 -50.0 50
1 -50.0 50
2 -50.0 50
3 -50.0 50
4 -7.0 7
5 -10.0 10
6 -17.0 17
7 -50.0 50
8 -36.0 36
9 -14.0 14
10 -14.0 14
11 -8.0 8
12 -10.0 10
13 -12.0 12
14 -9.0 9
15 -8.0 8
16 -8.0 8
17 -9.0 9
18 -28.0 28
19 -7.0 7
20 -7.0 7
21 -11.0 11
0 -50.0 50
1 -50.0 50
2 -50.0 50
3 -33.0 33
4 -50.0 50
5 -45.0 45
6 -17.0 17
7 -11.0 11
8 -11.0 11
9 -10.0 10
10 -11.0 11
11 -21.0 21
12 -24.0 24
13 -15.0 15
14 -18.0 18
15 -15.0 15
16 -19.0 19
17 -22.0 22
18 -7.0 7
19 -14.0 14
20 -7.0 7
21 -7.0 7
0 -50.0 50
1 -50.0 50
2 -22.0 22
3 -35.0 35
4 -50.0 50
5 -18.0 18
6 -50.0 50
7 -44.0 44
8 -50.0 50
9 -45.0 45
10 -15.0 15
11 -11.0 11
12 -11.0 11
13 -9.0 9
14 -12.0 12
15 -12.0 12
16 -10.0 10
17 -10.0 10
18 -8.0 8
19 -9.0 9
20 -10.0 10
21 -7.0 7
0 -50.0 50
1 -50.0 50
2 -50.0 50
3 -31.0 31
4 -50.0 50
5 -40.0 40
6 -24.0 24
7 -22.0 22
8 -41.0 41
9 -31.0 31
10 -10.0 10
11 -11.0 11
12 -8.0 8
13 -9.0 9
14 -7.0 7
15 -7.0 7
16 -7.0 7
17 -7.0 7
18 -8.0 8
19 -7.0 7
20 -7.0 7
21 -16.0 16
0 -34.0 34
1 -50.0 50
2 -34.0 34
3 -50.0 50
4 -50.0 50
5 -50.0 50
6 -15.0 15
7 -43.0 43
8 -14.0 14
9 -20.0 20
10 -50.0 50
11 -16.0 16
12 -9.0 9
13 -7.0 7
14 -7.0 7
15 -7.0 7
16 -8.0 8
17 -7.0 7
18 -7.0 7
19 -7.0 7
20 -7.0 7
21 -7.0 7
0 -50.0 50
1 -50.0 50
2 -50.0 50
3 -50.0 50
4 -21.0 21
5 -27.0 27
6 -17.0 17
7 -31.0 31
8 -50.0 50
9 -50.0 50
10 -13.0 13
11 -8.0 8
12 -17.0 17
13 -13.0 13
14 -8.0 8
15 -9.0 9
16 -8.0 8
17 -7.0 7
18 -10.0 10
19 -7.0 7
20 -7.0 7
21 -7.0 7
0 -50.0 50
1 -50.0 50
2 -50.0 50
3 -20.0 20
4 -31.0 31
5 -50.0 50
6 -22.0 22
7 -32.0 32
8 -50.0 50
9 -38.0 38
10 -11.0 11
11 -37.0 37
12 -14.0 14
13 -8.0 8
14 -9.0 9
15 -7.0 7
16 -19.0 19
17 -10.0 10
18 -7.0 7
19 -7.0 7
20 -7.0 7
21 -7.0 7
0 -50.0 50
1 -50.0 50
2 -50.0 50
3 -35.0 35
4 -32.0 32
5 -50.0 50
6 -25.0 25
7 -48.0 48
8 -17.0 17
9 -7.0 7
10 -7.0 7
11 -9.0 9
12 -12.0 12
13 -13.0 13
14 -17.0 17
15 -11.0 11
16 -7.0 7
17 -8.0 8
18 -11.0 11
19 -9.0 9
20 -11.0 11
21 -9.0 9
0 -50.0 50
1 -50.0 50
2 -34.0 34
3 -50.0 50
4 -50.0 50
5 -19.0 19
6 -47.0 47
7 -39.0 39
8 -21.0 21
9 -10.0 10
10 -19.0 19
11 -17.0 17
12 -7.0 7
13 -7.0 7
14 -8.0 8
15 -7.0 7
16 -11.0 11
17 -18.0 18
18 -8.0 8
19 -7.0 7
20 -7.0 7
21 -7.0 7
0 -50.0 50
1 -50.0 50
2 -46.0 46
3 -27.0 27
4 -28.0 28
5 -50.0 50
6 -14.0 14
7 -16.0 16
8 -9.0 9
9 -27.0 27
10 -50.0 50
11 -32.0 32
12 -11.0 11
13 -22.0 22
14 -9.0 9
15 -9.0 9
16 -7.0 7
17 -9.0 9
18 -9.0 9
19 -8.0 8
20 -7.0 7
21 -7.0 7
0 -50.0 50
1 -41.0 41
2 -50.0 50
3 -49.0 49
4 -50.0 50
5 -21.0 21
6 -27.0 27
7 -48.0 48
8 -22.0 22
9 -15.0 15
10 -9.0 9
11 -11.0 11
12 -9.0 9
13 -28.0 28
14 -12.0 12
15 -9.0 9
16 -10.0 10
17 -17.0 17
18 -7.0 7
19 -11.0 11
20 -7.0 7
21 -7.0 7
