0 -40.0 40
1 -50.0 50
2 -50.0 50
3 -31.0 31
4 -50.0 50
5 -20.0 20
6 -12.0 12
7 -20.0 20
8 -12.0 12
9 -17.0 17
10 -50.0 50
11 -50.0 50
0 -50.0 50
1 -50.0 50
2 -24.0 24
3 -50.0 50
4 -50.0 50
5 -34.0 34
6 -27.0 27
7 -25.0 25
8 -17.0 17
9 -37.0 37
10 -7.0 7
11 -7.0 7
0 -50.0 50
1 -31.0 31
2 -50.0 50
3 -42.0 42
4 -50.0 50
5 -49.0 49
6 -19.0 19
7 -25.0 25
8 -27.0 27
9 -50.0 50
10 -38.0 38
11 -30.0 30
0 -48.0 48
1 -50.0 50
2 -50.0 50
3 -33.0 33
4 -50.0 50
5 -49.0 49
6 -50.0 50
7 -12.0 12
8 -30.0 30
9 -12.0 12
10 -8.0 8
11 -7.0 7
0 -32.0 32
1 -50.0 50
2 -50.0 50
3 -35.0 35
4 -39.0 39
5 -50.0 50
6 -50.0 50
7 -46.0 46
8 -18.0 18
9 -24.0 24
10 -42.0 42
11 -10.0 10
0 -50.0 50
1 -40.0 40
2 -50.0 50
3 -50.0 50
4 -47.0 47
5 -50.0 50
6 -14.0 14
7 -18.0 18
8 -30.0 30
9 -20.0 20
10 -18.0 18
11 -11.0 11
0 -50.0 50
1 -50.0 50
2 -50.0 50
3 -30.0 30
4 -35.0 35
5 -29.0 29
6 -50.0 50
7 -26.0 26
8 -21.0 21
9 -9.0 9
10 -11.0 11
11 -13.0 13
0 -50.0 50
1 -28.0 28
2 -50.0 50
3 -39.0 39
4 -50.0 50
5 -46.0 46
6 -50.0 50
7 -50.0 50
8 -41.0 41
9 -30.0 30
10 -11.0 11
11 -11.0 11
0 -50.0 50
1 -50.0 50
2 -50.0 50
3 -50.0 50
4 -25.0 25
5 -10.0 10
6 -7.0 7
7 -12.0 12
8 -17.0 17
9 -24.0 24
10 -36.0 36
11 -46.0 46
0 -50.0 50
1 -22.0 22
2 -50.0 50
3 -48.0 48
4 -50.0 50
5 -46.0 46
6 -15.0 15
7 -8.0 8
8 -9.0 9
9 -7.0 7
10 -7.0 7
11 -7.0 7
0 -50.0 50
1 -40.0 40
2 -50.0 50
3 -48.0 48
4 -50.0 50
5 -28.0 28
6 -50.0 50
7 -21.0 21
8 -18.0 18
9 -7.0 7
10 -14.0 14
11 -49.0 49
0 -50.0 50
1 -50.0 50
2 -50.0 50
3 -50.0 50
4 -50.0 50
5 -47.0 47
6 -19.0 19
7 -15.0 15
8 -21.0 21
9 -9.0 9
10 -7.0 7
11 -7.0 7
0 -50.0 50
1 -50.0 50
2 -38.0 38
3 -26.0 26
4 -46.0 46
5 -42.0 42
6 -50.0 50
7 -50.0 50
8 -9.0 9
9 -18.0 18
10 -24.0 24
11 -10.0 10
0 -50.0 50
1 -44.0 44
2 -50.0 50
3 -50.0 50
4 -49.0 49
5 -10.0 10
6 -18.0 18
7 -28.0 28
8 -20.0 20
9 -19.0 19
10 -22.0 22
11 -50.0 50
0 -50.0 50
1 -50.0 50
2 -27.0 27
3 -50.0 50
4 -47.0 47
5 -43.0 43
6 -50.0 50
7 -12.0 12
8 -11.0 11
9 -18.0 18
10 -7.0 7
11 -9.0 9
0 -50.0 50
1 -50.0 50
2 -50.0 50
3 -50.0 50
4 -18.0 18
5 -21.0 21
6 -19.0 19
7 -43.0 43
8 -34.0 34
9 -15.0 15
10 -19.0 19
11 -23.0 23
0 -50.0 50
1 -50.0 50
2 -40.0 40
3 -50.0 50
4 -49.0 49
5 -45.0 45
6 -13.0 13
7 -21.0 21
8 -16.0 16
9 -33.0 33
10 -28.0 28
11 -13.0 13
0 -50.0 50
1 -32.0 32
2 -50.0 50
3 -50.0 50
4 -50.0 50
5 -50.0 50
6 -24.0 24
7 -16.0 16
8 -17.0 17
9 -14.0 14
10 -26.0 26
11 -22.0 22
0 -50.0 50
1 -50.0 50
2 -50.0 50
3 -17.0 17
4 -50.0 50
5 -36.0 36
6 -35.0 35
7 -39.0 39
8 -15.0 15
9 -10.0 10
10 -13.0 13
11 -9.0 9
0 -39.0 39
1 -50.0 50
2 -50.0 50
3 -50.0 50
4 -27.0 27
5 -34.0 34
6 -27.0 27
7 -17.0 17
8 -17.0 17
9 -20.0 20
10 -50.0 50
11 -15.0 15
0 -22.0 22
1 -50.0 50
2 -50.0 50
3 -43.0 43
4 -50.0 50
5 -39.0 39
6 -17.0 17
7 -50.0 50
8 -39.0 39
9 -49.0 49
10 -31.0 31
11 -23.0 23
0 -50.0 50
1 -50.0 50
2 -50.0 50
3 -50.0 50
4 -35.0 35
5 -26.0 26
6 -50.0 50
7 -21.0 21
8 -33.0 33
9 -13.0 13
10 -10.0 10
11 -9.0 9
0 -50.0 50
1 -50.0 50
2 -50.0 50
3 -27.0 27
4 -32.0 32
5 -50.0 50
6 -31.0 31
7 -24.0 24
8 -31.0 31
9 -50.0 50
10 -24.0 24
11 -22.0 22
0 -50.0 50
1 -50.0 50
2 -50.0 50
3 -22.0 22
4 -50.0 50
5 -50.0 50
6 -13.0 13
7 -27.0 27
8 -20.0 20
9 -19.0 19
10 -12.0 12
11 -7.0 7
0 -50.0 50
1 -43.0 43
2 -50.0 50
3 -50.0 50
4 -44.0 44
5 -23.0 23
6 -22.0 22
7 -19.0 19
8 -30.0 30
9 -49.0 49
10 -11.0 11
11 -9.0 9
0 -50.0 50
1 -50.0 50
2 -39.0 39
3 -50.0 50
4 -50.0 50
5 -18.0 18
6 -46.0 46
7 -17.0 17
8 -19.0 19
9 -16.0 16
10 -18.0 18
11 -9.0 9
0 -50.0 50
1 -50.0 50
2 -31.0 31
3 -50.0 50
4 -45.0 45
5 -30.0 30
6 -50.0 50
7 -50.0 50
8 -16.0 16
9 -8.0 8
10 -7.0 7
11 -7.0 7
0 -50.0 50
1 -50.0 50
2 -50.0 50
3 -30.0 30
4 -50.0 50
5 -21.0 21
6 -47.0 47
7 -28.0 28
8 -14.0 14
9 -8.0 8
10 -10.0 10
11 -12.0 12
0 -32.0 32
1 -50.0 50
2 -50.0 50
3 -50.0 50
4 -50.0 50
5 -50.0 50
6 -26.0 26
7 -15.0 15
8 -15.0 15
9 -7.0 7
10 -7.0 7
11 -7.0 7
0 -50.0 50
1 -50.0 50
2 -19.0 19
3 -50.0 50
4 -50.0 50
5 -25.0 25
6 -50.0 50
7 -18.0 18
8 -16.0 16
9 -19.0 19
10 -16.0 16
11 -11.0 11
0 -41.0 41
1 -50.0 50
2 -50.0 50
3 -25.0 25
4 -50.0 50
5 -50.0 50
6 -17.0 17
7 -47.0 47
8 -16.0 16
9 -23.0 23
10 -18.0 18
11 -16.0 16
0 -50.0 50
1 -41.0 41
2 -50.0 50
3 -33.0 33
4 -34.0 34
5 -40.0 40
6 -50.0 50
7 -50.0 50
8 -37.0 37
9 -21.0 21
10 -15.0 15
11 -18.0 18
0 -33.0 33
1 -50.0 50
2 -50.0 50
3 -31.0 31
4 -50.0 50
5 -48.0 48
6 -45.0 45
7 -18.0 18
8 -14.0 14
9 -25.0 25
10 -14.0 14
11 -20.0 20
0 -50.0 50
1 -50.0 50
2 -50.0 50
3 -48.0 48
4 -21.0 21
5 -17.0 17
6 -41.0 41
7 -22.0 22
8 -21.0 21
9 -14.0 14
10 -13.0 13
11 -7.0 7
0 -50.0 50
1 -50.0 50
2 -34.0 34
3 -50.0 50
4 -50.0 50
5 -50.0 50
6 -19.0 19
7 -20.0 20
8 -13.0 13
9 -12.0 12
10 -13.0 13
11 -7.0 7
0 -16.0 16
1 -50.0 50
2 -50.0 50
3 -50.0 50
4 -50.0 50
5 -48.0 48
6 -50.0 50
7 -32.0 32
8 -39.0 39
9 -14.0 14
10 -9.0 9
11 -7.0 7
0 -50.0 50
1 -50.0 50
2 -36.0 36
3 -50.0 50
4 -49.0 49
5 -15.0 15
6 -20.0 20
7 -12.0 12
8 -50.0 50
9 -27.0 27
10 -15.0 15
11 -8.0 8
0 -50.0 50
1 -37.0 37
2 -50.0 50
3 -24.0 24
4 -43.0 43
5 -50.0 50
6 -33.0 33
7 -50.0 50
8 -18.0 18
9 -12.0 12
10 -12.0 12
11 -11.0 11
0 -36.0 36
1 -50.0 50
2 -50.0 50
3 -50.0 50
4 -25.0 25
5 -50.0 50
6 -31.0 31
7 -21.0 21
8 -23.0 23
9 -20.0 20
10 -17.0 17
11 -14.0 14
0 -50.0 50
1 -40.0 40
2 -50.0 50
3 -38.0 38
4 -32.0 32
5 -50.0 50
6 -29.0 29
7 -13.0 13
8 -32.0 32
9 -11.0 11
10 -9.0 9
11 -15.0 15
