0 -50.0 50
1 -43.0 43
2 -50.0 50
3 -13.0 13
0 -50.0 50
1 -50.0 50
2 -50.0 50
3 -35.0 35
0 -50.0 50
1 -50.0 50
2 -47.0 47
3 -50.0 50
0 -50.0 50
1 -35.0 35
2 -50.0 50
3 -43.0 43
0 -40.0 40
1 -50.0 50
2 -50.0 50
3 -50.0 50
0 -50.0 50
1 -50.0 50
2 -48.0 48
3 -50.0 50
0 -21.0 21
1 -50.0 50
2 -34.0 34
3 -50.0 50
0 -41.0 41
1 -50.0 50
2 -50.0 50
3 -50.0 50
0 -25.0 25
1 -50.0 50
2 -50.0 50
3 -50.0 50
0 -30.0 30
1 -50.0 50
2 -50.0 50
3 -50.0 50
0 -50.0 50
1 -50.0 50
2 -50.0 50
3 -15.0 15
0 -50.0 50
1 -50.0 50
2 -42.0 42
3 -50.0 50
0 -50.0 50
1 -50.0 50
2 -16.0 16
3 -50.0 50
0 -50.0 50
1 -50.0 50
2 -17.0 17
3 -50.0 50
0 -50.0 50
1 -50.0 50
2 -38.0 38
3 -50.0 50
0 -41.0 41
1 -50.0 50
2 -42.0 42
3 -50.0 50
0 -50.0 50
1 -50.0 50
2 -45.0 45
3 -50.0 50
0 -50.0 50
1 -40.0 40
2 -50.0 50
3 -31.0 31
0 -50.0 50
1 -50.0 50
2 -50.0 50
3 -38.0 38
0 -50.0 50
1 -50.0 50
2 -34.0 34
3 -50.0 50
