0 -50.0 50
1 -50.0 50
2 -50.0 50
3 -50.0 50
0 -50.0 50
1 -50.0 50
2 -50.0 50
3 -18.0 18
0 -50.0 50
1 -38.0 38
2 -50.0 50
3 -50.0 50
0 -50.0 50
1 -50.0 50
2 -50.0 50
3 -18.0 18
0 -50.0 50
1 -32.0 32
2 -37.0 37
3 -50.0 50
0 -50.0 50
1 -50.0 50
2 -50.0 50
3 -47.0 47
0 -50.0 50
1 -50.0 50
2 -50.0 50
3 -25.0 25
0 -50.0 50
1 -27.0 27
2 -50.0 50
3 -50.0 50
0 -50.0 50
1 -15.0 15
2 -50.0 50
3 -34.0 34
0 -37.0 37
1 -50.0 50
2 -50.0 50
3 -50.0 50
0 -50.0 50
1 -50.0 50
2 -50.0 50
3 -34.0 34
0 -50.0 50
1 -50.0 50
2 -50.0 50
3 -36.0 36
0 -50.0 50
1 -50.0 50
2 -50.0 50
3 -50.0 50
0 -50.0 50
1 -50.0 50
2 -48.0 48
3 -50.0 50
0 -50.0 50
1 -50.0 50
2 -50.0 50
3 -50.0 50
0 -50.0 50
1 -14.0 14
2 -50.0 50
3 -50.0 50
0 -50.0 50
1 -50.0 50
2 -50.0 50
3 -50.0 50
0 -50.0 50
1 -34.0 34
2 -50.0 50
3 -22.0 22
0 -28.0 28
1 -50.0 50
2 -50.0 50
3 -29.0 29
0 -37.0 37
1 -50.0 50
2 -50.0 50
3 -50.0 50
0 -50.0 50
1 -50.0 50
2 -50.0 50
3 -50.0 50
0 -50.0 50
1 -41.0 41
2 -50.0 50
3 -50.0 50
0 -50.0 50
1 -50.0 50
2 -50.0 50
3 -33.0 33
0 -30.0 30
1 -50.0 50
2 -50.0 50
3 -50.0 50
0 -50.0 50
1 -50.0 50
2 -50.0 50
3 -24.0 24
0 -31.0 31
1 -50.0 50
2 -50.0 50
3 -50.0 50
0 -50.0 50
1 -50.0 50
2 -50.0 50
3 -50.0 50
0 -50.0 50
1 -50.0 50
2 -50.0 50
3 -39.0 39
0 -49.0 49
1 -50.0 50
2 -50.0 50
3 -50.0 50
0 -50.0 50
1 -50.0 50
2 -50.0 50
3 -38.0 38
0 -50.0 50
1 -50.0 50
2 -50.0 50
3 -50.0 50
0 -50.0 50
1 -19.0 19
2 -50.0 50
3 -50.0 50
0 -37.0 37
1 -50.0 50
2 -50.0 50
3 -22.0 22
0 -50.0 50
1 -43.0 43
2 -50.0 50
3 -50.0 50
0 -23.0 23
1 -50.0 50
2 -50.0 50
3 -38.0 38
0 -30.0 30
1 -50.0 50
2 -50.0 50
3 -50.0 50
0 -50.0 50
1 -23.0 23
2 -50.0 50
3 -38.0 38
0 -50.0 50
1 -50.0 50
2 -42.0 42
3 -50.0 50
0 -50.0 50
1 -50.0 50
2 -50.0 50
3 -50.0 50
0 -50.0 50
1 -50.0 50
2 -50.0 50
3 -50.0 50
