
0 -50.0 50
10 -50.0 50
20 -50.0 50
24 -50.0 50
0 -50.0 50
10 -50.0 50
20 -50.0 50
24 -50.0 50
0 -50.0 50
10 -50.0 50
20 -50.0 50
24 -50.0 50
0 -50.0 50
10 -50.0 50
20 -50.0 50
24 -50.0 50
0 -50.0 50
10 -50.0 50
20 -50.0 50
24 -50.0 50
0 -50.0 50
10 -50.0 50
20 -50.0 50
24 -50.0 50
0 -50.0 50
10 -50.0 50
20 -50.0 50
24 -50.0 50
0 -50.0 50
10 -50.0 50
20 -50.0 50
24 -50.0 50
0 -50.0 50
10 -50.0 50
20 -50.0 50
24 -50.0 50
0 -50.0 50
10 -50.0 50
20 -50.0 50
24 -50.0 50
0 -50.0 50
10 -50.0 50
20 -50.0 50
24 -50.0 50
0 -50.0 50
10 -50.0 50
20 -50.0 50
24 -50.0 50
0 -50.0 50
10 -50.0 50
20 -50.0 50
24 -50.0 50
0 -50.0 50
10 -50.0 50
20 -50.0 50
24 -50.0 50
0 -50.0 50
10 -50.0 50
20 -50.0 50
24 -50.0 50
0 -50.0 50
10 -50.0 50
20 -50.0 50
24 -50.0 50
0 -50.0 50
10 -50.0 50
20 -50.0 50
24 -50.0 50
0 -50.0 50
10 -50.0 50
20 -50.0 50
24 -50.0 50
0 -50.0 50
10 -50.0 50
20 -50.0 50
24 -50.0 50
0 -50.0 50
10 -50.0 50
20 -50.0 50
24 -50.0 50