
0 -50.0 50
9 -7.0 7
0 -50.0 50
9 -50.0 50
0 -50.0 50
9 -50.0 50
0 -50.0 50
9 -50.0 50
0 -50.0 50
9 -50.0 50
0 -50.0 50
9 -7.0 7
0 -50.0 50
9 -50.0 50
0 -50.0 50
9 -7.0 7
0 -50.0 50
9 -7.0 7
0 -50.0 50
9 -50.0 50
0 -50.0 50
9 -50.0 50
0 -50.0 50
9 -50.0 50
0 -50.0 50
9 -7.0 7
0 -50.0 50
9 -7.0 7
0 -50.0 50
9 -50.0 50
0 -50.0 50
9 -7.0 7
0 -50.0 50
9 -50.0 50
0 -50.0 50
9 -50.0 50
0 -50.0 50
9 -50.0 50
0 -50.0 50
9 -50.0 50
0 -50.0 50
9 -50.0 50
0 -50.0 50
9 -50.0 50
0 -50.0 50
9 -50.0 50
0 -50.0 50
9 -50.0 50
0 -50.0 50
9 -50.0 50
0 -50.0 50
9 -7.0 7
0 -50.0 50
9 -50.0 50
0 -50.0 50
9 -50.0 50
0 -50.0 50
9 -7.0 7
0 -50.0 50
9 -50.0 50
0 -50.0 50
9 -50.0 50
0 -50.0 50
9 -50.0 50
0 -50.0 50
9 -50.0 50
0 -50.0 50
9 -7.0 7
0 -50.0 50
9 -50.0 50
0 -50.0 50
9 -50.0 50
0 -50.0 50
9 -50.0 50
0 -50.0 50
9 -50.0 50
0 -50.0 50
9 -50.0 50
0 -50.0 50
9 -50.0 50