0 -50.0 50
1 -34.0 34
2 -50.0 50
3 -50.0 50
0 -28.0 28
1 -50.0 50
2 -50.0 50
3 -50.0 50
0 -50.0 50
1 -50.0 50
2 -31.0 31
3 -46.0 46
0 -50.0 50
1 -50.0 50
2 -50.0 50
3 -36.0 36
0 -50.0 50
1 -50.0 50
2 -50.0 50
3 -50.0 50
0 -50.0 50
1 -50.0 50
2 -44.0 44
3 -29.0 29
0 -40.0 40
1 -50.0 50
2 -50.0 50
3 -50.0 50
0 -50.0 50
1 -50.0 50
2 -34.0 34
3 -36.0 36
0 -35.0 35
1 -50.0 50
2 -50.0 50
3 -50.0 50
0 -50.0 50
1 -41.0 41
2 -50.0 50
3 -36.0 36
0 -50.0 50
1 -27.0 27
2 -50.0 50
3 -34.0 34
0 -30.0 30
1 -50.0 50
2 -50.0 50
3 -50.0 50
0 -23.0 23
1 -50.0 50
2 -50.0 50
3 -50.0 50
0 -50.0 50
1 -36.0 36
2 -29.0 29
3 -50.0 50
0 -50.0 50
1 -50.0 50
2 -23.0 23
3 -50.0 50
0 -50.0 50
1 -50.0 50
2 -35.0 35
3 -34.0 34
0 -50.0 50
1 -50.0 50
2 -50.0 50
3 -50.0 50
0 -26.0 26
1 -50.0 50
2 -50.0 50
3 -38.0 38
0 -38.0 38
1 -50.0 50
2 -50.0 50
3 -36.0 36
0 -50.0 50
1 -50.0 50
2 -50.0 50
3 -31.0 31
0 -38.0 38
1 -50.0 50
2 -50.0 50
3 -50.0 50
0 -34.0 34
1 -50.0 50
2 -50.0 50
3 -50.0 50
0 -35.0 35
1 -50.0 50
2 -50.0 50
3 -50.0 50
0 -29.0 29
1 -50.0 50
2 -50.0 50
3 -47.0 47
0 -50.0 50
1 -50.0 50
2 -50.0 50
3 -25.0 25
0 -40.0 40
1 -50.0 50
2 -50.0 50
3 -37.0 37
0 -50.0 50
1 -50.0 50
2 -50.0 50
3 -28.0 28
0 -50.0 50
1 -50.0 50
2 -50.0 50
3 -37.0 37
0 -50.0 50
1 -50.0 50
2 -50.0 50
3 -50.0 50
0 -50.0 50
1 -18.0 18
2 -43.0 43
3 -50.0 50
0 -46.0 46
1 -50.0 50
2 -50.0 50
3 -50.0 50
0 -50.0 50
1 -46.0 46
2 -50.0 50
3 -50.0 50
0 -50.0 50
1 -44.0 44
2 -50.0 50
3 -50.0 50
0 -22.0 22
1 -50.0 50
2 -50.0 50
3 -37.0 37
0 -50.0 50
1 -50.0 50
2 -32.0 32
3 -25.0 25
0 -50.0 50
1 -50.0 50
2 -50.0 50
3 -36.0 36
0 -50.0 50
1 -50.0 50
2 -28.0 28
3 -50.0 50
0 -50.0 50
1 -50.0 50
2 -50.0 50
3 -49.0 49
0 -50.0 50
1 -50.0 50
2 -44.0 44
3 -50.0 50
0 -50.0 50
1 -50.0 50
2 -31.0 31
3 -50.0 50
0 -50.0 50
1 -35.0 35
2 -43.0 43
3 -50.0 50
0 -50.0 50
1 -39.0 39
2 -43.0 43
3 -31.0 31
0 -50.0 50
1 -50.0 50
2 -50.0 50
3 -41.0 41
0 -50.0 50
1 -47.0 47
2 -50.0 50
3 -33.0 33
0 -50.0 50
1 -50.0 50
2 -27.0 27
3 -50.0 50
0 -50.0 50
1 -50.0 50
2 -50.0 50
3 -50.0 50
0 -50.0 50
1 -15.0 15
2 -44.0 44
3 -50.0 50
0 -29.0 29
1 -50.0 50
2 -50.0 50
3 -50.0 50
0 -45.0 45
1 -50.0 50
2 -26.0 26
3 -50.0 50
0 -50.0 50
1 -26.0 26
2 -50.0 50
3 -50.0 50
0 -50.0 50
1 -50.0 50
2 -50.0 50
3 -50.0 50
0 -50.0 50
1 -36.0 36
2 -50.0 50
3 -44.0 44
0 -50.0 50
1 -35.0 35
2 -50.0 50
3 -50.0 50
0 -50.0 50
1 -50.0 50
2 -50.0 50
3 -30.0 30
0 -50.0 50
1 -50.0 50
2 -50.0 50
3 -50.0 50
0 -50.0 50
1 -35.0 35
2 -50.0 50
3 -42.0 42
0 -26.0 26
1 -50.0 50
2 -50.0 50
3 -50.0 50
0 -50.0 50
1 -50.0 50
2 -50.0 50
3 -20.0 20
0 -50.0 50
1 -50.0 50
2 -15.0 15
3 -39.0 39
0 -50.0 50
1 -50.0 50
2 -25.0 25
3 -50.0 50
0 -37.0 37
1 -50.0 50
2 -50.0 50
3 -27.0 27
0 -50.0 50
1 -36.0 36
2 -49.0 49
3 -50.0 50
0 -50.0 50
1 -50.0 50
2 -24.0 24
3 -50.0 50
0 -50.0 50
1 -31.0 31
2 -50.0 50
3 -50.0 50
0 -50.0 50
1 -50.0 50
2 -31.0 31
3 -50.0 50
0 -37.0 37
1 -50.0 50
2 -50.0 50
3 -43.0 43
0 -50.0 50
1 -50.0 50
2 -14.0 14
3 -22.0 22
0 -50.0 50
1 -22.0 22
2 -50.0 50
3 -50.0 50
0 -50.0 50
1 -50.0 50
2 -50.0 50
3 -50.0 50
0 -50.0 50
1 -32.0 32
2 -50.0 50
3 -35.0 35
0 -50.0 50
1 -50.0 50
2 -50.0 50
3 -50.0 50
0 -50.0 50
1 -50.0 50
2 -33.0 33
3 -50.0 50
0 -50.0 50
1 -41.0 41
2 -50.0 50
3 -34.0 34
0 -50.0 50
1 -49.0 49
2 -23.0 23
3 -50.0 50
0 -50.0 50
1 -38.0 38
2 -50.0 50
3 -50.0 50
0 -50.0 50
1 -20.0 20
2 -50.0 50
3 -31.0 31
0 -50.0 50
1 -50.0 50
2 -25.0 25
3 -40.0 40
0 -50.0 50
1 -50.0 50
2 -34.0 34
3 -37.0 37
0 -50.0 50
1 -29.0 29
2 -50.0 50
3 -40.0 40
0 -50.0 50
1 -50.0 50
2 -44.0 44
3 -37.0 37
0 -50.0 50
1 -50.0 50
2 -50.0 50
3 -34.0 34
0 -33.0 33
1 -50.0 50
2 -50.0 50
3 -50.0 50
0 -18.0 18
1 -50.0 50
2 -50.0 50
3 -50.0 50
0 -50.0 50
1 -20.0 20
2 -50.0 50
3 -50.0 50
0 -50.0 50
1 -48.0 48
2 -50.0 50
3 -22.0 22
0 -50.0 50
1 -50.0 50
2 -41.0 41
3 -32.0 32
0 -50.0 50
1 -37.0 37
2 -50.0 50
3 -41.0 41
0 -50.0 50
1 -50.0 50
2 -28.0 28
3 -50.0 50
0 -50.0 50
1 -31.0 31
2 -50.0 50
3 -50.0 50
0 -50.0 50
1 -50.0 50
2 -28.0 28
3 -31.0 31
0 -19.0 19
1 -50.0 50
2 -50.0 50
3 -50.0 50
0 -50.0 50
1 -50.0 50
2 -50.0 50
3 -28.0 28
0 -50.0 50
1 -50.0 50
2 -50.0 50
3 -25.0 25
0 -50.0 50
1 -50.0 50
2 -19.0 19
3 -50.0 50
0 -50.0 50
1 -39.0 39
2 -50.0 50
3 -50.0 50
0 -50.0 50
1 -50.0 50
2 -23.0 23
3 -25.0 25
0 -39.0 39
1 -50.0 50
2 -50.0 50
3 -50.0 50
0 -50.0 50
1 -50.0 50
2 -50.0 50
3 -50.0 50
0 -50.0 50
1 -50.0 50
2 -41.0 41
3 -50.0 50
0 -50.0 50
1 -50.0 50
2 -50.0 50
3 -39.0 39
