0 -50.0 50
1 -32.0 32
2 -50.0 50
3 -50.0 50
4 -21.0 21
5 -33.0 33
6 -32.0 32
7 -11.0 11
8 -7.0 7
9 -8.0 8
10 -13.0 13
11 -9.0 9
0 -50.0 50
1 -50.0 50
2 -48.0 48
3 -50.0 50
4 -50.0 50
5 -36.0 36
6 -15.0 15
7 -13.0 13
8 -7.0 7
9 -13.0 13
10 -18.0 18
11 -9.0 9
0 -30.0 30
1 -50.0 50
2 -50.0 50
3 -25.0 25
4 -50.0 50
5 -50.0 50
6 -50.0 50
7 -26.0 26
8 -14.0 14
9 -9.0 9
10 -7.0 7
11 -7.0 7
0 -50.0 50
1 -50.0 50
2 -50.0 50
3 -50.0 50
4 -45.0 45
5 -29.0 29
6 -17.0 17
7 -12.0 12
8 -11.0 11
9 -13.0 13
10 -12.0 12
11 -17.0 17
0 -50.0 50
1 -50.0 50
2 -50.0 50
3 -33.0 33
4 -50.0 50
5 -26.0 26
6 -37.0 37
7 -24.0 24
8 -14.0 14
9 -11.0 11
10 -8.0 8
11 -10.0 10
0 -50.0 50
1 -50.0 50
2 -35.0 35
3 -36.0 36
4 -50.0 50
5 -38.0 38
6 -16.0 16
7 -11.0 11
8 -18.0 18
9 -11.0 11
10 -10.0 10
11 -7.0 7
0 -50.0 50
1 -50.0 50
2 -17.0 17
3 -50.0 50
4 -50.0 50
5 -39.0 39
6 -17.0 17
7 -22.0 22
8 -41.0 41
9 -50.0 50
10 -37.0 37
11 -13.0 13
0 -50.0 50
1 -50.0 50
2 -38.0 38
3 -37.0 37
4 -50.0 50
5 -20.0 20
6 -27.0 27
7 -31.0 31
8 -50.0 50
9 -50.0 50
10 -22.0 22
11 -9.0 9
0 -50.0 50
1 -50.0 50
2 -50.0 50
3 -50.0 50
4 -25.0 25
5 -50.0 50
6 -13.0 13
7 -13.0 13
8 -13.0 13
9 -12.0 12
10 -9.0 9
11 -7.0 7
0 -50.0 50
1 -50.0 50
2 -42.0 42
3 -50.0 50
4 -49.0 49
5 -14.0 14
6 -13.0 13
7 -9.0 9
8 -15.0 15
9 -10.0 10
10 -10.0 10
11 -18.0 18
0 -50.0 50
1 -47.0 47
2 -50.0 50
3 -35.0 35
4 -30.0 30
5 -50.0 50
6 -50.0 50
7 -21.0 21
8 -16.0 16
9 -14.0 14
10 -31.0 31
11 -9.0 9
0 -50.0 50
1 -50.0 50
2 -21.0 21
3 -50.0 50
4 -50.0 50
5 -20.0 20
6 -23.0 23
7 -10.0 10
8 -13.0 13
9 -50.0 50
10 -33.0 33
11 -12.0 12
0 -50.0 50
1 -50.0 50
2 -50.0 50
3 -47.0 47
4 -50.0 50
5 -15.0 15
6 -17.0 17
7 -23.0 23
8 -50.0 50
9 -41.0 41
10 -19.0 19
11 -12.0 12
0 -50.0 50
1 -50.0 50
2 -50.0 50
3 -50.0 50
4 -34.0 34
5 -33.0 33
6 -24.0 24
7 -20.0 20
8 -50.0 50
9 -9.0 9
10 -14.0 14
11 -9.0 9
0 -50.0 50
1 -50.0 50
2 -46.0 46
3 -50.0 50
4 -50.0 50
5 -34.0 34
6 -17.0 17
7 -14.0 14
8 -11.0 11
9 -7.0 7
10 -8.0 8
11 -7.0 7
0 -50.0 50
1 -50.0 50
2 -50.0 50
3 -49.0 49
4 -25.0 25
5 -43.0 43
6 -12.0 12
7 -36.0 36
8 -19.0 19
9 -14.0 14
10 -11.0 11
11 -7.0 7
0 -22.0 22
1 -50.0 50
2 -50.0 50
3 -50.0 50
4 -50.0 50
5 -50.0 50
6 -50.0 50
7 -35.0 35
8 -7.0 7
9 -9.0 9
10 -7.0 7
11 -7.0 7
0 -26.0 26
1 -50.0 50
2 -50.0 50
3 -44.0 44
4 -50.0 50
5 -50.0 50
6 -50.0 50
7 -50.0 50
8 -50.0 50
9 -33.0 33
10 -7.0 7
11 -7.0 7
0 -50.0 50
1 -50.0 50
2 -33.0 33
3 -50.0 50
4 -50.0 50
5 -17.0 17
6 -14.0 14
7 -23.0 23
8 -24.0 24
9 -42.0 42
10 -26.0 26
11 -27.0 27
0 -50.0 50
1 -50.0 50
2 -50.0 50
3 -50.0 50
4 -22.0 22
5 -50.0 50
6 -35.0 35
7 -46.0 46
8 -7.0 7
9 -13.0 13
10 -25.0 25
11 -12.0 12
