
0 -50.0 50
10 -50.0 50
20 -50.0 50
30 -50.0 50
40 -50.0 50
49 -50.0 50
0 -50.0 50
10 -50.0 50
20 -50.0 50
30 -50.0 50
40 -50.0 50
49 -50.0 50
0 -50.0 50
10 -50.0 50
20 -50.0 50
30 -50.0 50
40 -50.0 50
49 -50.0 50
0 -50.0 50
10 -50.0 50
20 -50.0 50
30 -50.0 50
40 -50.0 50
49 -9.0 9
0 -50.0 50
10 -50.0 50
20 -50.0 50
30 -50.0 50
40 -50.0 50
49 -50.0 50
0 -50.0 50
10 -50.0 50
20 -50.0 50
30 -50.0 50
40 -50.0 50
49 -50.0 50
0 -50.0 50
10 -50.0 50
20 -50.0 50
30 -50.0 50
40 -50.0 50
49 -50.0 50
0 -50.0 50
10 -50.0 50
20 -50.0 50
30 -50.0 50
40 -50.0 50
49 -50.0 50
0 -50.0 50
10 -50.0 50
20 -50.0 50
30 -50.0 50
40 -50.0 50
49 -50.0 50
0 -50.0 50
10 -50.0 50
20 -50.0 50
30 -50.0 50
40 -50.0 50
49 -50.0 50
0 -50.0 50
10 -50.0 50
20 -50.0 50
30 -50.0 50
40 -50.0 50
49 -50.0 50
0 -50.0 50
10 -50.0 50
20 -50.0 50
30 -50.0 50
40 -50.0 50
49 -50.0 50
0 -50.0 50
10 -50.0 50
20 -50.0 50
30 -50.0 50
40 -50.0 50
49 -50.0 50
0 -50.0 50
10 -50.0 50
20 -50.0 50
30 -50.0 50
40 -50.0 50
49 -50.0 50
0 -50.0 50
10 -50.0 50
20 -50.0 50
30 -50.0 50
40 -50.0 50
49 -50.0 50
0 -50.0 50
10 -50.0 50
20 -50.0 50
30 -50.0 50
40 -50.0 50
49 -50.0 50
0 -50.0 50
10 -50.0 50
20 -50.0 50
30 -50.0 50
40 -50.0 50
49 -50.0 50
0 -50.0 50
10 -50.0 50
20 -50.0 50
30 -50.0 50
40 -50.0 50
49 -50.0 50
0 -50.0 50
10 -50.0 50
20 -50.0 50
30 -50.0 50
40 -50.0 50
49 -50.0 50
0 -50.0 50
10 -50.0 50
20 -50.0 50
30 -50.0 50
40 -50.0 50
49 -50.0 50