0 -50.0 50
1 -41.0 41
2 -50.0 50
3 -37.0 37
4 -50.0 50
5 -50.0 50
6 -50.0 50
7 -38.0 38
8 -7.0 7
9 -11.0 11
10 -15.0 15
11 -7.0 7
12 -15.0 15
13 -18.0 18
14 -13.0 13
15 -7.0 7
16 -7.0 7
17 -7.0 7
0 -50.0 50
1 -50.0 50
2 -49.0 49
3 -50.0 50
4 -18.0 18
5 -8.0 8
6 -15.0 15
7 -50.0 50
8 -28.0 28
9 -25.0 25
10 -21.0 21
11 -21.0 21
12 -22.0 22
13 -14.0 14
14 -13.0 13
15 -14.0 14
16 -7.0 7
17 -9.0 9
0 -50.0 50
1 -50.0 50
2 -23.0 23
3 -16.0 16
4 -32.0 32
5 -50.0 50
6 -50.0 50
7 -44.0 44
8 -15.0 15
9 -50.0 50
10 -18.0 18
11 -14.0 14
12 -9.0 9
13 -13.0 13
14 -13.0 13
15 -7.0 7
16 -7.0 7
17 -7.0 7
0 -50.0 50
1 -50.0 50
2 -50.0 50
3 -33.0 33
4 -50.0 50
5 -17.0 17
6 -7.0 7
7 -9.0 9
8 -12.0 12
9 -11.0 11
10 -11.0 11
11 -19.0 19
12 -26.0 26
13 -50.0 50
14 -9.0 9
15 -7.0 7
16 -7.0 7
17 -7.0 7
0 -50.0 50
1 -46.0 46
2 -50.0 50
3 -40.0 40
4 -28.0 28
5 -23.0 23
6 -50.0 50
7 -34.0 34
8 -20.0 20
9 -20.0 20
10 -18.0 18
11 -10.0 10
12 -12.0 12
13 -7.0 7
14 -24.0 24
15 -7.0 7
16 -7.0 7
17 -7.0 7
0 -46.0 46
1 -50.0 50
2 -50.0 50
3 -17.0 17
4 -43.0 43
5 -16.0 16
6 -28.0 28
7 -50.0 50
8 -44.0 44
9 -15.0 15
10 -40.0 40
11 -14.0 14
12 -7.0 7
13 -9.0 9
14 -12.0 12
15 -9.0 9
16 -7.0 7
17 -7.0 7
0 -50.0 50
1 -50.0 50
2 -30.0 30
3 -50.0 50
4 -50.0 50
5 -50.0 50
6 -20.0 20
7 -14.0 14
8 -10.0 10
9 -10.0 10
10 -14.0 14
11 -13.0 13
12 -12.0 12
13 -7.0 7
14 -10.0 10
15 -10.0 10
16 -9.0 9
17 -8.0 8
0 -50.0 50
1 -50.0 50
2 -9.0 9
3 -50.0 50
4 -50.0 50
5 -34.0 34
6 -17.0 17
7 -24.0 24
8 -29.0 29
9 -20.0 20
10 -50.0 50
11 -26.0 26
12 -12.0 12
13 -12.0 12
14 -7.0 7
15 -9.0 9
16 -7.0 7
17 -7.0 7
0 -50.0 50
1 -50.0 50
2 -35.0 35
3 -50.0 50
4 -17.0 17
5 -27.0 27
6 -10.0 10
7 -9.0 9
8 -16.0 16
9 -24.0 24
10 -50.0 50
11 -18.0 18
12 -17.0 17
13 -19.0 19
14 -7.0 7
15 -12.0 12
16 -10.0 10
17 -7.0 7
0 -50.0 50
1 -50.0 50
2 -50.0 50
3 -50.0 50
4 -29.0 29
5 -37.0 37
6 -13.0 13
7 -13.0 13
8 -11.0 11
9 -8.0 8
10 -36.0 36
11 -48.0 48
12 -13.0 13
13 -9.0 9
14 -19.0 19
15 -16.0 16
16 -10.0 10
17 -7.0 7
0 -50.0 50
1 -50.0 50
2 -50.0 50
3 -50.0 50
4 -26.0 26
5 -28.0 28
6 -26.0 26
7 -43.0 43
8 -23.0 23
9 -50.0 50
10 -50.0 50
11 -20.0 20
12 -14.0 14
13 -10.0 10
14 -10.0 10
15 -13.0 13
16 -11.0 11
17 -11.0 11
0 -50.0 50
1 -50.0 50
2 -50.0 50
3 -50.0 50
4 -19.0 19
5 -50.0 50
6 -29.0 29
7 -16.0 16
8 -21.0 21
9 -18.0 18
10 -17.0 17
11 -50.0 50
12 -48.0 48
13 -11.0 11
14 -7.0 7
15 -14.0 14
16 -9.0 9
17 -9.0 9
0 -50.0 50
1 -50.0 50
2 -50.0 50
3 -25.0 25
4 -50.0 50
5 -50.0 50
6 -34.0 34
7 -30.0 30
8 -17.0 17
9 -9.0 9
10 -10.0 10
11 -11.0 11
12 -16.0 16
13 -13.0 13
14 -15.0 15
15 -17.0 17
16 -42.0 42
17 -11.0 11
0 -50.0 50
1 -42.0 42
2 -50.0 50
3 -17.0 17
4 -50.0 50
5 -39.0 39
6 -43.0 43
7 -50.0 50
8 -28.0 28
9 -7.0 7
10 -7.0 7
11 -9.0 9
12 -9.0 9
13 -10.0 10
14 -9.0 9
15 -9.0 9
16 -7.0 7
17 -7.0 7
0 -50.0 50
1 -50.0 50
2 -34.0 34
3 -50.0 50
4 -29.0 29
5 -50.0 50
6 -23.0 23
7 -50.0 50
8 -33.0 33
9 -11.0 11
10 -9.0 9
11 -17.0 17
12 -50.0 50
13 -40.0 40
14 -19.0 19
15 -14.0 14
16 -15.0 15
17 -11.0 11
0 -50.0 50
1 -23.0 23
2 -50.0 50
3 -50.0 50
4 -50.0 50
5 -35.0 35
6 -20.0 20
7 -12.0 12
8 -12.0 12
9 -7.0 7
10 -12.0 12
11 -13.0 13
12 -8.0 8
13 -13.0 13
14 -12.0 12
15 -7.0 7
16 -8.0 8
17 -11.0 11
0 -50.0 50
1 -19.0 19
2 -50.0 50
3 -26.0 26
4 -50.0 50
5 -50.0 50
6 -44.0 44
7 -17.0 17
8 -18.0 18
9 -50.0 50
10 -33.0 33
11 -13.0 13
12 -8.0 8
13 -7.0 7
14 -10.0 10
15 -9.0 9
16 -8.0 8
17 -7.0 7
0 -50.0 50
1 -50.0 50
2 -50.0 50
3 -50.0 50
4 -28.0 28
5 -24.0 24
6 -50.0 50
7 -34.0 34
8 -18.0 18
9 -16.0 16
10 -10.0 10
11 -14.0 14
12 -9.0 9
13 -9.0 9
14 -7.0 7
15 -7.0 7
16 -12.0 12
17 -10.0 10
0 -50.0 50
1 -27.0 27
2 -50.0 50
3 -33.0 33
4 -50.0 50
5 -50.0 50
6 -50.0 50
7 -13.0 13
8 -14.0 14
9 -33.0 33
10 -19.0 19
11 -12.0 12
12 -15.0 15
13 -44.0 44
14 -27.0 27
15 -7.0 7
16 -9.0 9
17 -7.0 7
0 -50.0 50
1 -50.0 50
2 -24.0 24
3 -50.0 50
4 -9.0 9
5 -29.0 29
6 -38.0 38
7 -50.0 50
8 -27.0 27
9 -21.0 21
10 -41.0 41
11 -12.0 12
12 -10.0 10
13 -50.0 50
14 -10.0 10
15 -7.0 7
16 -7.0 7
17 -7.0 7
0 -50.0 50
1 -34.0 34
2 -50.0 50
3 -50.0 50
4 -50.0 50
5 -21.0 21
6 -49.0 49
7 -32.0 32
8 -12.0 12
9 -10.0 10
10 -14.0 14
11 -17.0 17
12 -17.0 17
13 -12.0 12
14 -7.0 7
15 -7.0 7
16 -7.0 7
17 -7.0 7
0 -50.0 50
1 -43.0 43
2 -27.0 27
3 -50.0 50
4 -50.0 50
5 -50.0 50
6 -50.0 50
7 -27.0 27
8 -15.0 15
9 -8.0 8
10 -9.0 9
11 -18.0 18
12 -9.0 9
13 -7.0 7
14 -11.0 11
15 -7.0 7
16 -7.0 7
17 -7.0 7
0 -50.0 50
1 -50.0 50
2 -50.0 50
3 -50.0 50
4 -30.0 30
5 -15.0 15
6 -16.0 16
7 -50.0 50
8 -26.0 26
9 -14.0 14
10 -29.0 29
11 -14.0 14
12 -9.0 9
13 -8.0 8
14 -8.0 8
15 -7.0 7
16 -8.0 8
17 -7.0 7
0 -50.0 50
1 -50.0 50
2 -30.0 30
3 -50.0 50
4 -50.0 50
5 -50.0 50
6 -29.0 29
7 -50.0 50
8 -27.0 27
9 -17.0 17
10 -9.0 9
11 -10.0 10
12 -16.0 16
13 -13.0 13
14 -15.0 15
15 -7.0 7
16 -7.0 7
17 -7.0 7
0 -23.0 23
1 -50.0 50
2 -50.0 50
3 -50.0 50
4 -50.0 50
5 -38.0 38
6 -35.0 35
7 -23.0 23
8 -16.0 16
9 -8.0 8
10 -15.0 15
11 -16.0 16
12 -14.0 14
13 -11.0 11
14 -9.0 9
15 -7.0 7
16 -7.0 7
17 -42.0 42
0 -50.0 50
1 -50.0 50
2 -44.0 44
3 -36.0 36
4 -39.0 39
5 -20.0 20
6 -50.0 50
7 -16.0 16
8 -7.0 7
9 -14.0 14
10 -12.0 12
11 -7.0 7
12 -18.0 18
13 -37.0 37
14 -50.0 50
15 -49.0 49
16 -12.0 12
17 -7.0 7
0 -36.0 36
1 -50.0 50
2 -50.0 50
3 -50.0 50
4 -37.0 37
5 -43.0 43
6 -19.0 19
7 -27.0 27
8 -20.0 20
9 -50.0 50
10 -36.0 36
11 -18.0 18
12 -7.0 7
13 -10.0 10
14 -8.0 8
15 -7.0 7
16 -7.0 7
17 -7.0 7
0 -50.0 50
1 -50.0 50
2 -30.0 30
3 -50.0 50
4 -50.0 50
5 -19.0 19
6 -36.0 36
7 -45.0 45
8 -22.0 22
9 -14.0 14
10 -10.0 10
11 -7.0 7
12 -12.0 12
13 -7.0 7
14 -8.0 8
15 -8.0 8
16 -9.0 9
17 -7.0 7
0 -50.0 50
1 -19.0 19
2 -46.0 46
3 -50.0 50
4 -50.0 50
5 -42.0 42
6 -50.0 50
7 -45.0 45
8 -43.0 43
9 -8.0 8
10 -11.0 11
11 -15.0 15
12 -9.0 9
13 -17.0 17
14 -7.0 7
15 -7.0 7
16 -7.0 7
17 -9.0 9
0 -50.0 50
1 -45.0 45
2 -50.0 50
3 -50.0 50
4 -33.0 33
5 -50.0 50
6 -41.0 41
7 -19.0 19
8 -10.0 10
9 -7.0 7
10 -7.0 7
11 -10.0 10
12 -7.0 7
13 -7.0 7
14 -7.0 7
15 -9.0 9
16 -11.0 11
17 -7.0 7
0 -50.0 50
1 -50.0 50
2 -32.0 32
3 -50.0 50
4 -36.0 36
5 -44.0 44
6 -25.0 25
7 -47.0 47
8 -28.0 28
9 -36.0 36
10 -33.0 33
11 -9.0 9
12 -8.0 8
13 -8.0 8
14 -7.0 7
15 -7.0 7
16 -9.0 9
17 -7.0 7
0 -50.0 50
1 -50.0 50
2 -30.0 30
3 -50.0 50
4 -36.0 36
5 -39.0 39
6 -50.0 50
7 -36.0 36
8 -24.0 24
9 -13.0 13
10 -10.0 10
11 -10.0 10
12 -19.0 19
13 -39.0 39
14 -14.0 14
15 -11.0 11
16 -9.0 9
17 -7.0 7
0 -50.0 50
1 -50.0 50
2 -49.0 49
3 -50.0 50
4 -50.0 50
5 -17.0 17
6 -50.0 50
7 -17.0 17
8 -21.0 21
9 -16.0 16
10 -49.0 49
11 -12.0 12
12 -11.0 11
13 -11.0 11
14 -7.0 7
15 -7.0 7
16 -7.0 7
17 -7.0 7
0 -50.0 50
1 -50.0 50
2 -50.0 50
3 -50.0 50
4 -17.0 17
5 -22.0 22
6 -32.0 32
7 -35.0 35
8 -21.0 21
9 -50.0 50
10 -28.0 28
11 -30.0 30
12 -18.0 18
13 -17.0 17
14 -13.0 13
15 -11.0 11
16 -7.0 7
17 -7.0 7
0 -50.0 50
1 -50.0 50
2 -25.0 25
3 -38.0 38
4 -50.0 50
5 -36.0 36
6 -50.0 50
7 -20.0 20
8 -11.0 11
9 -28.0 28
10 -50.0 50
11 -15.0 15
12 -8.0 8
13 -7.0 7
14 -7.0 7
15 -7.0 7
16 -9.0 9
17 -7.0 7
0 -35.0 35
1 -50.0 50
2 -50.0 50
3 -50.0 50
4 -45.0 45
5 -36.0 36
6 -22.0 22
7 -48.0 48
8 -23.0 23
9 -14.0 14
10 -9.0 9
11 -10.0 10
12 -7.0 7
13 -7.0 7
14 -8.0 8
15 -9.0 9
16 -37.0 37
17 -7.0 7
0 -50.0 50
1 -43.0 43
2 -50.0 50
3 -16.0 16
4 -50.0 50
5 -37.0 37
6 -50.0 50
7 -32.0 32
8 -25.0 25
9 -13.0 13
10 -19.0 19
11 -8.0 8
12 -7.0 7
13 -7.0 7
14 -8.0 8
15 -7.0 7
16 -7.0 7
17 -9.0 9
0 -50.0 50
1 -50.0 50
2 -50.0 50
3 -33.0 33
4 -38.0 38
5 -50.0 50
6 -50.0 50
7 -29.0 29
8 -37.0 37
9 -16.0 16
10 -15.0 15
11 -7.0 7
12 -9.0 9
13 -8.0 8
14 -11.0 11
15 -11.0 11
16 -10.0 10
17 -7.0 7
0 -50.0 50
1 -50.0 50
2 -27.0 27
3 -50.0 50
4 -50.0 50
5 -48.0 48
6 -45.0 45
7 -48.0 48
8 -21.0 21
9 -7.0 7
10 -7.0 7
11 -9.0 9
12 -10.0 10
13 -8.0 8
14 -7.0 7
15 -11.0 11
16 -13.0 13
17 -10.0 10
0 -50.0 50
1 -34.0 34
2 -50.0 50
3 -21.0 21
4 -50.0 50
5 -50.0 50
6 -13.0 13
7 -50.0 50
8 -48.0 48
9 -28.0 28
10 -10.0 10
11 -31.0 31
12 -15.0 15
13 -13.0 13
14 -14.0 14
15 -11.0 11
16 -12.0 12
17 -11.0 11
