0 -50.0 50
1 -50.0 50
2 -50.0 50
3 -27.0 27
4 -20.0 20
5 -45.0 45
6 -26.0 26
7 -38.0 38
8 -20.0 20
9 -16.0 16
10 -50.0 50
11 -16.0 16
12 -12.0 12
13 -22.0 22
14 -13.0 13
15 -13.0 13
16 -12.0 12
17 -13.0 13
18 -10.0 10
19 -9.0 9
20 -12.0 12
21 -17.0 17
22 -9.0 9
23 -7.0 7
24 -7.0 7
25 -7.0 7
0 -50.0 50
1 -50.0 50
2 -50.0 50
3 -50.0 50
4 -14.0 14
5 -10.0 10
6 -36.0 36
7 -21.0 21
8 -50.0 50
9 -42.0 42
10 -29.0 29
11 -14.0 14
12 -10.0 10
13 -7.0 7
14 -10.0 10
15 -7.0 7
16 -8.0 8
17 -10.0 10
18 -7.0 7
19 -8.0 8
20 -8.0 8
21 -7.0 7
22 -8.0 8
23 -7.0 7
24 -7.0 7
25 -7.0 7
0 -50.0 50
1 -50.0 50
2 -50.0 50
3 -50.0 50
4 -18.0 18
5 -35.0 35
6 -50.0 50
7 -16.0 16
8 -22.0 22
9 -20.0 20
10 -38.0 38
11 -15.0 15
12 -13.0 13
13 -14.0 14
14 -7.0 7
15 -9.0 9
16 -9.0 9
17 -14.0 14
18 -8.0 8
19 -7.0 7
20 -9.0 9
21 -9.0 9
22 -7.0 7
23 -7.0 7
24 -7.0 7
25 -7.0 7
0 -50.0 50
1 -50.0 50
2 -50.0 50
3 -50.0 50
4 -21.0 21
5 -14.0 14
6 -14.0 14
7 -19.0 19
8 -18.0 18
9 -50.0 50
10 -17.0 17
11 -27.0 27
12 -18.0 18
13 -7.0 7
14 -8.0 8
15 -7.0 7
16 -7.0 7
17 -7.0 7
18 -7.0 7
19 -7.0 7
20 -12.0 12
21 -10.0 10
22 -7.0 7
23 -13.0 13
24 -13.0 13
25 -9.0 9
0 -50.0 50
1 -50.0 50
2 -29.0 29
3 -50.0 50
4 -50.0 50
5 -50.0 50
6 -34.0 34
7 -50.0 50
8 -15.0 15
9 -10.0 10
10 -8.0 8
11 -16.0 16
12 -15.0 15
13 -7.0 7
14 -8.0 8
15 -9.0 9
16 -14.0 14
17 -13.0 13
18 -16.0 16
19 -10.0 10
20 -17.0 17
21 -9.0 9
22 -7.0 7
23 -7.0 7
24 -7.0 7
25 -7.0 7
0 -50.0 50
1 -43.0 43
2 -50.0 50
3 -50.0 50
4 -50.0 50
5 -38.0 38
6 -31.0 31
7 -15.0 15
8 -17.0 17
9 -11.0 11
10 -7.0 7
11 -11.0 11
12 -11.0 11
13 -12.0 12
14 -8.0 8
15 -7.0 7
16 -11.0 11
17 -10.0 10
18 -11.0 11
19 -12.0 12
20 -7.0 7
21 -8.0 8
22 -7.0 7
23 -7.0 7
24 -7.0 7
25 -7.0 7
0 -39.0 39
1 -50.0 50
2 -50.0 50
3 -50.0 50
4 -21.0 21
5 -36.0 36
6 -25.0 25
7 -18.0 18
8 -43.0 43
9 -27.0 27
10 -45.0 45
11 -27.0 27
12 -25.0 25
13 -13.0 13
14 -7.0 7
15 -11.0 11
16 -7.0 7
17 -7.0 7
18 -7.0 7
19 -8.0 8
20 -7.0 7
21 -7.0 7
22 -7.0 7
23 -7.0 7
24 -7.0 7
25 -7.0 7
0 -50.0 50
1 -44.0 44
2 -50.0 50
3 -50.0 50
4 -43.0 43
5 -50.0 50
6 -43.0 43
7 -8.0 8
8 -17.0 17
9 -30.0 30
10 -18.0 18
11 -16.0 16
12 -9.0 9
13 -10.0 10
14 -11.0 11
15 -9.0 9
16 -9.0 9
17 -7.0 7
18 -7.0 7
19 -9.0 9
20 -7.0 7
21 -7.0 7
22 -11.0 11
23 -7.0 7
24 -7.0 7
25 -7.0 7
0 -50.0 50
1 -32.0 32
2 -50.0 50
3 -50.0 50
4 -50.0 50
5 -50.0 50
6 -19.0 19
7 -48.0 48
8 -21.0 21
9 -10.0 10
10 -7.0 7
11 -11.0 11
12 -15.0 15
13 -7.0 7
14 -7.0 7
15 -7.0 7
16 -8.0 8
17 -9.0 9
18 -10.0 10
19 -20.0 20
20 -22.0 22
21 -14.0 14
22 -7.0 7
23 -7.0 7
24 -7.0 7
25 -7.0 7
0 -31.0 31
1 -50.0 50
2 -50.0 50
3 -50.0 50
4 -50.0 50
5 -39.0 39
6 -19.0 19
7 -24.0 24
8 -50.0 50
9 -45.0 45
10 -36.0 36
11 -29.0 29
12 -7.0 7
13 -7.0 7
14 -9.0 9
15 -7.0 7
16 -9.0 9
17 -8.0 8
18 -10.0 10
19 -9.0 9
20 -7.0 7
21 -10.0 10
22 -7.0 7
23 -7.0 7
24 -7.0 7
25 -7.0 7
0 -50.0 50
1 -50.0 50
2 -19.0 19
3 -50.0 50
4 -36.0 36
5 -50.0 50
6 -31.0 31
7 -13.0 13
8 -33.0 33
9 -37.0 37
10 -50.0 50
11 -24.0 24
12 -7.0 7
13 -9.0 9
14 -9.0 9
15 -8.0 8
16 -7.0 7
17 -7.0 7
18 -7.0 7
19 -8.0 8
20 -7.0 7
21 -7.0 7
22 -7.0 7
23 -8.0 8
24 -7.0 7
25 -7.0 7
0 -44.0 44
1 -50.0 50
2 -50.0 50
3 -50.0 50
4 -50.0 50
5 -50.0 50
6 -45.0 45
7 -18.0 18
8 -7.0 7
9 -10.0 10
10 -11.0 11
11 -11.0 11
12 -7.0 7
13 -7.0 7
14 -7.0 7
15 -9.0 9
16 -8.0 8
17 -17.0 17
18 -7.0 7
19 -14.0 14
20 -11.0 11
21 -12.0 12
22 -15.0 15
23 -10.0 10
24 -7.0 7
25 -7.0 7
0 -50.0 50
1 -23.0 23
2 -50.0 50
3 -50.0 50
4 -50.0 50
5 -50.0 50
6 -29.0 29
7 -9.0 9
8 -9.0 9
9 -15.0 15
10 -8.0 8
11 -12.0 12
12 -12.0 12
13 -12.0 12
14 -7.0 7
15 -9.0 9
16 -17.0 17
17 -15.0 15
18 -10.0 10
19 -7.0 7
20 -8.0 8
21 -8.0 8
22 -7.0 7
23 -7.0 7
24 -9.0 9
25 -7.0 7
0 -50.0 50
1 -50.0 50
2 -42.0 42
3 -20.0 20
4 -50.0 50
5 -50.0 50
6 -50.0 50
7 -18.0 18
8 -16.0 16
9 -10.0 10
10 -8.0 8
11 -7.0 7
12 -16.0 16
13 -12.0 12
14 -16.0 16
15 -8.0 8
16 -8.0 8
17 -7.0 7
18 -7.0 7
19 -7.0 7
20 -13.0 13
21 -14.0 14
22 -13.0 13
23 -7.0 7
24 -7.0 7
25 -7.0 7
0 -24.0 24
1 -50.0 50
2 -50.0 50
3 -50.0 50
4 -32.0 32
5 -50.0 50
6 -50.0 50
7 -32.0 32
8 -30.0 30
9 -32.0 32
10 -31.0 31
11 -7.0 7
12 -7.0 7
13 -7.0 7
14 -7.0 7
15 -7.0 7
16 -7.0 7
17 -7.0 7
18 -7.0 7
19 -7.0 7
20 -8.0 8
21 -7.0 7
22 -7.0 7
23 -7.0 7
24 -7.0 7
25 -7.0 7
0 -50.0 50
1 -33.0 33
2 -50.0 50
3 -50.0 50
4 -50.0 50
5 -9.0 9
6 -15.0 15
7 -32.0 32
8 -50.0 50
9 -30.0 30
10 -12.0 12
11 -7.0 7
12 -7.0 7
13 -7.0 7
14 -14.0 14
15 -7.0 7
16 -7.0 7
17 -7.0 7
18 -7.0 7
19 -8.0 8
20 -7.0 7
21 -7.0 7
22 -7.0 7
23 -7.0 7
24 -7.0 7
25 -7.0 7
0 -50.0 50
1 -50.0 50
2 -50.0 50
3 -24.0 24
4 -50.0 50
5 -50.0 50
6 -28.0 28
7 -35.0 35
8 -16.0 16
9 -14.0 14
10 -7.0 7
11 -7.0 7
12 -12.0 12
13 -15.0 15
14 -7.0 7
15 -7.0 7
16 -9.0 9
17 -7.0 7
18 -9.0 9
19 -8.0 8
20 -7.0 7
21 -9.0 9
22 -7.0 7
23 -7.0 7
24 -7.0 7
25 -7.0 7
0 -50.0 50
1 -50.0 50
2 -50.0 50
3 -31.0 31
4 -50.0 50
5 -43.0 43
6 -25.0 25
7 -9.0 9
8 -7.0 7
9 -7.0 7
10 -7.0 7
11 -17.0 17
12 -9.0 9
13 -14.0 14
14 -11.0 11
15 -10.0 10
16 -16.0 16
17 -14.0 14
18 -8.0 8
19 -11.0 11
20 -14.0 14
21 -12.0 12
22 -9.0 9
23 -7.0 7
24 -7.0 7
25 -7.0 7
0 -25.0 25
1 -50.0 50
2 -50.0 50
3 -50.0 50
4 -50.0 50
5 -24.0 24
6 -29.0 29
7 -17.0 17
8 -22.0 22
9 -39.0 39
10 -15.0 15
11 -21.0 21
12 -50.0 50
13 -14.0 14
14 -15.0 15
15 -14.0 14
16 -13.0 13
17 -10.0 10
18 -10.0 10
19 -11.0 11
20 -17.0 17
21 -19.0 19
22 -9.0 9
23 -7.0 7
24 -7.0 7
25 -7.0 7
0 -50.0 50
1 -50.0 50
2 -50.0 50
3 -50.0 50
4 -50.0 50
5 -25.0 25
6 -13.0 13
7 -7.0 7
8 -9.0 9
9 -13.0 13
10 -14.0 14
11 -10.0 10
12 -7.0 7
13 -7.0 7
14 -13.0 13
15 -18.0 18
16 -9.0 9
17 -8.0 8
18 -12.0 12
19 -14.0 14
20 -7.0 7
21 -7.0 7
22 -7.0 7
23 -7.0 7
24 -11.0 11
25 -7.0 7
0 -50.0 50
1 -50.0 50
2 -47.0 47
3 -50.0 50
4 -27.0 27
5 -42.0 42
6 -45.0 45
7 -50.0 50
8 -16.0 16
9 -11.0 11
10 -7.0 7
11 -7.0 7
12 -7.0 7
13 -8.0 8
14 -9.0 9
15 -7.0 7
16 -7.0 7
17 -7.0 7
18 -7.0 7
19 -9.0 9
20 -7.0 7
21 -8.0 8
22 -9.0 9
23 -12.0 12
24 -10.0 10
25 -7.0 7
0 -50.0 50
1 -50.0 50
2 -12.0 12
3 -33.0 33
4 -50.0 50
5 -50.0 50
6 -27.0 27
7 -24.0 24
8 -31.0 31
9 -34.0 34
10 -40.0 40
11 -15.0 15
12 -7.0 7
13 -41.0 41
14 -7.0 7
15 -7.0 7
16 -7.0 7
17 -7.0 7
18 -7.0 7
19 -7.0 7
20 -8.0 8
21 -7.0 7
22 -9.0 9
23 -7.0 7
24 -7.0 7
25 -7.0 7
0 -50.0 50
1 -50.0 50
2 -50.0 50
3 -46.0 46
4 -38.0 38
5 -18.0 18
6 -19.0 19
7 -50.0 50
8 -37.0 37
9 -9.0 9
10 -29.0 29
11 -17.0 17
12 -13.0 13
13 -8.0 8
14 -8.0 8
15 -7.0 7
16 -8.0 8
17 -8.0 8
18 -9.0 9
19 -7.0 7
20 -15.0 15
21 -9.0 9
22 -7.0 7
23 -7.0 7
24 -13.0 13
25 -9.0 9
0 -37.0 37
1 -50.0 50
2 -50.0 50
3 -24.0 24
4 -50.0 50
5 -45.0 45
6 -22.0 22
7 -50.0 50
8 -22.0 22
9 -38.0 38
10 -14.0 14
11 -7.0 7
12 -9.0 9
13 -11.0 11
14 -13.0 13
15 -15.0 15
16 -7.0 7
17 -7.0 7
18 -11.0 11
19 -7.0 7
20 -7.0 7
21 -8.0 8
22 -7.0 7
23 -7.0 7
24 -7.0 7
25 -7.0 7
0 -50.0 50
1 -50.0 50
2 -33.0 33
3 -50.0 50
4 -42.0 42
5 -25.0 25
6 -42.0 42
7 -50.0 50
8 -14.0 14
9 -13.0 13
10 -46.0 46
11 -23.0 23
12 -11.0 11
13 -7.0 7
14 -9.0 9
15 -7.0 7
16 -7.0 7
17 -7.0 7
18 -7.0 7
19 -8.0 8
20 -7.0 7
21 -8.0 8
22 -7.0 7
23 -7.0 7
24 -7.0 7
25 -7.0 7
0 -50.0 50
1 -20.0 20
2 -38.0 38
3 -50.0 50
4 -50.0 50
5 -33.0 33
6 -50.0 50
7 -23.0 23
8 -50.0 50
9 -7.0 7
10 -9.0 9
11 -18.0 18
12 -9.0 9
13 -7.0 7
14 -7.0 7
15 -9.0 9
16 -16.0 16
17 -12.0 12
18 -14.0 14
19 -10.0 10
20 -9.0 9
21 -8.0 8
22 -7.0 7
23 -7.0 7
24 -7.0 7
25 -7.0 7
0 -50.0 50
1 -40.0 40
2 -50.0 50
3 -50.0 50
4 -33.0 33
5 -30.0 30
6 -50.0 50
7 -17.0 17
8 -28.0 28
9 -50.0 50
10 -48.0 48
11 -18.0 18
12 -11.0 11
13 -11.0 11
14 -12.0 12
15 -17.0 17
16 -7.0 7
17 -7.0 7
18 -8.0 8
19 -7.0 7
20 -8.0 8
21 -8.0 8
22 -7.0 7
23 -7.0 7
24 -7.0 7
25 -7.0 7
0 -50.0 50
1 -50.0 50
2 -50.0 50
3 -29.0 29
4 -38.0 38
5 -50.0 50
6 -24.0 24
7 -50.0 50
8 -43.0 43
9 -16.0 16
10 -8.0 8
11 -7.0 7
12 -8.0 8
13 -10.0 10
14 -7.0 7
15 -9.0 9
16 -10.0 10
17 -7.0 7
18 -7.0 7
19 -9.0 9
20 -7.0 7
21 -7.0 7
22 -8.0 8
23 -7.0 7
24 -7.0 7
25 -7.0 7
0 -50.0 50
1 -40.0 40
2 -50.0 50
3 -45.0 45
4 -50.0 50
5 -30.0 30
6 -42.0 42
7 -27.0 27
8 -18.0 18
9 -29.0 29
10 -19.0 19
11 -22.0 22
12 -7.0 7
13 -7.0 7
14 -7.0 7
15 -7.0 7
16 -7.0 7
17 -7.0 7
18 -11.0 11
19 -7.0 7
20 -7.0 7
21 -18.0 18
22 -7.0 7
23 -7.0 7
24 -7.0 7
25 -7.0 7
0 -39.0 39
1 -50.0 50
2 -50.0 50
3 -50.0 50
4 -50.0 50
5 -21.0 21
6 -45.0 45
7 -18.0 18
8 -12.0 12
9 -7.0 7
10 -7.0 7
11 -10.0 10
12 -10.0 10
13 -7.0 7
14 -8.0 8
15 -8.0 8
16 -10.0 10
17 -7.0 7
18 -7.0 7
19 -8.0 8
20 -9.0 9
21 -7.0 7
22 -9.0 9
23 -10.0 10
24 -7.0 7
25 -7.0 7
0 -50.0 50
1 -50.0 50
2 -29.0 29
3 -25.0 25
4 -50.0 50
5 -35.0 35
6 -50.0 50
7 -41.0 41
8 -29.0 29
9 -17.0 17
10 -10.0 10
11 -15.0 15
12 -8.0 8
13 -8.0 8
14 -7.0 7
15 -9.0 9
16 -8.0 8
17 -7.0 7
18 -7.0 7
19 -7.0 7
20 -11.0 11
21 -15.0 15
22 -17.0 17
23 -7.0 7
24 -7.0 7
25 -7.0 7
0 -50.0 50
1 -50.0 50
2 -50.0 50
3 -27.0 27
4 -39.0 39
5 -41.0 41
6 -50.0 50
7 -20.0 20
8 -50.0 50
9 -17.0 17
10 -14.0 14
11 -10.0 10
12 -18.0 18
13 -23.0 23
14 -9.0 9
15 -7.0 7
16 -7.0 7
17 -7.0 7
18 -8.0 8
19 -8.0 8
20 -7.0 7
21 -7.0 7
22 -7.0 7
23 -7.0 7
24 -7.0 7
25 -7.0 7
0 -50.0 50
1 -38.0 38
2 -50.0 50
3 -45.0 45
4 -50.0 50
5 -50.0 50
6 -27.0 27
7 -46.0 46
8 -25.0 25
9 -21.0 21
10 -10.0 10
11 -8.0 8
12 -7.0 7
13 -7.0 7
14 -8.0 8
15 -8.0 8
16 -7.0 7
17 -12.0 12
18 -8.0 8
19 -8.0 8
20 -8.0 8
21 -9.0 9
22 -8.0 8
23 -7.0 7
24 -7.0 7
25 -7.0 7
0 -36.0 36
1 -50.0 50
2 -50.0 50
3 -50.0 50
4 -36.0 36
5 -17.0 17
6 -16.0 16
7 -9.0 9
8 -44.0 44
9 -50.0 50
10 -12.0 12
11 -12.0 12
12 -9.0 9
13 -9.0 9
14 -9.0 9
15 -7.0 7
16 -9.0 9
17 -10.0 10
18 -8.0 8
19 -7.0 7
20 -9.0 9
21 -7.0 7
22 -7.0 7
23 -7.0 7
24 -7.0 7
25 -7.0 7
0 -50.0 50
1 -50.0 50
2 -23.0 23
3 -50.0 50
4 -42.0 42
5 -19.0 19
6 -22.0 22
7 -50.0 50
8 -20.0 20
9 -10.0 10
10 -8.0 8
11 -15.0 15
12 -14.0 14
13 -45.0 45
14 -13.0 13
15 -19.0 19
16 -11.0 11
17 -11.0 11
18 -8.0 8
19 -9.0 9
20 -8.0 8
21 -8.0 8
22 -8.0 8
23 -7.0 7
24 -7.0 7
25 -7.0 7
0 -50.0 50
1 -35.0 35
2 -50.0 50
3 -50.0 50
4 -50.0 50
5 -50.0 50
6 -50.0 50
7 -18.0 18
8 -15.0 15
9 -11.0 11
10 -22.0 22
11 -17.0 17
12 -13.0 13
13 -12.0 12
14 -9.0 9
15 -8.0 8
16 -8.0 8
17 -7.0 7
18 -7.0 7
19 -7.0 7
20 -7.0 7
21 -8.0 8
22 -7.0 7
23 -7.0 7
24 -7.0 7
25 -7.0 7
0 -50.0 50
1 -50.0 50
2 -34.0 34
3 -21.0 21
4 -50.0 50
5 -38.0 38
6 -41.0 41
7 -50.0 50
8 -33.0 33
9 -49.0 49
10 -14.0 14
11 -29.0 29
12 -7.0 7
13 -8.0 8
14 -7.0 7
15 -7.0 7
16 -9.0 9
17 -8.0 8
18 -7.0 7
19 -9.0 9
20 -10.0 10
21 -10.0 10
22 -8.0 8
23 -7.0 7
24 -7.0 7
25 -7.0 7
0 -31.0 31
1 -50.0 50
2 -50.0 50
3 -50.0 50
4 -49.0 49
5 -50.0 50
6 -48.0 48
7 -9.0 9
8 -33.0 33
9 -7.0 7
10 -8.0 8
11 -10.0 10
12 -13.0 13
13 -9.0 9
14 -9.0 9
15 -7.0 7
16 -7.0 7
17 -7.0 7
18 -9.0 9
19 -7.0 7
20 -7.0 7
21 -7.0 7
22 -7.0 7
23 -7.0 7
24 -7.0 7
25 -7.0 7
0 -50.0 50
1 -42.0 42
2 -50.0 50
3 -50.0 50
4 -50.0 50
5 -24.0 24
6 -17.0 17
7 -16.0 16
8 -50.0 50
9 -27.0 27
10 -22.0 22
11 -18.0 18
12 -11.0 11
13 -18.0 18
14 -12.0 12
15 -8.0 8
16 -7.0 7
17 -9.0 9
18 -8.0 8
19 -7.0 7
20 -9.0 9
21 -7.0 7
22 -8.0 8
23 -7.0 7
24 -9.0 9
25 -7.0 7
0 -50.0 50
1 -35.0 35
2 -50.0 50
3 -47.0 47
4 -40.0 40
5 -50.0 50
6 -16.0 16
7 -17.0 17
8 -12.0 12
9 -49.0 49
10 -24.0 24
11 -12.0 12
12 -14.0 14
13 -11.0 11
14 -49.0 49
15 -14.0 14
16 -14.0 14
17 -12.0 12
18 -7.0 7
19 -8.0 8
20 -7.0 7
21 -7.0 7
22 -7.0 7
23 -7.0 7
24 -7.0 7
25 -7.0 7
