0 -50.0 50
1 -50.0 50
0 -50.0 50
1 -50.0 50
0 -50.0 50
1 -50.0 50
0 -50.0 50
1 -50.0 50
0 -50.0 50
1 -28.0 28
0 -50.0 50
1 -50.0 50
0 -50.0 50
1 -50.0 50
0 -50.0 50
1 -43.0 43
0 -50.0 50
1 -39.0 39
0 -50.0 50
1 -50.0 50
0 -50.0 50
1 -50.0 50
0 -50.0 50
1 -50.0 50
0 -50.0 50
1 -50.0 50
0 -42.0 42
1 -50.0 50
0 -34.0 34
1 -50.0 50
0 -50.0 50
1 -29.0 29
0 -50.0 50
1 -35.0 35
0 -50.0 50
1 -49.0 49
0 -50.0 50
1 -50.0 50
0 -26.0 26
1 -50.0 50
0 -22.0 22
1 -50.0 50
0 -15.0 15
1 -50.0 50
0 -50.0 50
1 -31.0 31
0 -21.0 21
1 -50.0 50
0 -50.0 50
1 -50.0 50
0 -41.0 41
1 -50.0 50
0 -50.0 50
1 -30.0 30
0 -50.0 50
1 -50.0 50
0 -50.0 50
1 -50.0 50
0 -50.0 50
1 -47.0 47
0 -50.0 50
1 -50.0 50
0 -42.0 42
1 -50.0 50
0 -36.0 36
1 -50.0 50
0 -50.0 50
1 -50.0 50
0 -50.0 50
1 -50.0 50
0 -50.0 50
1 -50.0 50
0 -50.0 50
1 -50.0 50
0 -34.0 34
1 -50.0 50
0 -50.0 50
1 -35.0 35
0 -50.0 50
1 -50.0 50
0 -50.0 50
1 -50.0 50
0 -50.0 50
1 -35.0 35
0 -50.0 50
1 -30.0 30
0 -50.0 50
1 -44.0 44
0 -50.0 50
1 -26.0 26
0 -50.0 50
1 -38.0 38
0 -41.0 41
1 -50.0 50
0 -50.0 50
1 -50.0 50
0 -50.0 50
1 -35.0 35
0 -50.0 50
1 -50.0 50
0 -50.0 50
1 -50.0 50
0 -40.0 40
1 -50.0 50
0 -50.0 50
1 -50.0 50
0 -50.0 50
1 -50.0 50
0 -50.0 50
1 -50.0 50
0 -50.0 50
1 -50.0 50
0 -50.0 50
1 -50.0 50
0 -50.0 50
1 -50.0 50
0 -50.0 50
1 -50.0 50
0 -44.0 44
1 -50.0 50
0 -50.0 50
1 -32.0 32
0 -50.0 50
1 -50.0 50
0 -42.0 42
1 -50.0 50
0 -48.0 48
1 -50.0 50
0 -50.0 50
1 -50.0 50
0 -50.0 50
1 -38.0 38
0 -42.0 42
1 -50.0 50
0 -50.0 50
1 -50.0 50
0 -50.0 50
1 -50.0 50
0 -50.0 50
1 -42.0 42
0 -50.0 50
1 -31.0 31
0 -50.0 50
1 -50.0 50
0 -50.0 50
1 -28.0 28
0 -50.0 50
1 -50.0 50
0 -50.0 50
1 -50.0 50
0 -50.0 50
1 -16.0 16
0 -50.0 50
1 -39.0 39
0 -50.0 50
1 -50.0 50
0 -50.0 50
1 -50.0 50
0 -50.0 50
1 -24.0 24
