0 -50.0 50
1 -50.0 50
2 -50.0 50
3 -42.0 42
4 -43.0 43
5 -29.0 29
6 -30.0 30
7 -46.0 46
0 -50.0 50
1 -50.0 50
2 -21.0 21
3 -50.0 50
4 -50.0 50
5 -20.0 20
6 -50.0 50
7 -36.0 36
0 -50.0 50
1 -50.0 50
2 -32.0 32
3 -50.0 50
4 -18.0 18
5 -50.0 50
6 -13.0 13
7 -7.0 7
0 -50.0 50
1 -41.0 41
2 -50.0 50
3 -50.0 50
4 -29.0 29
5 -25.0 25
6 -50.0 50
7 -19.0 19
0 -38.0 38
1 -50.0 50
2 -50.0 50
3 -50.0 50
4 -50.0 50
5 -39.0 39
6 -43.0 43
7 -16.0 16
0 -50.0 50
1 -50.0 50
2 -50.0 50
3 -40.0 40
4 -33.0 33
5 -50.0 50
6 -14.0 14
7 -22.0 22
0 -41.0 41
1 -50.0 50
2 -50.0 50
3 -13.0 13
4 -39.0 39
5 -50.0 50
6 -41.0 41
7 -38.0 38
0 -35.0 35
1 -50.0 50
2 -50.0 50
3 -29.0 29
4 -50.0 50
5 -50.0 50
6 -47.0 47
7 -26.0 26
0 -50.0 50
1 -50.0 50
2 -50.0 50
3 -19.0 19
4 -50.0 50
5 -28.0 28
6 -50.0 50
7 -20.0 20
0 -19.0 19
1 -50.0 50
2 -50.0 50
3 -50.0 50
4 -50.0 50
5 -50.0 50
6 -26.0 26
7 -10.0 10
0 -50.0 50
1 -50.0 50
2 -50.0 50
3 -37.0 37
4 -28.0 28
5 -41.0 41
6 -19.0 19
7 -19.0 19
0 -50.0 50
1 -50.0 50
2 -37.0 37
3 -44.0 44
4 -50.0 50
5 -50.0 50
6 -24.0 24
7 -19.0 19
0 -50.0 50
1 -50.0 50
2 -29.0 29
3 -50.0 50
4 -33.0 33
5 -50.0 50
6 -50.0 50
7 -23.0 23
0 -50.0 50
1 -50.0 50
2 -50.0 50
3 -50.0 50
4 -42.0 42
5 -41.0 41
6 -32.0 32
7 -42.0 42
0 -50.0 50
1 -50.0 50
2 -44.0 44
3 -50.0 50
4 -35.0 35
5 -50.0 50
6 -50.0 50
7 -22.0 22
0 -50.0 50
1 -50.0 50
2 -47.0 47
3 -50.0 50
4 -15.0 15
5 -32.0 32
6 -50.0 50
7 -24.0 24
0 -50.0 50
1 -39.0 39
2 -50.0 50
3 -36.0 36
4 -50.0 50
5 -46.0 46
6 -37.0 37
7 -24.0 24
0 -50.0 50
1 -50.0 50
2 -32.0 32
3 -50.0 50
4 -25.0 25
5 -42.0 42
6 -40.0 40
7 -29.0 29
0 -50.0 50
1 -30.0 30
2 -50.0 50
3 -19.0 19
4 -50.0 50
5 -50.0 50
6 -50.0 50
7 -19.0 19
0 -50.0 50
1 -32.0 32
2 -50.0 50
3 -37.0 37
4 -50.0 50
5 -37.0 37
6 -17.0 17
7 -50.0 50
0 -48.0 48
1 -50.0 50
2 -50.0 50
3 -37.0 37
4 -50.0 50
5 -50.0 50
6 -19.0 19
7 -17.0 17
0 -41.0 41
1 -50.0 50
2 -50.0 50
3 -50.0 50
4 -21.0 21
5 -50.0 50
6 -50.0 50
7 -14.0 14
0 -17.0 17
1 -50.0 50
2 -50.0 50
3 -35.0 35
4 -50.0 50
5 -24.0 24
6 -29.0 29
7 -50.0 50
0 -50.0 50
1 -50.0 50
2 -50.0 50
3 -39.0 39
4 -39.0 39
5 -50.0 50
6 -36.0 36
7 -16.0 16
0 -25.0 25
1 -50.0 50
2 -50.0 50
3 -46.0 46
4 -50.0 50
5 -50.0 50
6 -50.0 50
7 -26.0 26
0 -50.0 50
1 -36.0 36
2 -50.0 50
3 -39.0 39
4 -50.0 50
5 -50.0 50
6 -41.0 41
7 -23.0 23
0 -50.0 50
1 -29.0 29
2 -50.0 50
3 -50.0 50
4 -50.0 50
5 -27.0 27
6 -22.0 22
7 -50.0 50
0 -50.0 50
1 -50.0 50
2 -50.0 50
3 -50.0 50
4 -44.0 44
5 -20.0 20
6 -15.0 15
7 -39.0 39
0 -50.0 50
1 -45.0 45
2 -50.0 50
3 -32.0 32
4 -42.0 42
5 -50.0 50
6 -40.0 40
7 -12.0 12
0 -50.0 50
1 -50.0 50
2 -50.0 50
3 -17.0 17
4 -50.0 50
5 -24.0 24
6 -24.0 24
7 -50.0 50
0 -50.0 50
1 -20.0 20
2 -50.0 50
3 -50.0 50
4 -50.0 50
5 -50.0 50
6 -19.0 19
7 -11.0 11
0 -50.0 50
1 -39.0 39
2 -50.0 50
3 -50.0 50
4 -50.0 50
5 -20.0 20
6 -27.0 27
7 -10.0 10
0 -50.0 50
1 -50.0 50
2 -28.0 28
3 -50.0 50
4 -50.0 50
5 -12.0 12
6 -25.0 25
7 -48.0 48
0 -39.0 39
1 -50.0 50
2 -50.0 50
3 -41.0 41
4 -50.0 50
5 -32.0 32
6 -8.0 8
7 -11.0 11
0 -50.0 50
1 -50.0 50
2 -33.0 33
3 -50.0 50
4 -50.0 50
5 -10.0 10
6 -44.0 44
7 -43.0 43
0 -50.0 50
1 -50.0 50
2 -50.0 50
3 -24.0 24
4 -23.0 23
5 -50.0 50
6 -50.0 50
7 -18.0 18
0 -50.0 50
1 -50.0 50
2 -50.0 50
3 -43.0 43
4 -50.0 50
5 -40.0 40
6 -10.0 10
7 -13.0 13
0 -18.0 18
1 -50.0 50
2 -50.0 50
3 -50.0 50
4 -27.0 27
5 -20.0 20
6 -50.0 50
7 -50.0 50
0 -43.0 43
1 -50.0 50
2 -50.0 50
3 -50.0 50
4 -37.0 37
5 -50.0 50
6 -50.0 50
7 -33.0 33
0 -50.0 50
1 -50.0 50
2 -50.0 50
3 -29.0 29
4 -48.0 48
5 -50.0 50
6 -19.0 19
7 -35.0 35
