
0 -50.0 50
10 -50.0 50
20 -7.0 7
29 -7.0 7
0 -50.0 50
10 -50.0 50
20 -7.0 7
29 -7.0 7
0 -50.0 50
10 -50.0 50
20 -7.0 7
29 -7.0 7
0 -50.0 50
10 -7.0 7
20 -7.0 7
29 -7.0 7
0 -50.0 50
10 -7.0 7
20 -7.0 7
29 -7.0 7
0 -50.0 50
10 -7.0 7
20 -7.0 7
29 -7.0 7
0 -50.0 50
10 -50.0 50
20 -7.0 7
29 -7.0 7
0 -50.0 50
10 -50.0 50
20 -7.0 7
29 -7.0 7
0 -50.0 50
10 -7.0 7
20 -7.0 7
29 -7.0 7
0 -50.0 50
10 -50.0 50
20 -7.0 7
29 -7.0 7
0 -50.0 50
10 -50.0 50
20 -7.0 7
29 -7.0 7
0 -50.0 50
10 -50.0 50
20 -50.0 50
29 -7.0 7
0 -50.0 50
10 -50.0 50
20 -7.0 7
29 -7.0 7
0 -50.0 50
10 -50.0 50
20 -7.0 7
29 -7.0 7
0 -50.0 50
10 -7.0 7
20 -7.0 7
29 -7.0 7
0 -50.0 50
10 -50.0 50
20 -7.0 7
29 -7.0 7
0 -50.0 50
10 -50.0 50
20 -7.0 7
29 -7.0 7
0 -50.0 50
10 -7.0 7
20 -8.0 8
29 -7.0 7
0 -50.0 50
10 -50.0 50
20 -7.0 7
29 -7.0 7
0 -50.0 50
10 -50.0 50
20 -7.0 7
29 -7.0 7