
0 -50.0 50
10 -7.0 7
20 -7.0 7
25 -7.0 7
0 -50.0 50
10 -50.0 50
20 -7.0 7
25 -7.0 7
0 -50.0 50
10 -50.0 50
20 -50.0 50
25 -7.0 7
0 -50.0 50
10 -50.0 50
20 -7.0 7
25 -7.0 7
0 -50.0 50
10 -7.0 7
20 -7.0 7
25 -7.0 7
0 -50.0 50
10 -7.0 7
20 -7.0 7
25 -7.0 7
0 -50.0 50
10 -50.0 50
20 -7.0 7
25 -7.0 7
0 -50.0 50
10 -50.0 50
20 -7.0 7
25 -7.0 7
0 -50.0 50
10 -50.0 50
20 -50.0 50
25 -7.0 7
0 -50.0 50
10 -50.0 50
20 -7.0 7
25 -7.0 7
0 -50.0 50
10 -7.0 7
20 -7.0 7
25 -7.0 7
0 -50.0 50
10 -50.0 50
20 -7.0 7
25 -7.0 7
0 -50.0 50
10 -50.0 50
20 -7.0 7
25 -7.0 7
0 -50.0 50
10 -50.0 50
20 -7.0 7
25 -7.0 7
0 -50.0 50
10 -50.0 50
20 -7.0 7
25 -7.0 7
0 -50.0 50
10 -50.0 50
20 -7.0 7
25 -7.0 7
0 -50.0 50
10 -50.0 50
20 -7.0 7
25 -7.0 7
0 -50.0 50
10 -7.0 7
20 -7.0 7
25 -7.0 7
0 -50.0 50
10 -7.0 7
20 -7.0 7
25 -7.0 7
0 -50.0 50
10 -7.0 7
20 -7.0 7
25 -7.0 7
0 -50.0 50
10 -50.0 50
20 -50.0 50
25 -7.0 7
0 -50.0 50
10 -50.0 50
20 -7.0 7
25 -7.0 7
0 -50.0 50
10 -50.0 50
20 -7.0 7
25 -7.0 7
0 -50.0 50
10 -7.0 7
20 -50.0 50
25 -7.0 7
0 -50.0 50
10 -50.0 50
20 -7.0 7
25 -7.0 7
0 -50.0 50
10 -50.0 50
20 -7.0 7
25 -7.0 7
0 -7.0 7
10 -7.0 7
20 -50.0 50
25 -7.0 7
0 -50.0 50
10 -50.0 50
20 -50.0 50
25 -7.0 7
0 -50.0 50
10 -50.0 50
20 -7.0 7
25 -50.0 50
0 -50.0 50
10 -50.0 50
20 -7.0 7
25 -7.0 7
0 -50.0 50
10 -7.0 7
20 -7.0 7
25 -7.0 7
0 -50.0 50
10 -7.0 7
20 -7.0 7
25 -7.0 7
0 -50.0 50
10 -7.0 7
20 -7.0 7
25 -7.0 7
0 -50.0 50
10 -7.0 7
20 -7.0 7
25 -7.0 7
0 -50.0 50
10 -50.0 50
20 -50.0 50
25 -7.0 7
0 -50.0 50
10 -50.0 50
20 -50.0 50
25 -7.0 7
0 -50.0 50
10 -50.0 50
20 -7.0 7
25 -7.0 7
0 -50.0 50
10 -50.0 50
20 -7.0 7
25 -7.0 7
0 -50.0 50
10 -50.0 50
20 -7.0 7
25 -8.0 8
0 -50.0 50
10 -50.0 50
20 -7.0 7
25 -7.0 7