0 -36.0 36
1 -50.0 50
2 -50.0 50
3 -44.0 44
0 -50.0 50
1 -50.0 50
2 -29.0 29
3 -38.0 38
0 -50.0 50
1 -24.0 24
2 -50.0 50
3 -50.0 50
0 -50.0 50
1 -50.0 50
2 -24.0 24
3 -50.0 50
0 -26.0 26
1 -50.0 50
2 -50.0 50
3 -50.0 50
0 -50.0 50
1 -50.0 50
2 -15.0 15
3 -47.0 47
0 -50.0 50
1 -50.0 50
2 -38.0 38
3 -50.0 50
0 -50.0 50
1 -50.0 50
2 -50.0 50
3 -37.0 37
0 -50.0 50
1 -45.0 45
2 -50.0 50
3 -50.0 50
0 -34.0 34
1 -50.0 50
2 -50.0 50
3 -34.0 34
0 -50.0 50
1 -50.0 50
2 -20.0 20
3 -50.0 50
0 -50.0 50
1 -50.0 50
2 -50.0 50
3 -24.0 24
0 -50.0 50
1 -50.0 50
2 -46.0 46
3 -50.0 50
0 -34.0 34
1 -50.0 50
2 -50.0 50
3 -37.0 37
0 -50.0 50
1 -50.0 50
2 -45.0 45
3 -35.0 35
0 -50.0 50
1 -50.0 50
2 -50.0 50
3 -34.0 34
0 -46.0 46
1 -50.0 50
2 -32.0 32
3 -50.0 50
0 -47.0 47
1 -50.0 50
2 -50.0 50
3 -27.0 27
0 -50.0 50
1 -50.0 50
2 -50.0 50
3 -50.0 50
0 -40.0 40
1 -50.0 50
2 -50.0 50
3 -45.0 45
0 -50.0 50
1 -46.0 46
2 -45.0 45
3 -50.0 50
0 -50.0 50
1 -50.0 50
2 -50.0 50
3 -19.0 19
0 -50.0 50
1 -50.0 50
2 -40.0 40
3 -26.0 26
0 -50.0 50
1 -48.0 48
2 -50.0 50
3 -35.0 35
0 -50.0 50
1 -50.0 50
2 -29.0 29
3 -50.0 50
0 -50.0 50
1 -50.0 50
2 -50.0 50
3 -50.0 50
0 -50.0 50
1 -50.0 50
2 -50.0 50
3 -50.0 50
0 -27.0 27
1 -50.0 50
2 -50.0 50
3 -50.0 50
0 -50.0 50
1 -50.0 50
2 -17.0 17
3 -50.0 50
0 -31.0 31
1 -50.0 50
2 -50.0 50
3 -50.0 50
0 -50.0 50
1 -50.0 50
2 -50.0 50
3 -22.0 22
0 -50.0 50
1 -38.0 38
2 -50.0 50
3 -45.0 45
0 -28.0 28
1 -50.0 50
2 -50.0 50
3 -48.0 48
0 -50.0 50
1 -50.0 50
2 -25.0 25
3 -50.0 50
0 -50.0 50
1 -50.0 50
2 -48.0 48
3 -49.0 49
0 -27.0 27
1 -50.0 50
2 -43.0 43
3 -50.0 50
0 -38.0 38
1 -50.0 50
2 -50.0 50
3 -29.0 29
0 -43.0 43
1 -50.0 50
2 -50.0 50
3 -50.0 50
0 -50.0 50
1 -50.0 50
2 -50.0 50
3 -32.0 32
0 -41.0 41
1 -50.0 50
2 -50.0 50
3 -50.0 50
