0 -22.0 22
1 -50.0 50
2 -50.0 50
3 -50.0 50
4 -42.0 42
5 -22.0 22
6 -9.0 9
7 -11.0 11
8 -30.0 30
9 -34.0 34
10 -50.0 50
11 -31.0 31
12 -10.0 10
13 -10.0 10
14 -11.0 11
15 -12.0 12
0 -50.0 50
1 -50.0 50
2 -50.0 50
3 -48.0 48
4 -47.0 47
5 -50.0 50
6 -50.0 50
7 -9.0 9
8 -20.0 20
9 -7.0 7
10 -9.0 9
11 -8.0 8
12 -8.0 8
13 -7.0 7
14 -7.0 7
15 -7.0 7
0 -50.0 50
1 -50.0 50
2 -35.0 35
3 -50.0 50
4 -50.0 50
5 -50.0 50
6 -24.0 24
7 -27.0 27
8 -20.0 20
9 -14.0 14
10 -11.0 11
11 -9.0 9
12 -10.0 10
13 -8.0 8
14 -7.0 7
15 -7.0 7
0 -50.0 50
1 -50.0 50
2 -48.0 48
3 -50.0 50
4 -35.0 35
5 -43.0 43
6 -15.0 15
7 -7.0 7
8 -19.0 19
9 -35.0 35
10 -25.0 25
11 -9.0 9
12 -9.0 9
13 -9.0 9
14 -9.0 9
15 -7.0 7
0 -43.0 43
1 -50.0 50
2 -50.0 50
3 -28.0 28
4 -50.0 50
5 -35.0 35
6 -20.0 20
7 -50.0 50
8 -29.0 29
9 -48.0 48
10 -14.0 14
11 -9.0 9
12 -11.0 11
13 -7.0 7
14 -7.0 7
15 -7.0 7
0 -50.0 50
1 -44.0 44
2 -50.0 50
3 -23.0 23
4 -39.0 39
5 -38.0 38
6 -50.0 50
7 -11.0 11
8 -10.0 10
9 -11.0 11
10 -30.0 30
11 -18.0 18
12 -23.0 23
13 -14.0 14
14 -7.0 7
15 -7.0 7
0 -50.0 50
1 -50.0 50
2 -50.0 50
3 -50.0 50
4 -48.0 48
5 -17.0 17
6 -12.0 12
7 -50.0 50
8 -14.0 14
9 -21.0 21
10 -11.0 11
11 -18.0 18
12 -9.0 9
13 -8.0 8
14 -10.0 10
15 -7.0 7
0 -50.0 50
1 -50.0 50
2 -50.0 50
3 -28.0 28
4 -26.0 26
5 -50.0 50
6 -22.0 22
7 -19.0 19
8 -11.0 11
9 -24.0 24
10 -37.0 37
11 -15.0 15
12 -38.0 38
13 -26.0 26
14 -11.0 11
15 -11.0 11
0 -50.0 50
1 -21.0 21
2 -47.0 47
3 -50.0 50
4 -50.0 50
5 -31.0 31
6 -29.0 29
7 -50.0 50
8 -17.0 17
9 -17.0 17
10 -13.0 13
11 -10.0 10
12 -11.0 11
13 -7.0 7
14 -8.0 8
15 -34.0 34
0 -50.0 50
1 -34.0 34
2 -50.0 50
3 -26.0 26
4 -50.0 50
5 -50.0 50
6 -50.0 50
7 -50.0 50
8 -28.0 28
9 -16.0 16
10 -14.0 14
11 -18.0 18
12 -10.0 10
13 -13.0 13
14 -11.0 11
15 -7.0 7
0 -50.0 50
1 -40.0 40
2 -50.0 50
3 -50.0 50
4 -50.0 50
5 -36.0 36
6 -19.0 19
7 -23.0 23
8 -19.0 19
9 -24.0 24
10 -30.0 30
11 -13.0 13
12 -7.0 7
13 -7.0 7
14 -7.0 7
15 -7.0 7
0 -50.0 50
1 -50.0 50
2 -44.0 44
3 -48.0 48
4 -50.0 50
5 -50.0 50
6 -8.0 8
7 -13.0 13
8 -10.0 10
9 -8.0 8
10 -12.0 12
11 -7.0 7
12 -8.0 8
13 -9.0 9
14 -7.0 7
15 -7.0 7
0 -18.0 18
1 -50.0 50
2 -50.0 50
3 -50.0 50
4 -50.0 50
5 -30.0 30
6 -50.0 50
7 -8.0 8
8 -12.0 12
9 -13.0 13
10 -7.0 7
11 -9.0 9
12 -13.0 13
13 -14.0 14
14 -9.0 9
15 -41.0 41
0 -50.0 50
1 -50.0 50
2 -23.0 23
3 -20.0 20
4 -37.0 37
5 -50.0 50
6 -28.0 28
7 -43.0 43
8 -50.0 50
9 -21.0 21
10 -39.0 39
11 -9.0 9
12 -10.0 10
13 -9.0 9
14 -40.0 40
15 -7.0 7
0 -33.0 33
1 -50.0 50
2 -50.0 50
3 -50.0 50
4 -35.0 35
5 -34.0 34
6 -50.0 50
7 -50.0 50
8 -10.0 10
9 -11.0 11
10 -10.0 10
11 -11.0 11
12 -10.0 10
13 -7.0 7
14 -7.0 7
15 -9.0 9
0 -50.0 50
1 -50.0 50
2 -50.0 50
3 -50.0 50
4 -50.0 50
5 -41.0 41
6 -10.0 10
7 -8.0 8
8 -18.0 18
9 -11.0 11
10 -7.0 7
11 -7.0 7
12 -7.0 7
13 -15.0 15
14 -7.0 7
15 -7.0 7
0 -50.0 50
1 -50.0 50
2 -50.0 50
3 -22.0 22
4 -40.0 40
5 -50.0 50
6 -21.0 21
7 -28.0 28
8 -33.0 33
9 -19.0 19
10 -11.0 11
11 -7.0 7
12 -10.0 10
13 -11.0 11
14 -9.0 9
15 -7.0 7
0 -50.0 50
1 -50.0 50
2 -29.0 29
3 -50.0 50
4 -50.0 50
5 -38.0 38
6 -28.0 28
7 -50.0 50
8 -9.0 9
9 -7.0 7
10 -15.0 15
11 -10.0 10
12 -7.0 7
13 -7.0 7
14 -7.0 7
15 -7.0 7
0 -49.0 49
1 -50.0 50
2 -36.0 36
3 -50.0 50
4 -50.0 50
5 -17.0 17
6 -14.0 14
7 -50.0 50
8 -45.0 45
9 -17.0 17
10 -10.0 10
11 -9.0 9
12 -16.0 16
13 -26.0 26
14 -9.0 9
15 -7.0 7
0 -50.0 50
1 -50.0 50
2 -50.0 50
3 -50.0 50
4 -50.0 50
5 -19.0 19
6 -15.0 15
7 -8.0 8
8 -39.0 39
9 -23.0 23
10 -21.0 21
11 -9.0 9
12 -7.0 7
13 -11.0 11
14 -18.0 18
15 -9.0 9
0 -32.0 32
1 -50.0 50
2 -50.0 50
3 -50.0 50
4 -42.0 42
5 -50.0 50
6 -50.0 50
7 -13.0 13
8 -40.0 40
9 -28.0 28
10 -7.0 7
11 -7.0 7
12 -18.0 18
13 -7.0 7
14 -7.0 7
15 -9.0 9
0 -44.0 44
1 -50.0 50
2 -50.0 50
3 -50.0 50
4 -21.0 21
5 -15.0 15
6 -19.0 19
7 -50.0 50
8 -50.0 50
9 -23.0 23
10 -8.0 8
11 -9.0 9
12 -7.0 7
13 -10.0 10
14 -13.0 13
15 -7.0 7
0 -35.0 35
1 -50.0 50
2 -50.0 50
3 -50.0 50
4 -50.0 50
5 -10.0 10
6 -50.0 50
7 -50.0 50
8 -21.0 21
9 -19.0 19
10 -9.0 9
11 -12.0 12
12 -7.0 7
13 -7.0 7
14 -9.0 9
15 -7.0 7
0 -50.0 50
1 -50.0 50
2 -50.0 50
3 -50.0 50
4 -50.0 50
5 -18.0 18
6 -16.0 16
7 -12.0 12
8 -13.0 13
9 -14.0 14
10 -10.0 10
11 -10.0 10
12 -49.0 49
13 -24.0 24
14 -10.0 10
15 -10.0 10
0 -27.0 27
1 -50.0 50
2 -50.0 50
3 -27.0 27
4 -50.0 50
5 -50.0 50
6 -35.0 35
7 -45.0 45
8 -50.0 50
9 -17.0 17
10 -10.0 10
11 -11.0 11
12 -7.0 7
13 -7.0 7
14 -7.0 7
15 -7.0 7
0 -27.0 27
1 -50.0 50
2 -50.0 50
3 -50.0 50
4 -44.0 44
5 -43.0 43
6 -28.0 28
7 -11.0 11
8 -20.0 20
9 -50.0 50
10 -19.0 19
11 -17.0 17
12 -12.0 12
13 -11.0 11
14 -10.0 10
15 -7.0 7
0 -50.0 50
1 -50.0 50
2 -50.0 50
3 -25.0 25
4 -44.0 44
5 -50.0 50
6 -13.0 13
7 -35.0 35
8 -30.0 30
9 -22.0 22
10 -13.0 13
11 -8.0 8
12 -7.0 7
13 -7.0 7
14 -7.0 7
15 -7.0 7
0 -50.0 50
1 -50.0 50
2 -34.0 34
3 -50.0 50
4 -22.0 22
5 -50.0 50
6 -22.0 22
7 -16.0 16
8 -50.0 50
9 -30.0 30
10 -14.0 14
11 -7.0 7
12 -12.0 12
13 -11.0 11
14 -13.0 13
15 -7.0 7
0 -38.0 38
1 -50.0 50
2 -50.0 50
3 -50.0 50
4 -23.0 23
5 -50.0 50
6 -32.0 32
7 -50.0 50
8 -50.0 50
9 -8.0 8
10 -9.0 9
11 -7.0 7
12 -9.0 9
13 -8.0 8
14 -9.0 9
15 -7.0 7
0 -50.0 50
1 -25.0 25
2 -50.0 50
3 -39.0 39
4 -50.0 50
5 -41.0 41
6 -38.0 38
7 -14.0 14
8 -8.0 8
9 -16.0 16
10 -13.0 13
11 -16.0 16
12 -16.0 16
13 -10.0 10
14 -7.0 7
15 -7.0 7
0 -21.0 21
1 -50.0 50
2 -50.0 50
3 -43.0 43
4 -50.0 50
5 -50.0 50
6 -47.0 47
7 -32.0 32
8 -11.0 11
9 -12.0 12
10 -7.0 7
11 -7.0 7
12 -11.0 11
13 -10.0 10
14 -7.0 7
15 -12.0 12
0 -50.0 50
1 -50.0 50
2 -35.0 35
3 -50.0 50
4 -31.0 31
5 -49.0 49
6 -33.0 33
7 -29.0 29
8 -31.0 31
9 -9.0 9
10 -17.0 17
11 -7.0 7
12 -8.0 8
13 -7.0 7
14 -7.0 7
15 -50.0 50
0 -47.0 47
1 -50.0 50
2 -50.0 50
3 -50.0 50
4 -43.0 43
5 -45.0 45
6 -50.0 50
7 -50.0 50
8 -36.0 36
9 -13.0 13
10 -14.0 14
11 -23.0 23
12 -17.0 17
13 -9.0 9
14 -7.0 7
15 -7.0 7
0 -50.0 50
1 -35.0 35
2 -50.0 50
3 -50.0 50
4 -30.0 30
5 -50.0 50
6 -30.0 30
7 -28.0 28
8 -22.0 22
9 -10.0 10
10 -12.0 12
11 -44.0 44
12 -19.0 19
13 -41.0 41
14 -17.0 17
15 -13.0 13
0 -50.0 50
1 -50.0 50
2 -29.0 29
3 -50.0 50
4 -50.0 50
5 -19.0 19
6 -28.0 28
7 -30.0 30
8 -12.0 12
9 -13.0 13
10 -21.0 21
11 -30.0 30
12 -50.0 50
13 -10.0 10
14 -9.0 9
15 -9.0 9
0 -50.0 50
1 -50.0 50
2 -39.0 39
3 -50.0 50
4 -35.0 35
5 -32.0 32
6 -43.0 43
7 -50.0 50
8 -35.0 35
9 -16.0 16
10 -13.0 13
11 -7.0 7
12 -9.0 9
13 -7.0 7
14 -7.0 7
15 -9.0 9
0 -50.0 50
1 -50.0 50
2 -50.0 50
3 -26.0 26
4 -50.0 50
5 -50.0 50
6 -26.0 26
7 -17.0 17
8 -11.0 11
9 -50.0 50
10 -8.0 8
11 -7.0 7
12 -8.0 8
13 -11.0 11
14 -7.0 7
15 -7.0 7
0 -37.0 37
1 -50.0 50
2 -50.0 50
3 -50.0 50
4 -26.0 26
5 -19.0 19
6 -17.0 17
7 -30.0 30
8 -50.0 50
9 -50.0 50
10 -45.0 45
11 -20.0 20
12 -14.0 14
13 -11.0 11
14 -11.0 11
15 -12.0 12
0 -43.0 43
1 -50.0 50
2 -50.0 50
3 -50.0 50
4 -26.0 26
5 -49.0 49
6 -23.0 23
7 -14.0 14
8 -15.0 15
9 -14.0 14
10 -7.0 7
11 -14.0 14
12 -7.0 7
13 -7.0 7
14 -9.0 9
15 -8.0 8
0 -50.0 50
1 -50.0 50
2 -50.0 50
3 -50.0 50
4 -50.0 50
5 -11.0 11
6 -15.0 15
7 -21.0 21
8 -19.0 19
9 -19.0 19
10 -50.0 50
11 -17.0 17
12 -17.0 17
13 -13.0 13
14 -16.0 16
15 -7.0 7
