0 -50.0 50
1 -36.0 36
2 -46.0 46
3 -50.0 50
4 -30.0 30
5 -50.0 50
0 -24.0 24
1 -50.0 50
2 -50.0 50
3 -50.0 50
4 -50.0 50
5 -33.0 33
0 -50.0 50
1 -50.0 50
2 -50.0 50
3 -41.0 41
4 -32.0 32
5 -50.0 50
0 -50.0 50
1 -48.0 48
2 -50.0 50
3 -50.0 50
4 -50.0 50
5 -50.0 50
0 -50.0 50
1 -23.0 23
2 -50.0 50
3 -50.0 50
4 -41.0 41
5 -28.0 28
0 -26.0 26
1 -50.0 50
2 -40.0 40
3 -50.0 50
4 -50.0 50
5 -50.0 50
0 -50.0 50
1 -50.0 50
2 -35.0 35
3 -50.0 50
4 -50.0 50
5 -25.0 25
0 -50.0 50
1 -30.0 30
2 -50.0 50
3 -23.0 23
4 -50.0 50
5 -50.0 50
0 -50.0 50
1 -50.0 50
2 -19.0 19
3 -40.0 40
4 -39.0 39
5 -44.0 44
0 -50.0 50
1 -50.0 50
2 -50.0 50
3 -18.0 18
4 -40.0 40
5 -21.0 21
0 -50.0 50
1 -41.0 41
2 -50.0 50
3 -50.0 50
4 -50.0 50
5 -50.0 50
0 -48.0 48
1 -50.0 50
2 -49.0 49
3 -50.0 50
4 -19.0 19
5 -47.0 47
0 -36.0 36
1 -50.0 50
2 -50.0 50
3 -50.0 50
4 -20.0 20
5 -40.0 40
0 -50.0 50
1 -46.0 46
2 -46.0 46
3 -50.0 50
4 -50.0 50
5 -50.0 50
0 -50.0 50
1 -50.0 50
2 -50.0 50
3 -17.0 17
4 -50.0 50
5 -31.0 31
0 -50.0 50
1 -42.0 42
2 -50.0 50
3 -18.0 18
4 -50.0 50
5 -50.0 50
0 -18.0 18
1 -50.0 50
2 -50.0 50
3 -50.0 50
4 -50.0 50
5 -50.0 50
0 -50.0 50
1 -50.0 50
2 -29.0 29
3 -49.0 49
4 -50.0 50
5 -34.0 34
0 -50.0 50
1 -39.0 39
2 -47.0 47
3 -50.0 50
4 -45.0 45
5 -50.0 50
0 -50.0 50
1 -50.0 50
2 -50.0 50
3 -28.0 28
4 -50.0 50
5 -34.0 34
0 -50.0 50
1 -50.0 50
2 -8.0 8
3 -32.0 32
4 -50.0 50
5 -29.0 29
0 -38.0 38
1 -50.0 50
2 -50.0 50
3 -50.0 50
4 -30.0 30
5 -33.0 33
0 -24.0 24
1 -50.0 50
2 -50.0 50
3 -50.0 50
4 -50.0 50
5 -50.0 50
0 -19.0 19
1 -50.0 50
2 -50.0 50
3 -50.0 50
4 -35.0 35
5 -41.0 41
0 -50.0 50
1 -50.0 50
2 -50.0 50
3 -50.0 50
4 -42.0 42
5 -17.0 17
0 -50.0 50
1 -50.0 50
2 -15.0 15
3 -50.0 50
4 -50.0 50
5 -50.0 50
0 -15.0 15
1 -50.0 50
2 -50.0 50
3 -50.0 50
4 -29.0 29
5 -50.0 50
0 -35.0 35
1 -50.0 50
2 -50.0 50
3 -30.0 30
4 -46.0 46
5 -50.0 50
0 -31.0 31
1 -50.0 50
2 -50.0 50
3 -37.0 37
4 -50.0 50
5 -39.0 39
0 -47.0 47
1 -50.0 50
2 -50.0 50
3 -50.0 50
4 -50.0 50
5 -26.0 26
0 -50.0 50
1 -50.0 50
2 -50.0 50
3 -50.0 50
4 -50.0 50
5 -19.0 19
0 -50.0 50
1 -50.0 50
2 -50.0 50
3 -26.0 26
4 -50.0 50
5 -39.0 39
0 -28.0 28
1 -50.0 50
2 -50.0 50
3 -15.0 15
4 -50.0 50
5 -50.0 50
0 -50.0 50
1 -50.0 50
2 -50.0 50
3 -43.0 43
4 -50.0 50
5 -28.0 28
0 -23.0 23
1 -50.0 50
2 -50.0 50
3 -50.0 50
4 -50.0 50
5 -50.0 50
0 -50.0 50
1 -41.0 41
2 -50.0 50
3 -50.0 50
4 -31.0 31
5 -31.0 31
0 -50.0 50
1 -25.0 25
2 -43.0 43
3 -50.0 50
4 -50.0 50
5 -50.0 50
0 -50.0 50
1 -50.0 50
2 -50.0 50
3 -50.0 50
4 -47.0 47
5 -8.0 8
0 -20.0 20
1 -50.0 50
2 -50.0 50
3 -50.0 50
4 -29.0 29
5 -50.0 50
0 -50.0 50
1 -50.0 50
2 -50.0 50
3 -33.0 33
4 -28.0 28
5 -50.0 50
