0 -38.0 38
1 -50.0 50
0 -50.0 50
1 -43.0 43
0 -50.0 50
1 -50.0 50
0 -50.0 50
1 -15.0 15
0 -50.0 50
1 -50.0 50
0 -50.0 50
1 -36.0 36
0 -50.0 50
1 -33.0 33
0 -50.0 50
1 -50.0 50
0 -50.0 50
1 -50.0 50
0 -50.0 50
1 -50.0 50
0 -50.0 50
1 -50.0 50
0 -50.0 50
1 -50.0 50
0 -37.0 37
1 -50.0 50
0 -50.0 50
1 -50.0 50
0 -50.0 50
1 -50.0 50
0 -50.0 50
1 -50.0 50
0 -50.0 50
1 -50.0 50
0 -43.0 43
1 -50.0 50
0 -50.0 50
1 -20.0 20
0 -50.0 50
1 -30.0 30
0 -50.0 50
1 -50.0 50
0 -35.0 35
1 -50.0 50
0 -50.0 50
1 -50.0 50
0 -50.0 50
1 -50.0 50
0 -50.0 50
1 -50.0 50
0 -50.0 50
1 -50.0 50
0 -50.0 50
1 -50.0 50
0 -28.0 28
1 -50.0 50
0 -40.0 40
1 -50.0 50
0 -50.0 50
1 -50.0 50
0 -50.0 50
1 -36.0 36
0 -50.0 50
1 -50.0 50
0 -50.0 50
1 -50.0 50
0 -50.0 50
1 -41.0 41
0 -50.0 50
1 -50.0 50
0 -50.0 50
1 -50.0 50
0 -50.0 50
1 -31.0 31
0 -50.0 50
1 -14.0 14
0 -50.0 50
1 -50.0 50
0 -50.0 50
1 -50.0 50
