
0 -50.0 50
10 -50.0 50
20 -12.0 12
30 -12.0 12
40 -12.0 12
50 -12.0 12
60 -12.0 12
70 -12.0 12
80 -12.0 12
90 -12.0 12
100 -12.0 12
110 -12.0 12
120 -12.0 12
130 -12.0 12
140 -12.0 12
150 -12.0 12
160 -12.0 12
170 -12.0 12
180 -12.0 12
190 -12.0 12
200 -12.0 12
210 -12.0 12
220 -12.0 12
230 -12.0 12
240 -12.0 12
250 -12.0 12
260 -12.0 12
270 -12.0 12
280 -12.0 12
290 -12.0 12
300 -12.0 12
310 -12.0 12
320 -12.0 12
330 -12.0 12
340 -12.0 12
350 -12.0 12
360 -12.0 12
370 -12.0 12
380 -12.0 12
390 -12.0 12
400 -12.0 12
410 -12.0 12
420 -12.0 12
430 -12.0 12
440 -12.0 12
450 -12.0 12
460 -12.0 12
470 -12.0 12
480 -12.0 12
490 -12.0 12
499 -12.0 12
0 -50.0 50
10 -50.0 50
20 -50.0 50
30 -12.0 12
40 -12.0 12
50 -12.0 12
60 -12.0 12
70 -12.0 12
80 -12.0 12
90 -12.0 12
100 -12.0 12
110 -12.0 12
120 -12.0 12
130 -12.0 12
140 -12.0 12
150 -12.0 12
160 -12.0 12
170 -12.0 12
180 -12.0 12
190 -12.0 12
200 -12.0 12
210 -12.0 12
220 -12.0 12
230 -12.0 12
240 -12.0 12
250 -12.0 12
260 -12.0 12
270 -12.0 12
280 -12.0 12
290 -12.0 12
300 -12.0 12
310 -12.0 12
320 -12.0 12
330 -12.0 12
340 -12.0 12
350 -12.0 12
360 -12.0 12
370 -12.0 12
380 -12.0 12
390 -12.0 12
400 -12.0 12
410 -12.0 12
420 -12.0 12
430 -12.0 12
440 -12.0 12
450 -12.0 12
460 -12.0 12
470 -12.0 12
480 -12.0 12
490 -12.0 12
499 -12.0 12
0 -50.0 50
10 -50.0 50
20 -13.0 13
30 -13.0 13
40 -13.0 13
50 -13.0 13
60 -13.0 13
70 -13.0 13
80 -13.0 13
90 -13.0 13
100 -13.0 13
110 -13.0 13
120 -13.0 13
130 -13.0 13
140 -13.0 13
150 -13.0 13
160 -13.0 13
170 -13.0 13
180 -13.0 13
190 -13.0 13
200 -13.0 13
210 -12.0 12
220 -12.0 12
230 -12.0 12
240 -12.0 12
250 -12.0 12
260 -12.0 12
270 -12.0 12
280 -12.0 12
290 -12.0 12
300 -12.0 12
310 -12.0 12
320 -12.0 12
330 -12.0 12
340 -12.0 12
350 -12.0 12
360 -12.0 12
370 -12.0 12
380 -12.0 12
390 -12.0 12
400 -12.0 12
410 -12.0 12
420 -12.0 12
430 -12.0 12
440 -12.0 12
450 -12.0 12
460 -12.0 12
470 -12.0 12
480 -12.0 12
490 -12.0 12
499 -12.0 12
0 -50.0 50
10 -50.0 50
20 -12.0 12
30 -12.0 12
40 -12.0 12
50 -12.0 12
60 -12.0 12
70 -12.0 12
80 -12.0 12
90 -12.0 12
100 -12.0 12
110 -12.0 12
120 -12.0 12
130 -12.0 12
140 -12.0 12
150 -12.0 12
160 -12.0 12
170 -12.0 12
180 -12.0 12
190 -12.0 12
200 -12.0 12
210 -12.0 12
220 -12.0 12
230 -12.0 12
240 -12.0 12
250 -12.0 12
260 -12.0 12
270 -12.0 12
280 -12.0 12
290 -12.0 12
300 -12.0 12
310 -12.0 12
320 -12.0 12
330 -12.0 12
340 -12.0 12
350 -12.0 12
360 -12.0 12
370 -12.0 12
380 -12.0 12
390 -12.0 12
400 -12.0 12
410 -12.0 12
420 -12.0 12
430 -12.0 12
440 -12.0 12
450 -12.0 12
460 -12.0 12
470 -12.0 12
480 -12.0 12
490 -12.0 12
499 -12.0 12
0 -50.0 50
10 -50.0 50
20 -12.0 12
30 -12.0 12
40 -12.0 12
50 -12.0 12
60 -12.0 12
70 -12.0 12
80 -12.0 12
90 -12.0 12
100 -12.0 12
110 -12.0 12
120 -12.0 12
130 -12.0 12
140 -12.0 12
150 -12.0 12
160 -12.0 12
170 -12.0 12
180 -12.0 12
190 -12.0 12
200 -12.0 12
210 -12.0 12
220 -12.0 12
230 -12.0 12
240 -12.0 12
250 -12.0 12
260 -12.0 12
270 -12.0 12
280 -12.0 12
290 -12.0 12
300 -12.0 12
310 -12.0 12
320 -12.0 12
330 -50.0 50
340 -12.0 12
350 -12.0 12
360 -12.0 12
370 -12.0 12
380 -12.0 12
390 -12.0 12
400 -12.0 12
410 -12.0 12
420 -12.0 12
430 -12.0 12
440 -12.0 12
450 -12.0 12
460 -12.0 12
470 -12.0 12
480 -12.0 12
490 -12.0 12
499 -12.0 12
0 -50.0 50
10 -50.0 50
20 -12.0 12
30 -12.0 12
40 -12.0 12
50 -12.0 12
60 -12.0 12
70 -12.0 12
80 -12.0 12
90 -12.0 12
100 -12.0 12
110 -12.0 12
120 -12.0 12
130 -12.0 12
140 -12.0 12
150 -12.0 12
160 -12.0 12
170 -12.0 12
180 -12.0 12
190 -12.0 12
200 -12.0 12
210 -12.0 12
220 -12.0 12
230 -12.0 12
240 -50.0 50
250 -12.0 12
260 -12.0 12
270 -12.0 12
280 -12.0 12
290 -12.0 12
300 -12.0 12
310 -12.0 12
320 -50.0 50
330 -12.0 12
340 -12.0 12
350 -12.0 12
360 -12.0 12
370 -12.0 12
380 -12.0 12
390 -12.0 12
400 -12.0 12
410 -12.0 12
420 -12.0 12
430 -12.0 12
440 -12.0 12
450 -12.0 12
460 -12.0 12
470 -12.0 12
480 -12.0 12
490 -12.0 12
499 -12.0 12
0 -50.0 50
10 -50.0 50
20 -12.0 12
30 -12.0 12
40 -12.0 12
50 -12.0 12
60 -12.0 12
70 -12.0 12
80 -12.0 12
90 -12.0 12
100 -12.0 12
110 -12.0 12
120 -12.0 12
130 -12.0 12
140 -12.0 12
150 -12.0 12
160 -12.0 12
170 -12.0 12
180 -12.0 12
190 -12.0 12
200 -12.0 12
210 -12.0 12
220 -12.0 12
230 -12.0 12
240 -12.0 12
250 -12.0 12
260 -12.0 12
270 -12.0 12
280 -12.0 12
290 -12.0 12
300 -12.0 12
310 -12.0 12
320 -12.0 12
330 -12.0 12
340 -12.0 12
350 -12.0 12
360 -12.0 12
370 -12.0 12
380 -12.0 12
390 -12.0 12
400 -12.0 12
410 -12.0 12
420 -12.0 12
430 -12.0 12
440 -12.0 12
450 -12.0 12
460 -12.0 12
470 -12.0 12
480 -12.0 12
490 -12.0 12
499 -12.0 12
0 -50.0 50
10 -50.0 50
20 -12.0 12
30 -12.0 12
40 -12.0 12
50 -12.0 12
60 -12.0 12
70 -12.0 12
80 -12.0 12
90 -12.0 12
100 -12.0 12
110 -12.0 12
120 -12.0 12
130 -12.0 12
140 -12.0 12
150 -12.0 12
160 -12.0 12
170 -12.0 12
180 -12.0 12
190 -12.0 12
200 -12.0 12
210 -12.0 12
220 -12.0 12
230 -12.0 12
240 -12.0 12
250 -12.0 12
260 -12.0 12
270 -12.0 12
280 -12.0 12
290 -12.0 12
300 -12.0 12
310 -12.0 12
320 -12.0 12
330 -12.0 12
340 -12.0 12
350 -12.0 12
360 -12.0 12
370 -12.0 12
380 -12.0 12
390 -12.0 12
400 -12.0 12
410 -12.0 12
420 -12.0 12
430 -12.0 12
440 -12.0 12
450 -12.0 12
460 -12.0 12
470 -12.0 12
480 -12.0 12
490 -12.0 12
499 -12.0 12
0 -50.0 50
10 -50.0 50
20 -50.0 50
30 -12.0 12
40 -12.0 12
50 -12.0 12
60 -12.0 12
70 -12.0 12
80 -12.0 12
90 -12.0 12
100 -12.0 12
110 -12.0 12
120 -12.0 12
130 -12.0 12
140 -12.0 12
150 -12.0 12
160 -12.0 12
170 -12.0 12
180 -12.0 12
190 -12.0 12
200 -12.0 12
210 -12.0 12
220 -12.0 12
230 -12.0 12
240 -12.0 12
250 -12.0 12
260 -12.0 12
270 -12.0 12
280 -12.0 12
290 -12.0 12
300 -12.0 12
310 -12.0 12
320 -12.0 12
330 -12.0 12
340 -12.0 12
350 -12.0 12
360 -12.0 12
370 -12.0 12
380 -12.0 12
390 -12.0 12
400 -12.0 12
410 -12.0 12
420 -12.0 12
430 -12.0 12
440 -12.0 12
450 -12.0 12
460 -12.0 12
470 -12.0 12
480 -12.0 12
490 -12.0 12
499 -12.0 12
0 -50.0 50
10 -50.0 50
20 -50.0 50
30 -12.0 12
40 -12.0 12
50 -12.0 12
60 -12.0 12
70 -12.0 12
80 -12.0 12
90 -12.0 12
100 -12.0 12
110 -12.0 12
120 -12.0 12
130 -12.0 12
140 -12.0 12
150 -12.0 12
160 -12.0 12
170 -12.0 12
180 -12.0 12
190 -12.0 12
200 -12.0 12
210 -12.0 12
220 -12.0 12
230 -12.0 12
240 -12.0 12
250 -12.0 12
260 -12.0 12
270 -12.0 12
280 -12.0 12
290 -12.0 12
300 -12.0 12
310 -12.0 12
320 -12.0 12
330 -12.0 12
340 -12.0 12
350 -12.0 12
360 -12.0 12
370 -12.0 12
380 -12.0 12
390 -12.0 12
400 -12.0 12
410 -12.0 12
420 -12.0 12
430 -12.0 12
440 -12.0 12
450 -12.0 12
460 -12.0 12
470 -12.0 12
480 -12.0 12
490 -12.0 12
499 -12.0 12
0 -50.0 50
10 -50.0 50
20 -12.0 12
30 -12.0 12
40 -12.0 12
50 -12.0 12
60 -12.0 12
70 -12.0 12
80 -12.0 12
90 -12.0 12
100 -12.0 12
110 -12.0 12
120 -12.0 12
130 -12.0 12
140 -12.0 12
150 -12.0 12
160 -12.0 12
170 -12.0 12
180 -12.0 12
190 -12.0 12
200 -12.0 12
210 -12.0 12
220 -12.0 12
230 -12.0 12
240 -12.0 12
250 -12.0 12
260 -12.0 12
270 -12.0 12
280 -12.0 12
290 -12.0 12
300 -12.0 12
310 -12.0 12
320 -12.0 12
330 -12.0 12
340 -12.0 12
350 -12.0 12
360 -12.0 12
370 -50.0 50
380 -12.0 12
390 -12.0 12
400 -12.0 12
410 -12.0 12
420 -12.0 12
430 -12.0 12
440 -12.0 12
450 -12.0 12
460 -12.0 12
470 -12.0 12
480 -12.0 12
490 -12.0 12
499 -12.0 12
0 -50.0 50
10 -50.0 50
20 -12.0 12
30 -12.0 12
40 -12.0 12
50 -12.0 12
60 -12.0 12
70 -12.0 12
80 -12.0 12
90 -12.0 12
100 -12.0 12
110 -12.0 12
120 -12.0 12
130 -12.0 12
140 -12.0 12
150 -12.0 12
160 -12.0 12
170 -12.0 12
180 -12.0 12
190 -12.0 12
200 -12.0 12
210 -12.0 12
220 -12.0 12
230 -50.0 50
240 -12.0 12
250 -12.0 12
260 -12.0 12
270 -12.0 12
280 -12.0 12
290 -12.0 12
300 -12.0 12
310 -12.0 12
320 -12.0 12
330 -12.0 12
340 -12.0 12
350 -12.0 12
360 -12.0 12
370 -12.0 12
380 -12.0 12
390 -12.0 12
400 -12.0 12
410 -12.0 12
420 -12.0 12
430 -12.0 12
440 -12.0 12
450 -12.0 12
460 -12.0 12
470 -12.0 12
480 -12.0 12
490 -12.0 12
499 -12.0 12
0 -50.0 50
10 -50.0 50
20 -12.0 12
30 -12.0 12
40 -12.0 12
50 -12.0 12
60 -12.0 12
70 -12.0 12
80 -12.0 12
90 -12.0 12
100 -12.0 12
110 -12.0 12
120 -12.0 12
130 -12.0 12
140 -12.0 12
150 -12.0 12
160 -12.0 12
170 -12.0 12
180 -12.0 12
190 -12.0 12
200 -12.0 12
210 -12.0 12
220 -12.0 12
230 -12.0 12
240 -12.0 12
250 -12.0 12
260 -12.0 12
270 -12.0 12
280 -12.0 12
290 -12.0 12
300 -12.0 12
310 -50.0 50
320 -12.0 12
330 -12.0 12
340 -12.0 12
350 -12.0 12
360 -12.0 12
370 -12.0 12
380 -12.0 12
390 -12.0 12
400 -12.0 12
410 -12.0 12
420 -12.0 12
430 -12.0 12
440 -12.0 12
450 -12.0 12
460 -12.0 12
470 -12.0 12
480 -12.0 12
490 -12.0 12
499 -12.0 12
0 -50.0 50
10 -50.0 50
20 -12.0 12
30 -12.0 12
40 -12.0 12
50 -12.0 12
60 -12.0 12
70 -12.0 12
80 -12.0 12
90 -12.0 12
100 -12.0 12
110 -12.0 12
120 -12.0 12
130 -12.0 12
140 -12.0 12
150 -12.0 12
160 -12.0 12
170 -12.0 12
180 -12.0 12
190 -12.0 12
200 -12.0 12
210 -12.0 12
220 -12.0 12
230 -12.0 12
240 -12.0 12
250 -12.0 12
260 -12.0 12
270 -12.0 12
280 -50.0 50
290 -12.0 12
300 -12.0 12
310 -50.0 50
320 -12.0 12
330 -12.0 12
340 -12.0 12
350 -12.0 12
360 -12.0 12
370 -12.0 12
380 -12.0 12
390 -12.0 12
400 -12.0 12
410 -12.0 12
420 -12.0 12
430 -12.0 12
440 -12.0 12
450 -12.0 12
460 -12.0 12
470 -12.0 12
480 -12.0 12
490 -12.0 12
499 -12.0 12
0 -50.0 50
10 -50.0 50
20 -50.0 50
30 -12.0 12
40 -12.0 12
50 -12.0 12
60 -12.0 12
70 -12.0 12
80 -12.0 12
90 -12.0 12
100 -12.0 12
110 -12.0 12
120 -12.0 12
130 -12.0 12
140 -12.0 12
150 -12.0 12
160 -12.0 12
170 -12.0 12
180 -12.0 12
190 -12.0 12
200 -12.0 12
210 -12.0 12
220 -12.0 12
230 -12.0 12
240 -12.0 12
250 -12.0 12
260 -12.0 12
270 -12.0 12
280 -12.0 12
290 -12.0 12
300 -12.0 12
310 -12.0 12
320 -12.0 12
330 -12.0 12
340 -12.0 12
350 -12.0 12
360 -12.0 12
370 -12.0 12
380 -12.0 12
390 -12.0 12
400 -12.0 12
410 -12.0 12
420 -12.0 12
430 -12.0 12
440 -12.0 12
450 -12.0 12
460 -12.0 12
470 -12.0 12
480 -12.0 12
490 -12.0 12
499 -12.0 12
0 -50.0 50
10 -50.0 50
20 -12.0 12
30 -12.0 12
40 -12.0 12
50 -12.0 12
60 -12.0 12
70 -12.0 12
80 -12.0 12
90 -12.0 12
100 -12.0 12
110 -12.0 12
120 -12.0 12
130 -12.0 12
140 -12.0 12
150 -12.0 12
160 -12.0 12
170 -12.0 12
180 -12.0 12
190 -12.0 12
200 -12.0 12
210 -12.0 12
220 -12.0 12
230 -12.0 12
240 -12.0 12
250 -12.0 12
260 -12.0 12
270 -12.0 12
280 -12.0 12
290 -12.0 12
300 -12.0 12
310 -12.0 12
320 -12.0 12
330 -12.0 12
340 -12.0 12
350 -12.0 12
360 -12.0 12
370 -12.0 12
380 -12.0 12
390 -12.0 12
400 -12.0 12
410 -12.0 12
420 -12.0 12
430 -12.0 12
440 -12.0 12
450 -12.0 12
460 -12.0 12
470 -12.0 12
480 -12.0 12
490 -12.0 12
499 -12.0 12
0 -50.0 50
10 -50.0 50
20 -12.0 12
30 -12.0 12
40 -12.0 12
50 -12.0 12
60 -12.0 12
70 -12.0 12
80 -12.0 12
90 -12.0 12
100 -12.0 12
110 -12.0 12
120 -12.0 12
130 -12.0 12
140 -12.0 12
150 -12.0 12
160 -12.0 12
170 -12.0 12
180 -50.0 50
190 -12.0 12
200 -12.0 12
210 -12.0 12
220 -12.0 12
230 -12.0 12
240 -12.0 12
250 -12.0 12
260 -12.0 12
270 -12.0 12
280 -12.0 12
290 -12.0 12
300 -12.0 12
310 -12.0 12
320 -12.0 12
330 -12.0 12
340 -12.0 12
350 -12.0 12
360 -12.0 12
370 -12.0 12
380 -12.0 12
390 -12.0 12
400 -12.0 12
410 -12.0 12
420 -12.0 12
430 -12.0 12
440 -12.0 12
450 -12.0 12
460 -12.0 12
470 -12.0 12
480 -12.0 12
490 -12.0 12
499 -12.0 12
0 -50.0 50
10 -50.0 50
20 -50.0 50
30 -50.0 50
40 -13.0 13
50 -13.0 13
60 -13.0 13
70 -50.0 50
80 -13.0 13
90 -13.0 13
100 -12.0 12
110 -12.0 12
120 -12.0 12
130 -12.0 12
140 -12.0 12
150 -12.0 12
160 -12.0 12
170 -12.0 12
180 -12.0 12
190 -12.0 12
200 -12.0 12
210 -12.0 12
220 -12.0 12
230 -12.0 12
240 -12.0 12
250 -12.0 12
260 -12.0 12
270 -12.0 12
280 -12.0 12
290 -12.0 12
300 -12.0 12
310 -12.0 12
320 -12.0 12
330 -12.0 12
340 -12.0 12
350 -12.0 12
360 -12.0 12
370 -12.0 12
380 -12.0 12
390 -12.0 12
400 -12.0 12
410 -12.0 12
420 -12.0 12
430 -12.0 12
440 -12.0 12
450 -12.0 12
460 -12.0 12
470 -12.0 12
480 -12.0 12
490 -12.0 12
499 -12.0 12
0 -50.0 50
10 -50.0 50
20 -50.0 50
30 -12.0 12
40 -12.0 12
50 -12.0 12
60 -12.0 12
70 -12.0 12
80 -12.0 12
90 -12.0 12
100 -12.0 12
110 -12.0 12
120 -12.0 12
130 -12.0 12
140 -12.0 12
150 -12.0 12
160 -12.0 12
170 -12.0 12
180 -12.0 12
190 -12.0 12
200 -12.0 12
210 -12.0 12
220 -12.0 12
230 -12.0 12
240 -12.0 12
250 -12.0 12
260 -12.0 12
270 -12.0 12
280 -12.0 12
290 -12.0 12
300 -12.0 12
310 -12.0 12
320 -12.0 12
330 -12.0 12
340 -12.0 12
350 -50.0 50
360 -12.0 12
370 -12.0 12
380 -12.0 12
390 -12.0 12
400 -12.0 12
410 -12.0 12
420 -12.0 12
430 -12.0 12
440 -12.0 12
450 -12.0 12
460 -12.0 12
470 -12.0 12
480 -12.0 12
490 -12.0 12
499 -12.0 12
0 -50.0 50
10 -50.0 50
20 -50.0 50
30 -12.0 12
40 -12.0 12
50 -12.0 12
60 -12.0 12
70 -12.0 12
80 -12.0 12
90 -12.0 12
100 -12.0 12
110 -12.0 12
120 -12.0 12
130 -12.0 12
140 -12.0 12
150 -12.0 12
160 -12.0 12
170 -12.0 12
180 -12.0 12
190 -12.0 12
200 -12.0 12
210 -12.0 12
220 -12.0 12
230 -12.0 12
240 -12.0 12
250 -12.0 12
260 -12.0 12
270 -12.0 12
280 -12.0 12
290 -12.0 12
300 -12.0 12
310 -12.0 12
320 -12.0 12
330 -12.0 12
340 -12.0 12
350 -12.0 12
360 -12.0 12
370 -12.0 12
380 -12.0 12
390 -12.0 12
400 -12.0 12
410 -12.0 12
420 -12.0 12
430 -12.0 12
440 -12.0 12
450 -12.0 12
460 -12.0 12
470 -12.0 12
480 -12.0 12
490 -12.0 12
499 -12.0 12