0 -50.0 50
1 -50.0 50
2 -50.0 50
3 -50.0 50
4 -31.0 31
5 -50.0 50
6 -50.0 50
7 -50.0 50
8 -50.0 50
9 -50.0 50
10 -50.0 50
11 -50.0 50
12 -50.0 50
13 -50.0 50
14 -50.0 50
15 -50.0 50
16 -50.0 50
17 -50.0 50
18 -50.0 50
19 -50.0 50
20 -50.0 50
21 -50.0 50
22 -50.0 50
23 -50.0 50
24 -30.0 30
25 -50.0 50
26 -50.0 50
27 -50.0 50
28 -50.0 50
29 -50.0 50
30 -50.0 50
31 -50.0 50
32 -50.0 50
33 -50.0 50
34 -50.0 50
35 -22.0 22
36 -50.0 50
37 -50.0 50
38 -50.0 50
39 -39.0 39
40 -26.0 26
41 -50.0 50
42 -50.0 50
43 -50.0 50
44 -36.0 36
45 -50.0 50
46 -50.0 50
47 -26.0 26
48 -47.0 47
49 -50.0 50
50 -50.0 50
51 -50.0 50
52 -50.0 50
53 -37.0 37
54 -50.0 50
55 -50.0 50
56 -50.0 50
57 -50.0 50
58 -16.0 16
59 -17.0 17
60 -11.0 11
61 -9.0 9
62 -9.0 9
63 -9.0 9
64 -9.0 9
65 -11.0 11
66 -9.0 9
67 -9.0 9
68 -9.0 9
69 -9.0 9
70 -9.0 9
71 -9.0 9
72 -9.0 9
73 -9.0 9
74 -9.0 9
0 -50.0 50
1 -50.0 50
2 -50.0 50
3 -50.0 50
4 -50.0 50
5 -50.0 50
6 -50.0 50
7 -50.0 50
8 -50.0 50
9 -50.0 50
10 -50.0 50
11 -50.0 50
12 -50.0 50
13 -50.0 50
14 -50.0 50
15 -50.0 50
16 -50.0 50
17 -50.0 50
18 -50.0 50
19 -50.0 50
20 -50.0 50
21 -50.0 50
22 -50.0 50
23 -50.0 50
24 -50.0 50
25 -50.0 50
26 -50.0 50
27 -34.0 34
28 -50.0 50
29 -37.0 37
30 -50.0 50
31 -50.0 50
32 -50.0 50
33 -50.0 50
34 -50.0 50
35 -50.0 50
36 -50.0 50
37 -50.0 50
38 -50.0 50
39 -30.0 30
40 -50.0 50
41 -50.0 50
42 -50.0 50
43 -18.0 18
44 -50.0 50
45 -50.0 50
46 -22.0 22
47 -12.0 12
48 -9.0 9
49 -10.0 10
50 -10.0 10
51 -17.0 17
52 -19.0 19
53 -19.0 19
54 -50.0 50
55 -50.0 50
56 -50.0 50
57 -50.0 50
58 -21.0 21
59 -12.0 12
60 -9.0 9
61 -9.0 9
62 -9.0 9
63 -9.0 9
64 -9.0 9
65 -9.0 9
66 -9.0 9
67 -9.0 9
68 -9.0 9
69 -9.0 9
70 -9.0 9
71 -11.0 11
72 -10.0 10
73 -9.0 9
74 -9.0 9
0 -50.0 50
1 -50.0 50
2 -50.0 50
3 -50.0 50
4 -50.0 50
5 -50.0 50
6 -50.0 50
7 -50.0 50
8 -50.0 50
9 -50.0 50
10 -50.0 50
11 -50.0 50
12 -50.0 50
13 -50.0 50
14 -50.0 50
15 -50.0 50
16 -50.0 50
17 -50.0 50
18 -50.0 50
19 -50.0 50
20 -50.0 50
21 -50.0 50
22 -50.0 50
23 -50.0 50
24 -50.0 50
25 -50.0 50
26 -21.0 21
27 -30.0 30
28 -50.0 50
29 -50.0 50
30 -50.0 50
31 -50.0 50
32 -50.0 50
33 -50.0 50
34 -25.0 25
35 -50.0 50
36 -50.0 50
37 -50.0 50
38 -50.0 50
39 -50.0 50
40 -50.0 50
41 -39.0 39
42 -50.0 50
43 -50.0 50
44 -50.0 50
45 -38.0 38
46 -50.0 50
47 -33.0 33
48 -50.0 50
49 -50.0 50
50 -31.0 31
51 -50.0 50
52 -50.0 50
53 -11.0 11
54 -15.0 15
55 -14.0 14
56 -12.0 12
57 -39.0 39
58 -10.0 10
59 -11.0 11
60 -9.0 9
61 -11.0 11
62 -15.0 15
63 -11.0 11
64 -9.0 9
65 -9.0 9
66 -9.0 9
67 -9.0 9
68 -9.0 9
69 -9.0 9
70 -9.0 9
71 -11.0 11
72 -11.0 11
73 -9.0 9
74 -11.0 11
0 -50.0 50
1 -50.0 50
2 -50.0 50
3 -33.0 33
4 -50.0 50
5 -50.0 50
6 -50.0 50
7 -50.0 50
8 -50.0 50
9 -50.0 50
10 -50.0 50
11 -50.0 50
12 -50.0 50
13 -50.0 50
14 -50.0 50
15 -50.0 50
16 -50.0 50
17 -50.0 50
18 -50.0 50
19 -50.0 50
20 -50.0 50
21 -50.0 50
22 -50.0 50
23 -50.0 50
24 -50.0 50
25 -31.0 31
26 -50.0 50
27 -50.0 50
28 -50.0 50
29 -50.0 50
30 -50.0 50
31 -50.0 50
32 -50.0 50
33 -50.0 50
34 -46.0 46
35 -50.0 50
36 -50.0 50
37 -50.0 50
38 -50.0 50
39 -41.0 41
40 -18.0 18
41 -50.0 50
42 -21.0 21
43 -50.0 50
44 -19.0 19
45 -16.0 16
46 -13.0 13
47 -50.0 50
48 -16.0 16
49 -50.0 50
50 -50.0 50
51 -16.0 16
52 -12.0 12
53 -9.0 9
54 -13.0 13
55 -14.0 14
56 -20.0 20
57 -13.0 13
58 -9.0 9
59 -9.0 9
60 -10.0 10
61 -9.0 9
62 -9.0 9
63 -9.0 9
64 -9.0 9
65 -9.0 9
66 -9.0 9
67 -9.0 9
68 -9.0 9
69 -9.0 9
70 -9.0 9
71 -9.0 9
72 -11.0 11
73 -9.0 9
74 -9.0 9
0 -50.0 50
1 -50.0 50
2 -50.0 50
3 -50.0 50
4 -50.0 50
5 -50.0 50
6 -50.0 50
7 -50.0 50
8 -50.0 50
9 -50.0 50
10 -50.0 50
11 -50.0 50
12 -50.0 50
13 -50.0 50
14 -50.0 50
15 -32.0 32
16 -50.0 50
17 -50.0 50
18 -50.0 50
19 -50.0 50
20 -50.0 50
21 -50.0 50
22 -50.0 50
23 -50.0 50
24 -50.0 50
25 -50.0 50
26 -50.0 50
27 -50.0 50
28 -40.0 40
29 -50.0 50
30 -50.0 50
31 -50.0 50
32 -50.0 50
33 -20.0 20
34 -50.0 50
35 -50.0 50
36 -50.0 50
37 -50.0 50
38 -50.0 50
39 -47.0 47
40 -50.0 50
41 -50.0 50
42 -19.0 19
43 -11.0 11
44 -14.0 14
45 -15.0 15
46 -50.0 50
47 -50.0 50
48 -50.0 50
49 -47.0 47
50 -50.0 50
51 -50.0 50
52 -50.0 50
53 -50.0 50
54 -29.0 29
55 -20.0 20
56 -17.0 17
57 -30.0 30
58 -14.0 14
59 -13.0 13
60 -15.0 15
61 -15.0 15
62 -12.0 12
63 -10.0 10
64 -9.0 9
65 -9.0 9
66 -9.0 9
67 -9.0 9
68 -9.0 9
69 -9.0 9
70 -9.0 9
71 -11.0 11
72 -10.0 10
73 -9.0 9
74 -9.0 9
0 -50.0 50
1 -50.0 50
2 -50.0 50
3 -50.0 50
4 -50.0 50
5 -50.0 50
6 -50.0 50
7 -50.0 50
8 -50.0 50
9 -50.0 50
10 -50.0 50
11 -50.0 50
12 -50.0 50
13 -50.0 50
14 -50.0 50
15 -50.0 50
16 -50.0 50
17 -50.0 50
18 -50.0 50
19 -37.0 37
20 -43.0 43
21 -50.0 50
22 -50.0 50
23 -50.0 50
24 -50.0 50
25 -50.0 50
26 -50.0 50
27 -50.0 50
28 -50.0 50
29 -50.0 50
30 -50.0 50
31 -35.0 35
32 -50.0 50
33 -50.0 50
34 -50.0 50
35 -50.0 50
36 -50.0 50
37 -50.0 50
38 -50.0 50
39 -50.0 50
40 -50.0 50
41 -50.0 50
42 -37.0 37
43 -21.0 21
44 -50.0 50
45 -21.0 21
46 -12.0 12
47 -16.0 16
48 -24.0 24
49 -20.0 20
50 -15.0 15
51 -16.0 16
52 -9.0 9
53 -16.0 16
54 -33.0 33
55 -24.0 24
56 -24.0 24
57 -50.0 50
58 -44.0 44
59 -34.0 34
60 -9.0 9
61 -9.0 9
62 -9.0 9
63 -9.0 9
64 -9.0 9
65 -9.0 9
66 -9.0 9
67 -9.0 9
68 -9.0 9
69 -9.0 9
70 -9.0 9
71 -9.0 9
72 -9.0 9
73 -9.0 9
74 -9.0 9
0 -50.0 50
1 -50.0 50
2 -50.0 50
3 -50.0 50
4 -50.0 50
5 -50.0 50
6 -50.0 50
7 -50.0 50
8 -50.0 50
9 -50.0 50
10 -50.0 50
11 -50.0 50
12 -50.0 50
13 -50.0 50
14 -50.0 50
15 -50.0 50
16 -30.0 30
17 -50.0 50
18 -45.0 45
19 -50.0 50
20 -50.0 50
21 -50.0 50
22 -50.0 50
23 -50.0 50
24 -50.0 50
25 -50.0 50
26 -50.0 50
27 -50.0 50
28 -50.0 50
29 -50.0 50
30 -50.0 50
31 -34.0 34
32 -50.0 50
33 -50.0 50
34 -50.0 50
35 -50.0 50
36 -50.0 50
37 -50.0 50
38 -50.0 50
39 -50.0 50
40 -38.0 38
41 -11.0 11
42 -14.0 14
43 -15.0 15
44 -17.0 17
45 -50.0 50
46 -24.0 24
47 -50.0 50
48 -50.0 50
49 -17.0 17
50 -38.0 38
51 -11.0 11
52 -10.0 10
53 -13.0 13
54 -22.0 22
55 -45.0 45
56 -17.0 17
57 -16.0 16
58 -10.0 10
59 -12.0 12
60 -12.0 12
61 -9.0 9
62 -9.0 9
63 -9.0 9
64 -9.0 9
65 -9.0 9
66 -11.0 11
67 -10.0 10
68 -9.0 9
69 -9.0 9
70 -9.0 9
71 -9.0 9
72 -9.0 9
73 -9.0 9
74 -9.0 9
0 -50.0 50
1 -50.0 50
2 -50.0 50
3 -50.0 50
4 -50.0 50
5 -50.0 50
6 -50.0 50
7 -50.0 50
8 -50.0 50
9 -50.0 50
10 -50.0 50
11 -50.0 50
12 -50.0 50
13 -50.0 50
14 -50.0 50
15 -50.0 50
16 -50.0 50
17 -25.0 25
18 -50.0 50
19 -50.0 50
20 -50.0 50
21 -50.0 50
22 -50.0 50
23 -50.0 50
24 -50.0 50
25 -50.0 50
26 -50.0 50
27 -50.0 50
28 -50.0 50
29 -50.0 50
30 -50.0 50
31 -30.0 30
32 -23.0 23
33 -50.0 50
34 -50.0 50
35 -50.0 50
36 -50.0 50
37 -50.0 50
38 -50.0 50
39 -36.0 36
40 -50.0 50
41 -39.0 39
42 -50.0 50
43 -50.0 50
44 -50.0 50
45 -50.0 50
46 -26.0 26
47 -12.0 12
48 -16.0 16
49 -11.0 11
50 -14.0 14
51 -11.0 11
52 -18.0 18
53 -17.0 17
54 -15.0 15
55 -50.0 50
56 -15.0 15
57 -11.0 11
58 -11.0 11
59 -11.0 11
60 -13.0 13
61 -11.0 11
62 -9.0 9
63 -9.0 9
64 -9.0 9
65 -9.0 9
66 -9.0 9
67 -9.0 9
68 -9.0 9
69 -9.0 9
70 -9.0 9
71 -9.0 9
72 -9.0 9
73 -9.0 9
74 -9.0 9
0 -50.0 50
1 -50.0 50
2 -50.0 50
3 -50.0 50
4 -46.0 46
5 -50.0 50
6 -50.0 50
7 -50.0 50
8 -50.0 50
9 -50.0 50
10 -50.0 50
11 -50.0 50
12 -50.0 50
13 -50.0 50
14 -50.0 50
15 -50.0 50
16 -50.0 50
17 -50.0 50
18 -50.0 50
19 -50.0 50
20 -50.0 50
21 -23.0 23
22 -50.0 50
23 -50.0 50
24 -50.0 50
25 -50.0 50
26 -50.0 50
27 -50.0 50
28 -50.0 50
29 -50.0 50
30 -50.0 50
31 -50.0 50
32 -50.0 50
33 -50.0 50
34 -42.0 42
35 -50.0 50
36 -50.0 50
37 -13.0 13
38 -50.0 50
39 -44.0 44
40 -50.0 50
41 -50.0 50
42 -22.0 22
43 -25.0 25
44 -14.0 14
45 -24.0 24
46 -50.0 50
47 -50.0 50
48 -50.0 50
49 -50.0 50
50 -50.0 50
51 -50.0 50
52 -50.0 50
53 -45.0 45
54 -50.0 50
55 -40.0 40
56 -19.0 19
57 -19.0 19
58 -18.0 18
59 -16.0 16
60 -50.0 50
61 -11.0 11
62 -9.0 9
63 -9.0 9
64 -9.0 9
65 -9.0 9
66 -9.0 9
67 -9.0 9
68 -9.0 9
69 -9.0 9
70 -9.0 9
71 -11.0 11
72 -10.0 10
73 -13.0 13
74 -10.0 10
0 -50.0 50
1 -50.0 50
2 -50.0 50
3 -50.0 50
4 -50.0 50
5 -41.0 41
6 -50.0 50
7 -50.0 50
8 -50.0 50
9 -50.0 50
10 -50.0 50
11 -50.0 50
12 -50.0 50
13 -50.0 50
14 -50.0 50
15 -50.0 50
16 -50.0 50
17 -50.0 50
18 -50.0 50
19 -50.0 50
20 -50.0 50
21 -50.0 50
22 -50.0 50
23 -50.0 50
24 -50.0 50
25 -31.0 31
26 -50.0 50
27 -50.0 50
28 -50.0 50
29 -50.0 50
30 -50.0 50
31 -50.0 50
32 -50.0 50
33 -13.0 13
34 -50.0 50
35 -50.0 50
36 -30.0 30
37 -50.0 50
38 -50.0 50
39 -44.0 44
40 -50.0 50
41 -50.0 50
42 -50.0 50
43 -50.0 50
44 -50.0 50
45 -39.0 39
46 -15.0 15
47 -15.0 15
48 -18.0 18
49 -18.0 18
50 -26.0 26
51 -27.0 27
52 -28.0 28
53 -28.0 28
54 -12.0 12
55 -10.0 10
56 -12.0 12
57 -9.0 9
58 -14.0 14
59 -20.0 20
60 -43.0 43
61 -18.0 18
62 -19.0 19
63 -9.0 9
64 -9.0 9
65 -9.0 9
66 -9.0 9
67 -9.0 9
68 -9.0 9
69 -11.0 11
70 -10.0 10
71 -9.0 9
72 -9.0 9
73 -9.0 9
74 -9.0 9
0 -50.0 50
1 -50.0 50
2 -50.0 50
3 -50.0 50
4 -50.0 50
5 -50.0 50
6 -50.0 50
7 -50.0 50
8 -50.0 50
9 -50.0 50
10 -50.0 50
11 -50.0 50
12 -50.0 50
13 -50.0 50
14 -50.0 50
15 -50.0 50
16 -50.0 50
17 -50.0 50
18 -50.0 50
19 -50.0 50
20 -50.0 50
21 -50.0 50
22 -50.0 50
23 -21.0 21
24 -50.0 50
25 -50.0 50
26 -50.0 50
27 -50.0 50
28 -43.0 43
29 -50.0 50
30 -50.0 50
31 -50.0 50
32 -23.0 23
33 -50.0 50
34 -50.0 50
35 -50.0 50
36 -50.0 50
37 -50.0 50
38 -25.0 25
39 -17.0 17
40 -24.0 24
41 -50.0 50
42 -50.0 50
43 -50.0 50
44 -50.0 50
45 -50.0 50
46 -50.0 50
47 -50.0 50
48 -50.0 50
49 -37.0 37
50 -50.0 50
51 -27.0 27
52 -20.0 20
53 -50.0 50
54 -14.0 14
55 -12.0 12
56 -17.0 17
57 -22.0 22
58 -13.0 13
59 -11.0 11
60 -11.0 11
61 -10.0 10
62 -12.0 12
63 -13.0 13
64 -11.0 11
65 -9.0 9
66 -9.0 9
67 -9.0 9
68 -9.0 9
69 -9.0 9
70 -9.0 9
71 -9.0 9
72 -9.0 9
73 -9.0 9
74 -11.0 11
0 -50.0 50
1 -50.0 50
2 -50.0 50
3 -50.0 50
4 -50.0 50
5 -40.0 40
6 -50.0 50
7 -50.0 50
8 -50.0 50
9 -50.0 50
10 -50.0 50
11 -50.0 50
12 -50.0 50
13 -50.0 50
14 -50.0 50
15 -50.0 50
16 -50.0 50
17 -30.0 30
18 -50.0 50
19 -50.0 50
20 -50.0 50
21 -50.0 50
22 -50.0 50
23 -50.0 50
24 -50.0 50
25 -50.0 50
26 -50.0 50
27 -20.0 20
28 -50.0 50
29 -50.0 50
30 -50.0 50
31 -50.0 50
32 -50.0 50
33 -50.0 50
34 -50.0 50
35 -50.0 50
36 -50.0 50
37 -50.0 50
38 -50.0 50
39 -50.0 50
40 -50.0 50
41 -50.0 50
42 -26.0 26
43 -16.0 16
44 -13.0 13
45 -15.0 15
46 -15.0 15
47 -9.0 9
48 -14.0 14
49 -14.0 14
50 -50.0 50
51 -19.0 19
52 -18.0 18
53 -38.0 38
54 -50.0 50
55 -14.0 14
56 -10.0 10
57 -9.0 9
58 -13.0 13
59 -23.0 23
60 -9.0 9
61 -9.0 9
62 -50.0 50
63 -9.0 9
64 -15.0 15
65 -10.0 10
66 -16.0 16
67 -33.0 33
68 -9.0 9
69 -9.0 9
70 -9.0 9
71 -9.0 9
72 -9.0 9
73 -9.0 9
74 -9.0 9
0 -50.0 50
1 -50.0 50
2 -50.0 50
3 -50.0 50
4 -50.0 50
5 -50.0 50
6 -50.0 50
7 -50.0 50
8 -50.0 50
9 -50.0 50
10 -50.0 50
11 -50.0 50
12 -50.0 50
13 -50.0 50
14 -50.0 50
15 -50.0 50
16 -50.0 50
17 -50.0 50
18 -50.0 50
19 -50.0 50
20 -50.0 50
21 -50.0 50
22 -50.0 50
23 -50.0 50
24 -50.0 50
25 -50.0 50
26 -21.0 21
27 -50.0 50
28 -39.0 39
29 -50.0 50
30 -50.0 50
31 -50.0 50
32 -50.0 50
33 -50.0 50
34 -50.0 50
35 -50.0 50
36 -45.0 45
37 -50.0 50
38 -50.0 50
39 -26.0 26
40 -50.0 50
41 -28.0 28
42 -50.0 50
43 -14.0 14
44 -13.0 13
45 -20.0 20
46 -15.0 15
47 -34.0 34
48 -42.0 42
49 -11.0 11
50 -12.0 12
51 -13.0 13
52 -11.0 11
53 -16.0 16
54 -11.0 11
55 -12.0 12
56 -12.0 12
57 -16.0 16
58 -13.0 13
59 -20.0 20
60 -9.0 9
61 -9.0 9
62 -9.0 9
63 -9.0 9
64 -9.0 9
65 -9.0 9
66 -9.0 9
67 -9.0 9
68 -9.0 9
69 -9.0 9
70 -9.0 9
71 -9.0 9
72 -9.0 9
73 -9.0 9
74 -9.0 9
0 -50.0 50
1 -50.0 50
2 -50.0 50
3 -50.0 50
4 -50.0 50
5 -50.0 50
6 -50.0 50
7 -50.0 50
8 -50.0 50
9 -50.0 50
10 -50.0 50
11 -50.0 50
12 -50.0 50
13 -50.0 50
14 -50.0 50
15 -50.0 50
16 -50.0 50
17 -50.0 50
18 -50.0 50
19 -50.0 50
20 -50.0 50
21 -50.0 50
22 -50.0 50
23 -50.0 50
24 -50.0 50
25 -50.0 50
26 -50.0 50
27 -36.0 36
28 -50.0 50
29 -50.0 50
30 -50.0 50
31 -50.0 50
32 -50.0 50
33 -50.0 50
34 -36.0 36
35 -50.0 50
36 -50.0 50
37 -50.0 50
38 -50.0 50
39 -40.0 40
40 -50.0 50
41 -50.0 50
42 -50.0 50
43 -30.0 30
44 -50.0 50
45 -50.0 50
46 -50.0 50
47 -50.0 50
48 -40.0 40
49 -50.0 50
50 -50.0 50
51 -22.0 22
52 -22.0 22
53 -32.0 32
54 -21.0 21
55 -16.0 16
56 -9.0 9
57 -15.0 15
58 -10.0 10
59 -11.0 11
60 -12.0 12
61 -9.0 9
62 -9.0 9
63 -12.0 12
64 -9.0 9
65 -9.0 9
66 -9.0 9
67 -9.0 9
68 -9.0 9
69 -9.0 9
70 -9.0 9
71 -11.0 11
72 -17.0 17
73 -9.0 9
74 -9.0 9
0 -50.0 50
1 -50.0 50
2 -50.0 50
3 -50.0 50
4 -50.0 50
5 -50.0 50
6 -50.0 50
7 -50.0 50
8 -50.0 50
9 -50.0 50
10 -50.0 50
11 -50.0 50
12 -50.0 50
13 -50.0 50
14 -49.0 49
15 -50.0 50
16 -50.0 50
17 -50.0 50
18 -50.0 50
19 -50.0 50
20 -50.0 50
21 -50.0 50
22 -50.0 50
23 -32.0 32
24 -50.0 50
25 -50.0 50
26 -50.0 50
27 -50.0 50
28 -50.0 50
29 -50.0 50
30 -50.0 50
31 -50.0 50
32 -34.0 34
33 -50.0 50
34 -50.0 50
35 -50.0 50
36 -50.0 50
37 -40.0 40
38 -50.0 50
39 -50.0 50
40 -50.0 50
41 -11.0 11
42 -9.0 9
43 -13.0 13
44 -16.0 16
45 -50.0 50
46 -10.0 10
47 -11.0 11
48 -16.0 16
49 -18.0 18
50 -24.0 24
51 -10.0 10
52 -12.0 12
53 -10.0 10
54 -12.0 12
55 -18.0 18
56 -17.0 17
57 -18.0 18
58 -37.0 37
59 -50.0 50
60 -50.0 50
61 -38.0 38
62 -11.0 11
63 -9.0 9
64 -9.0 9
65 -9.0 9
66 -9.0 9
67 -9.0 9
68 -9.0 9
69 -9.0 9
70 -9.0 9
71 -9.0 9
72 -9.0 9
73 -9.0 9
74 -9.0 9
0 -50.0 50
1 -50.0 50
2 -50.0 50
3 -50.0 50
4 -50.0 50
5 -50.0 50
6 -50.0 50
7 -50.0 50
8 -50.0 50
9 -50.0 50
10 -50.0 50
11 -50.0 50
12 -45.0 45
13 -50.0 50
14 -44.0 44
15 -50.0 50
16 -50.0 50
17 -50.0 50
18 -50.0 50
19 -50.0 50
20 -50.0 50
21 -50.0 50
22 -50.0 50
23 -50.0 50
24 -50.0 50
25 -50.0 50
26 -50.0 50
27 -28.0 28
28 -50.0 50
29 -50.0 50
30 -50.0 50
31 -50.0 50
32 -50.0 50
33 -50.0 50
34 -50.0 50
35 -50.0 50
36 -50.0 50
37 -50.0 50
38 -50.0 50
39 -28.0 28
40 -50.0 50
41 -50.0 50
42 -44.0 44
43 -50.0 50
44 -29.0 29
45 -50.0 50
46 -50.0 50
47 -29.0 29
48 -50.0 50
49 -50.0 50
50 -16.0 16
51 -10.0 10
52 -16.0 16
53 -11.0 11
54 -9.0 9
55 -13.0 13
56 -13.0 13
57 -10.0 10
58 -13.0 13
59 -9.0 9
60 -13.0 13
61 -16.0 16
62 -15.0 15
63 -11.0 11
64 -9.0 9
65 -9.0 9
66 -9.0 9
67 -9.0 9
68 -9.0 9
69 -9.0 9
70 -9.0 9
71 -11.0 11
72 -9.0 9
73 -9.0 9
74 -9.0 9
0 -50.0 50
1 -50.0 50
2 -50.0 50
3 -50.0 50
4 -50.0 50
5 -50.0 50
6 -50.0 50
7 -50.0 50
8 -50.0 50
9 -50.0 50
10 -50.0 50
11 -50.0 50
12 -50.0 50
13 -50.0 50
14 -50.0 50
15 -50.0 50
16 -50.0 50
17 -50.0 50
18 -50.0 50
19 -50.0 50
20 -50.0 50
21 -50.0 50
22 -50.0 50
23 -50.0 50
24 -50.0 50
25 -50.0 50
26 -50.0 50
27 -50.0 50
28 -50.0 50
29 -50.0 50
30 -50.0 50
31 -31.0 31
32 -50.0 50
33 -50.0 50
34 -13.0 13
35 -18.0 18
36 -50.0 50
37 -50.0 50
38 -50.0 50
39 -50.0 50
40 -50.0 50
41 -50.0 50
42 -50.0 50
43 -50.0 50
44 -24.0 24
45 -13.0 13
46 -10.0 10
47 -14.0 14
48 -18.0 18
49 -49.0 49
50 -46.0 46
51 -9.0 9
52 -10.0 10
53 -11.0 11
54 -13.0 13
55 -18.0 18
56 -18.0 18
57 -31.0 31
58 -10.0 10
59 -9.0 9
60 -26.0 26
61 -11.0 11
62 -10.0 10
63 -9.0 9
64 -9.0 9
65 -9.0 9
66 -9.0 9
67 -9.0 9
68 -11.0 11
69 -9.0 9
70 -9.0 9
71 -9.0 9
72 -9.0 9
73 -9.0 9
74 -9.0 9
0 -50.0 50
1 -50.0 50
2 -50.0 50
3 -46.0 46
4 -50.0 50
5 -50.0 50
6 -50.0 50
7 -50.0 50
8 -50.0 50
9 -50.0 50
10 -50.0 50
11 -50.0 50
12 -50.0 50
13 -50.0 50
14 -50.0 50
15 -50.0 50
16 -50.0 50
17 -50.0 50
18 -50.0 50
19 -50.0 50
20 -50.0 50
21 -50.0 50
22 -50.0 50
23 -50.0 50
24 -50.0 50
25 -50.0 50
26 -50.0 50
27 -38.0 38
28 -50.0 50
29 -50.0 50
30 -50.0 50
31 -46.0 46
32 -50.0 50
33 -50.0 50
34 -50.0 50
35 -15.0 15
36 -50.0 50
37 -50.0 50
38 -50.0 50
39 -50.0 50
40 -50.0 50
41 -50.0 50
42 -50.0 50
43 -38.0 38
44 -50.0 50
45 -25.0 25
46 -15.0 15
47 -23.0 23
48 -23.0 23
49 -16.0 16
50 -26.0 26
51 -18.0 18
52 -43.0 43
53 -17.0 17
54 -30.0 30
55 -50.0 50
56 -50.0 50
57 -50.0 50
58 -14.0 14
59 -17.0 17
60 -21.0 21
61 -9.0 9
62 -11.0 11
63 -10.0 10
64 -12.0 12
65 -11.0 11
66 -11.0 11
67 -9.0 9
68 -11.0 11
69 -9.0 9
70 -9.0 9
71 -9.0 9
72 -9.0 9
73 -9.0 9
74 -9.0 9
0 -50.0 50
1 -50.0 50
2 -50.0 50
3 -50.0 50
4 -50.0 50
5 -19.0 19
6 -50.0 50
7 -50.0 50
8 -50.0 50
9 -50.0 50
10 -50.0 50
11 -50.0 50
12 -50.0 50
13 -50.0 50
14 -50.0 50
15 -50.0 50
16 -50.0 50
17 -50.0 50
18 -50.0 50
19 -50.0 50
20 -50.0 50
21 -50.0 50
22 -50.0 50
23 -50.0 50
24 -50.0 50
25 -50.0 50
26 -50.0 50
27 -50.0 50
28 -50.0 50
29 -50.0 50
30 -26.0 26
31 -44.0 44
32 -50.0 50
33 -14.0 14
34 -50.0 50
35 -50.0 50
36 -50.0 50
37 -50.0 50
38 -50.0 50
39 -50.0 50
40 -23.0 23
41 -22.0 22
42 -24.0 24
43 -50.0 50
44 -38.0 38
45 -50.0 50
46 -50.0 50
47 -50.0 50
48 -50.0 50
49 -50.0 50
50 -23.0 23
51 -10.0 10
52 -12.0 12
53 -12.0 12
54 -12.0 12
55 -9.0 9
56 -9.0 9
57 -12.0 12
58 -9.0 9
59 -11.0 11
60 -14.0 14
61 -18.0 18
62 -16.0 16
63 -15.0 15
64 -12.0 12
65 -9.0 9
66 -9.0 9
67 -9.0 9
68 -9.0 9
69 -9.0 9
70 -9.0 9
71 -9.0 9
72 -9.0 9
73 -9.0 9
74 -9.0 9
0 -50.0 50
1 -50.0 50
2 -50.0 50
3 -50.0 50
4 -50.0 50
5 -50.0 50
6 -35.0 35
7 -50.0 50
8 -50.0 50
9 -50.0 50
10 -50.0 50
11 -50.0 50
12 -50.0 50
13 -50.0 50
14 -50.0 50
15 -50.0 50
16 -50.0 50
17 -50.0 50
18 -50.0 50
19 -44.0 44
20 -50.0 50
21 -50.0 50
22 -50.0 50
23 -50.0 50
24 -50.0 50
25 -50.0 50
26 -50.0 50
27 -50.0 50
28 -50.0 50
29 -50.0 50
30 -50.0 50
31 -50.0 50
32 -50.0 50
33 -50.0 50
34 -28.0 28
35 -50.0 50
36 -50.0 50
37 -26.0 26
38 -50.0 50
39 -27.0 27
40 -50.0 50
41 -50.0 50
42 -50.0 50
43 -10.0 10
44 -12.0 12
45 -11.0 11
46 -14.0 14
47 -50.0 50
48 -10.0 10
49 -9.0 9
50 -9.0 9
51 -12.0 12
52 -16.0 16
53 -13.0 13
54 -16.0 16
55 -21.0 21
56 -18.0 18
57 -12.0 12
58 -50.0 50
59 -15.0 15
60 -9.0 9
61 -9.0 9
62 -10.0 10
63 -9.0 9
64 -9.0 9
65 -9.0 9
66 -9.0 9
67 -9.0 9
68 -11.0 11
69 -9.0 9
70 -9.0 9
71 -9.0 9
72 -9.0 9
73 -9.0 9
74 -9.0 9
0 -50.0 50
1 -50.0 50
2 -50.0 50
3 -50.0 50
4 -50.0 50
5 -50.0 50
6 -50.0 50
7 -50.0 50
8 -50.0 50
9 -38.0 38
10 -50.0 50
11 -50.0 50
12 -50.0 50
13 -50.0 50
14 -50.0 50
15 -50.0 50
16 -50.0 50
17 -50.0 50
18 -50.0 50
19 -47.0 47
20 -50.0 50
21 -50.0 50
22 -50.0 50
23 -50.0 50
24 -50.0 50
25 -50.0 50
26 -50.0 50
27 -50.0 50
28 -50.0 50
29 -50.0 50
30 -26.0 26
31 -50.0 50
32 -50.0 50
33 -50.0 50
34 -50.0 50
35 -50.0 50
36 -50.0 50
37 -23.0 23
38 -50.0 50
39 -17.0 17
40 -39.0 39
41 -50.0 50
42 -50.0 50
43 -50.0 50
44 -16.0 16
45 -39.0 39
46 -9.0 9
47 -15.0 15
48 -23.0 23
49 -50.0 50
50 -50.0 50
51 -50.0 50
52 -50.0 50
53 -50.0 50
54 -50.0 50
55 -50.0 50
56 -31.0 31
57 -50.0 50
58 -50.0 50
59 -24.0 24
60 -13.0 13
61 -11.0 11
62 -9.0 9
63 -11.0 11
64 -9.0 9
65 -9.0 9
66 -11.0 11
67 -10.0 10
68 -13.0 13
69 -12.0 12
70 -19.0 19
71 -12.0 12
72 -9.0 9
73 -9.0 9
74 -9.0 9
0 -50.0 50
1 -50.0 50
2 -50.0 50
3 -50.0 50
4 -50.0 50
5 -50.0 50
6 -50.0 50
7 -50.0 50
8 -50.0 50
9 -50.0 50
10 -50.0 50
11 -50.0 50
12 -50.0 50
13 -50.0 50
14 -50.0 50
15 -50.0 50
16 -50.0 50
17 -50.0 50
18 -50.0 50
19 -26.0 26
20 -50.0 50
21 -50.0 50
22 -49.0 49
23 -50.0 50
24 -50.0 50
25 -50.0 50
26 -50.0 50
27 -50.0 50
28 -50.0 50
29 -50.0 50
30 -50.0 50
31 -49.0 49
32 -50.0 50
33 -50.0 50
34 -50.0 50
35 -50.0 50
36 -13.0 13
37 -48.0 48
38 -21.0 21
39 -50.0 50
40 -50.0 50
41 -50.0 50
42 -40.0 40
43 -43.0 43
44 -33.0 33
45 -50.0 50
46 -19.0 19
47 -9.0 9
48 -9.0 9
49 -9.0 9
50 -12.0 12
51 -12.0 12
52 -15.0 15
53 -11.0 11
54 -17.0 17
55 -24.0 24
56 -50.0 50
57 -9.0 9
58 -9.0 9
59 -9.0 9
60 -9.0 9
61 -9.0 9
62 -9.0 9
63 -9.0 9
64 -9.0 9
65 -9.0 9
66 -9.0 9
67 -9.0 9
68 -9.0 9
69 -9.0 9
70 -9.0 9
71 -9.0 9
72 -14.0 14
73 -13.0 13
74 -9.0 9
0 -50.0 50
1 -50.0 50
2 -50.0 50
3 -47.0 47
4 -50.0 50
5 -50.0 50
6 -50.0 50
7 -50.0 50
8 -50.0 50
9 -50.0 50
10 -50.0 50
11 -50.0 50
12 -50.0 50
13 -50.0 50
14 -50.0 50
15 -50.0 50
16 -50.0 50
17 -50.0 50
18 -50.0 50
19 -50.0 50
20 -45.0 45
21 -50.0 50
22 -50.0 50
23 -50.0 50
24 -50.0 50
25 -50.0 50
26 -50.0 50
27 -50.0 50
28 -50.0 50
29 -50.0 50
30 -50.0 50
31 -50.0 50
32 -50.0 50
33 -50.0 50
34 -47.0 47
35 -50.0 50
36 -39.0 39
37 -50.0 50
38 -50.0 50
39 -23.0 23
40 -33.0 33
41 -47.0 47
42 -50.0 50
43 -50.0 50
44 -50.0 50
45 -50.0 50
46 -48.0 48
47 -50.0 50
48 -50.0 50
49 -33.0 33
50 -30.0 30
51 -27.0 27
52 -13.0 13
53 -15.0 15
54 -12.0 12
55 -15.0 15
56 -9.0 9
57 -50.0 50
58 -9.0 9
59 -9.0 9
60 -9.0 9
61 -10.0 10
62 -9.0 9
63 -11.0 11
64 -11.0 11
65 -9.0 9
66 -11.0 11
67 -10.0 10
68 -12.0 12
69 -9.0 9
70 -9.0 9
71 -9.0 9
72 -9.0 9
73 -9.0 9
74 -9.0 9
0 -50.0 50
1 -50.0 50
2 -50.0 50
3 -50.0 50
4 -50.0 50
5 -50.0 50
6 -50.0 50
7 -50.0 50
8 -50.0 50
9 -50.0 50
10 -50.0 50
11 -50.0 50
12 -50.0 50
13 -50.0 50
14 -50.0 50
15 -50.0 50
16 -20.0 20
17 -50.0 50
18 -50.0 50
19 -50.0 50
20 -50.0 50
21 -50.0 50
22 -50.0 50
23 -50.0 50
24 -50.0 50
25 -50.0 50
26 -50.0 50
27 -50.0 50
28 -50.0 50
29 -50.0 50
30 -50.0 50
31 -50.0 50
32 -50.0 50
33 -50.0 50
34 -42.0 42
35 -50.0 50
36 -50.0 50
37 -22.0 22
38 -50.0 50
39 -50.0 50
40 -50.0 50
41 -50.0 50
42 -50.0 50
43 -35.0 35
44 -50.0 50
45 -50.0 50
46 -35.0 35
47 -50.0 50
48 -50.0 50
49 -50.0 50
50 -9.0 9
51 -10.0 10
52 -16.0 16
53 -17.0 17
54 -50.0 50
55 -18.0 18
56 -17.0 17
57 -19.0 19
58 -18.0 18
59 -11.0 11
60 -13.0 13
61 -18.0 18
62 -11.0 11
63 -12.0 12
64 -13.0 13
65 -11.0 11
66 -10.0 10
67 -9.0 9
68 -9.0 9
69 -9.0 9
70 -9.0 9
71 -9.0 9
72 -11.0 11
73 -10.0 10
74 -11.0 11
0 -50.0 50
1 -50.0 50
2 -50.0 50
3 -50.0 50
4 -50.0 50
5 -50.0 50
6 -50.0 50
7 -50.0 50
8 -50.0 50
9 -50.0 50
10 -50.0 50
11 -33.0 33
12 -50.0 50
13 -50.0 50
14 -50.0 50
15 -50.0 50
16 -50.0 50
17 -50.0 50
18 -50.0 50
19 -50.0 50
20 -50.0 50
21 -50.0 50
22 -34.0 34
23 -50.0 50
24 -50.0 50
25 -50.0 50
26 -50.0 50
27 -50.0 50
28 -50.0 50
29 -50.0 50
30 -50.0 50
31 -50.0 50
32 -35.0 35
33 -50.0 50
34 -50.0 50
35 -50.0 50
36 -50.0 50
37 -36.0 36
38 -23.0 23
39 -50.0 50
40 -50.0 50
41 -35.0 35
42 -19.0 19
43 -13.0 13
44 -50.0 50
45 -44.0 44
46 -18.0 18
47 -11.0 11
48 -13.0 13
49 -14.0 14
50 -36.0 36
51 -9.0 9
52 -11.0 11
53 -29.0 29
54 -23.0 23
55 -43.0 43
56 -37.0 37
57 -16.0 16
58 -12.0 12
59 -12.0 12
60 -9.0 9
61 -9.0 9
62 -9.0 9
63 -9.0 9
64 -11.0 11
65 -9.0 9
66 -11.0 11
67 -9.0 9
68 -9.0 9
69 -9.0 9
70 -9.0 9
71 -9.0 9
72 -9.0 9
73 -9.0 9
74 -9.0 9
0 -50.0 50
1 -50.0 50
2 -50.0 50
3 -50.0 50
4 -50.0 50
5 -50.0 50
6 -50.0 50
7 -50.0 50
8 -50.0 50
9 -50.0 50
10 -50.0 50
11 -50.0 50
12 -50.0 50
13 -50.0 50
14 -50.0 50
15 -50.0 50
16 -50.0 50
17 -50.0 50
18 -50.0 50
19 -50.0 50
20 -50.0 50
21 -50.0 50
22 -50.0 50
23 -50.0 50
24 -50.0 50
25 -50.0 50
26 -50.0 50
27 -50.0 50
28 -50.0 50
29 -41.0 41
30 -42.0 42
31 -50.0 50
32 -39.0 39
33 -50.0 50
34 -50.0 50
35 -50.0 50
36 -50.0 50
37 -50.0 50
38 -50.0 50
39 -50.0 50
40 -43.0 43
41 -50.0 50
42 -50.0 50
43 -20.0 20
44 -50.0 50
45 -16.0 16
46 -50.0 50
47 -19.0 19
48 -11.0 11
49 -28.0 28
50 -36.0 36
51 -50.0 50
52 -33.0 33
53 -13.0 13
54 -10.0 10
55 -12.0 12
56 -12.0 12
57 -13.0 13
58 -14.0 14
59 -11.0 11
60 -10.0 10
61 -9.0 9
62 -9.0 9
63 -9.0 9
64 -9.0 9
65 -9.0 9
66 -11.0 11
67 -9.0 9
68 -9.0 9
69 -9.0 9
70 -9.0 9
71 -9.0 9
72 -9.0 9
73 -9.0 9
74 -9.0 9
0 -50.0 50
1 -50.0 50
2 -50.0 50
3 -50.0 50
4 -50.0 50
5 -50.0 50
6 -50.0 50
7 -50.0 50
8 -50.0 50
9 -50.0 50
10 -50.0 50
11 -50.0 50
12 -41.0 41
13 -50.0 50
14 -50.0 50
15 -50.0 50
16 -50.0 50
17 -50.0 50
18 -50.0 50
19 -50.0 50
20 -50.0 50
21 -50.0 50
22 -23.0 23
23 -50.0 50
24 -50.0 50
25 -50.0 50
26 -50.0 50
27 -50.0 50
28 -38.0 38
29 -50.0 50
30 -50.0 50
31 -50.0 50
32 -50.0 50
33 -50.0 50
34 -50.0 50
35 -50.0 50
36 -50.0 50
37 -50.0 50
38 -34.0 34
39 -50.0 50
40 -50.0 50
41 -50.0 50
42 -29.0 29
43 -50.0 50
44 -50.0 50
45 -20.0 20
46 -50.0 50
47 -50.0 50
48 -20.0 20
49 -18.0 18
50 -14.0 14
51 -50.0 50
52 -20.0 20
53 -48.0 48
54 -50.0 50
55 -50.0 50
56 -34.0 34
57 -50.0 50
58 -50.0 50
59 -50.0 50
60 -50.0 50
61 -25.0 25
62 -15.0 15
63 -16.0 16
64 -16.0 16
65 -15.0 15
66 -17.0 17
67 -19.0 19
68 -11.0 11
69 -11.0 11
70 -11.0 11
71 -9.0 9
72 -9.0 9
73 -9.0 9
74 -11.0 11
0 -50.0 50
1 -50.0 50
2 -50.0 50
3 -50.0 50
4 -50.0 50
5 -50.0 50
6 -50.0 50
7 -50.0 50
8 -50.0 50
9 -50.0 50
10 -50.0 50
11 -50.0 50
12 -50.0 50
13 -50.0 50
14 -50.0 50
15 -34.0 34
16 -50.0 50
17 -50.0 50
18 -38.0 38
19 -50.0 50
20 -50.0 50
21 -50.0 50
22 -50.0 50
23 -50.0 50
24 -50.0 50
25 -50.0 50
26 -50.0 50
27 -50.0 50
28 -50.0 50
29 -50.0 50
30 -35.0 35
31 -50.0 50
32 -50.0 50
33 -50.0 50
34 -50.0 50
35 -50.0 50
36 -50.0 50
37 -50.0 50
38 -50.0 50
39 -50.0 50
40 -50.0 50
41 -50.0 50
42 -15.0 15
43 -11.0 11
44 -33.0 33
45 -11.0 11
46 -14.0 14
47 -20.0 20
48 -16.0 16
49 -11.0 11
50 -13.0 13
51 -11.0 11
52 -38.0 38
53 -25.0 25
54 -12.0 12
55 -18.0 18
56 -20.0 20
57 -50.0 50
58 -50.0 50
59 -50.0 50
60 -19.0 19
61 -9.0 9
62 -9.0 9
63 -9.0 9
64 -11.0 11
65 -9.0 9
66 -9.0 9
67 -9.0 9
68 -9.0 9
69 -9.0 9
70 -9.0 9
71 -9.0 9
72 -9.0 9
73 -9.0 9
74 -9.0 9
0 -50.0 50
1 -50.0 50
2 -50.0 50
3 -50.0 50
4 -50.0 50
5 -50.0 50
6 -50.0 50
7 -50.0 50
8 -50.0 50
9 -50.0 50
10 -25.0 25
11 -50.0 50
12 -50.0 50
13 -50.0 50
14 -50.0 50
15 -50.0 50
16 -50.0 50
17 -50.0 50
18 -50.0 50
19 -50.0 50
20 -50.0 50
21 -50.0 50
22 -50.0 50
23 -50.0 50
24 -50.0 50
25 -50.0 50
26 -50.0 50
27 -50.0 50
28 -50.0 50
29 -50.0 50
30 -50.0 50
31 -50.0 50
32 -50.0 50
33 -50.0 50
34 -50.0 50
35 -50.0 50
36 -50.0 50
37 -50.0 50
38 -50.0 50
39 -14.0 14
40 -50.0 50
41 -30.0 30
42 -50.0 50
43 -50.0 50
44 -50.0 50
45 -50.0 50
46 -50.0 50
47 -12.0 12
48 -13.0 13
49 -14.0 14
50 -15.0 15
51 -12.0 12
52 -31.0 31
53 -26.0 26
54 -50.0 50
55 -19.0 19
56 -10.0 10
57 -13.0 13
58 -14.0 14
59 -9.0 9
60 -10.0 10
61 -10.0 10
62 -10.0 10
63 -9.0 9
64 -9.0 9
65 -11.0 11
66 -10.0 10
67 -11.0 11
68 -9.0 9
69 -11.0 11
70 -10.0 10
71 -9.0 9
72 -9.0 9
73 -9.0 9
74 -9.0 9
0 -50.0 50
1 -50.0 50
2 -50.0 50
3 -50.0 50
4 -50.0 50
5 -50.0 50
6 -50.0 50
7 -50.0 50
8 -50.0 50
9 -50.0 50
10 -50.0 50
11 -50.0 50
12 -50.0 50
13 -49.0 49
14 -50.0 50
15 -50.0 50
16 -50.0 50
17 -50.0 50
18 -50.0 50
19 -50.0 50
20 -50.0 50
21 -50.0 50
22 -50.0 50
23 -50.0 50
24 -50.0 50
25 -50.0 50
26 -38.0 38
27 -50.0 50
28 -50.0 50
29 -50.0 50
30 -50.0 50
31 -50.0 50
32 -50.0 50
33 -49.0 49
34 -50.0 50
35 -50.0 50
36 -48.0 48
37 -17.0 17
38 -50.0 50
39 -50.0 50
40 -9.0 9
41 -13.0 13
42 -23.0 23
43 -25.0 25
44 -50.0 50
45 -50.0 50
46 -50.0 50
47 -50.0 50
48 -19.0 19
49 -12.0 12
50 -13.0 13
51 -13.0 13
52 -14.0 14
53 -14.0 14
54 -10.0 10
55 -20.0 20
56 -17.0 17
57 -11.0 11
58 -13.0 13
59 -11.0 11
60 -9.0 9
61 -12.0 12
62 -12.0 12
63 -14.0 14
64 -17.0 17
65 -19.0 19
66 -9.0 9
67 -9.0 9
68 -9.0 9
69 -9.0 9
70 -9.0 9
71 -9.0 9
72 -9.0 9
73 -9.0 9
74 -9.0 9
0 -50.0 50
1 -50.0 50
2 -50.0 50
3 -50.0 50
4 -50.0 50
5 -50.0 50
6 -50.0 50
7 -50.0 50
8 -50.0 50
9 -50.0 50
10 -50.0 50
11 -50.0 50
12 -50.0 50
13 -34.0 34
14 -50.0 50
15 -50.0 50
16 -50.0 50
17 -50.0 50
18 -50.0 50
19 -50.0 50
20 -50.0 50
21 -50.0 50
22 -50.0 50
23 -49.0 49
24 -47.0 47
25 -50.0 50
26 -50.0 50
27 -50.0 50
28 -50.0 50
29 -50.0 50
30 -50.0 50
31 -50.0 50
32 -50.0 50
33 -50.0 50
34 -50.0 50
35 -50.0 50
36 -50.0 50
37 -50.0 50
38 -17.0 17
39 -50.0 50
40 -50.0 50
41 -32.0 32
42 -50.0 50
43 -50.0 50
44 -9.0 9
45 -9.0 9
46 -48.0 48
47 -17.0 17
48 -50.0 50
49 -41.0 41
50 -18.0 18
51 -16.0 16
52 -16.0 16
53 -17.0 17
54 -9.0 9
55 -19.0 19
56 -16.0 16
57 -10.0 10
58 -10.0 10
59 -9.0 9
60 -9.0 9
61 -9.0 9
62 -9.0 9
63 -10.0 10
64 -9.0 9
65 -9.0 9
66 -9.0 9
67 -9.0 9
68 -9.0 9
69 -11.0 11
70 -10.0 10
71 -10.0 10
72 -9.0 9
73 -9.0 9
74 -9.0 9
0 -50.0 50
1 -50.0 50
2 -27.0 27
3 -50.0 50
4 -50.0 50
5 -50.0 50
6 -50.0 50
7 -50.0 50
8 -50.0 50
9 -50.0 50
10 -50.0 50
11 -50.0 50
12 -50.0 50
13 -50.0 50
14 -50.0 50
15 -50.0 50
16 -50.0 50
17 -50.0 50
18 -50.0 50
19 -50.0 50
20 -45.0 45
21 -50.0 50
22 -50.0 50
23 -50.0 50
24 -50.0 50
25 -50.0 50
26 -50.0 50
27 -50.0 50
28 -50.0 50
29 -50.0 50
30 -50.0 50
31 -42.0 42
32 -50.0 50
33 -50.0 50
34 -20.0 20
35 -27.0 27
36 -50.0 50
37 -50.0 50
38 -50.0 50
39 -50.0 50
40 -50.0 50
41 -42.0 42
42 -50.0 50
43 -50.0 50
44 -50.0 50
45 -50.0 50
46 -50.0 50
47 -50.0 50
48 -27.0 27
49 -50.0 50
50 -24.0 24
51 -32.0 32
52 -40.0 40
53 -11.0 11
54 -50.0 50
55 -9.0 9
56 -13.0 13
57 -14.0 14
58 -13.0 13
59 -49.0 49
60 -17.0 17
61 -11.0 11
62 -9.0 9
63 -9.0 9
64 -9.0 9
65 -9.0 9
66 -9.0 9
67 -9.0 9
68 -9.0 9
69 -9.0 9
70 -9.0 9
71 -9.0 9
72 -9.0 9
73 -9.0 9
74 -9.0 9
0 -50.0 50
1 -50.0 50
2 -50.0 50
3 -50.0 50
4 -50.0 50
5 -50.0 50
6 -50.0 50
7 -50.0 50
8 -50.0 50
9 -50.0 50
10 -50.0 50
11 -50.0 50
12 -50.0 50
13 -50.0 50
14 -50.0 50
15 -50.0 50
16 -50.0 50
17 -31.0 31
18 -50.0 50
19 -50.0 50
20 -50.0 50
21 -50.0 50
22 -50.0 50
23 -50.0 50
24 -50.0 50
25 -50.0 50
26 -50.0 50
27 -41.0 41
28 -50.0 50
29 -50.0 50
30 -50.0 50
31 -50.0 50
32 -50.0 50
33 -50.0 50
34 -50.0 50
35 -50.0 50
36 -50.0 50
37 -50.0 50
38 -50.0 50
39 -50.0 50
40 -50.0 50
41 -50.0 50
42 -47.0 47
43 -50.0 50
44 -42.0 42
45 -50.0 50
46 -17.0 17
47 -19.0 19
48 -50.0 50
49 -50.0 50
50 -50.0 50
51 -50.0 50
52 -44.0 44
53 -22.0 22
54 -10.0 10
55 -9.0 9
56 -10.0 10
57 -18.0 18
58 -18.0 18
59 -11.0 11
60 -12.0 12
61 -14.0 14
62 -9.0 9
63 -9.0 9
64 -9.0 9
65 -9.0 9
66 -9.0 9
67 -9.0 9
68 -10.0 10
69 -9.0 9
70 -9.0 9
71 -9.0 9
72 -9.0 9
73 -9.0 9
74 -9.0 9
0 -50.0 50
1 -50.0 50
2 -50.0 50
3 -50.0 50
4 -50.0 50
5 -50.0 50
6 -50.0 50
7 -50.0 50
8 -50.0 50
9 -50.0 50
10 -33.0 33
11 -50.0 50
12 -50.0 50
13 -50.0 50
14 -50.0 50
15 -50.0 50
16 -50.0 50
17 -50.0 50
18 -50.0 50
19 -50.0 50
20 -50.0 50
21 -50.0 50
22 -50.0 50
23 -50.0 50
24 -50.0 50
25 -50.0 50
26 -50.0 50
27 -45.0 45
28 -50.0 50
29 -50.0 50
30 -24.0 24
31 -33.0 33
32 -50.0 50
33 -50.0 50
34 -50.0 50
35 -24.0 24
36 -19.0 19
37 -11.0 11
38 -15.0 15
39 -27.0 27
40 -39.0 39
41 -50.0 50
42 -50.0 50
43 -50.0 50
44 -50.0 50
45 -50.0 50
46 -50.0 50
47 -50.0 50
48 -50.0 50
49 -50.0 50
50 -50.0 50
51 -50.0 50
52 -24.0 24
53 -50.0 50
54 -12.0 12
55 -12.0 12
56 -18.0 18
57 -21.0 21
58 -15.0 15
59 -9.0 9
60 -9.0 9
61 -10.0 10
62 -9.0 9
63 -9.0 9
64 -9.0 9
65 -11.0 11
66 -9.0 9
67 -9.0 9
68 -9.0 9
69 -9.0 9
70 -9.0 9
71 -9.0 9
72 -9.0 9
73 -9.0 9
74 -9.0 9
0 -50.0 50
1 -50.0 50
2 -50.0 50
3 -50.0 50
4 -50.0 50
5 -50.0 50
6 -50.0 50
7 -50.0 50
8 -50.0 50
9 -50.0 50
10 -50.0 50
11 -42.0 42
12 -50.0 50
13 -50.0 50
14 -50.0 50
15 -50.0 50
16 -50.0 50
17 -50.0 50
18 -50.0 50
19 -50.0 50
20 -39.0 39
21 -50.0 50
22 -50.0 50
23 -50.0 50
24 -50.0 50
25 -50.0 50
26 -50.0 50
27 -50.0 50
28 -50.0 50
29 -41.0 41
30 -50.0 50
31 -50.0 50
32 -50.0 50
33 -50.0 50
34 -50.0 50
35 -50.0 50
36 -50.0 50
37 -50.0 50
38 -50.0 50
39 -50.0 50
40 -50.0 50
41 -50.0 50
42 -39.0 39
43 -16.0 16
44 -18.0 18
45 -50.0 50
46 -40.0 40
47 -50.0 50
48 -50.0 50
49 -50.0 50
50 -17.0 17
51 -16.0 16
52 -50.0 50
53 -21.0 21
54 -15.0 15
55 -11.0 11
56 -15.0 15
57 -9.0 9
58 -9.0 9
59 -16.0 16
60 -11.0 11
61 -12.0 12
62 -16.0 16
63 -9.0 9
64 -9.0 9
65 -9.0 9
66 -9.0 9
67 -11.0 11
68 -13.0 13
69 -9.0 9
70 -11.0 11
71 -10.0 10
72 -9.0 9
73 -9.0 9
74 -9.0 9
0 -50.0 50
1 -50.0 50
2 -50.0 50
3 -50.0 50
4 -50.0 50
5 -50.0 50
6 -50.0 50
7 -50.0 50
8 -50.0 50
9 -50.0 50
10 -50.0 50
11 -50.0 50
12 -45.0 45
13 -50.0 50
14 -50.0 50
15 -50.0 50
16 -50.0 50
17 -50.0 50
18 -50.0 50
19 -50.0 50
20 -50.0 50
21 -50.0 50
22 -50.0 50
23 -50.0 50
24 -50.0 50
25 -50.0 50
26 -50.0 50
27 -50.0 50
28 -40.0 40
29 -50.0 50
30 -50.0 50
31 -50.0 50
32 -50.0 50
33 -50.0 50
34 -50.0 50
35 -40.0 40
36 -50.0 50
37 -50.0 50
38 -34.0 34
39 -50.0 50
40 -50.0 50
41 -50.0 50
42 -50.0 50
43 -50.0 50
44 -50.0 50
45 -50.0 50
46 -50.0 50
47 -50.0 50
48 -45.0 45
49 -25.0 25
50 -17.0 17
51 -12.0 12
52 -18.0 18
53 -14.0 14
54 -20.0 20
55 -13.0 13
56 -20.0 20
57 -50.0 50
58 -21.0 21
59 -14.0 14
60 -9.0 9
61 -11.0 11
62 -9.0 9
63 -9.0 9
64 -9.0 9
65 -11.0 11
66 -11.0 11
67 -9.0 9
68 -9.0 9
69 -9.0 9
70 -11.0 11
71 -10.0 10
72 -9.0 9
73 -9.0 9
74 -9.0 9
0 -50.0 50
1 -50.0 50
2 -50.0 50
3 -50.0 50
4 -50.0 50
5 -50.0 50
6 -50.0 50
7 -50.0 50
8 -50.0 50
9 -50.0 50
10 -50.0 50
11 -50.0 50
12 -50.0 50
13 -50.0 50
14 -50.0 50
15 -50.0 50
16 -50.0 50
17 -50.0 50
18 -50.0 50
19 -50.0 50
20 -50.0 50
21 -50.0 50
22 -50.0 50
23 -50.0 50
24 -28.0 28
25 -50.0 50
26 -50.0 50
27 -50.0 50
28 -50.0 50
29 -50.0 50
30 -50.0 50
31 -18.0 18
32 -50.0 50
33 -50.0 50
34 -50.0 50
35 -50.0 50
36 -50.0 50
37 -50.0 50
38 -49.0 49
39 -50.0 50
40 -40.0 40
41 -25.0 25
42 -50.0 50
43 -50.0 50
44 -50.0 50
45 -11.0 11
46 -9.0 9
47 -15.0 15
48 -29.0 29
49 -50.0 50
50 -25.0 25
51 -17.0 17
52 -24.0 24
53 -50.0 50
54 -13.0 13
55 -50.0 50
56 -50.0 50
57 -31.0 31
58 -27.0 27
59 -50.0 50
60 -24.0 24
61 -9.0 9
62 -9.0 9
63 -9.0 9
64 -9.0 9
65 -9.0 9
66 -9.0 9
67 -9.0 9
68 -9.0 9
69 -9.0 9
70 -9.0 9
71 -11.0 11
72 -18.0 18
73 -11.0 11
74 -11.0 11
0 -50.0 50
1 -50.0 50
2 -50.0 50
3 -50.0 50
4 -50.0 50
5 -50.0 50
6 -50.0 50
7 -50.0 50
8 -50.0 50
9 -50.0 50
10 -50.0 50
11 -50.0 50
12 -50.0 50
13 -50.0 50
14 -50.0 50
15 -50.0 50
16 -39.0 39
17 -50.0 50
18 -50.0 50
19 -50.0 50
20 -50.0 50
21 -50.0 50
22 -50.0 50
23 -50.0 50
24 -28.0 28
25 -50.0 50
26 -50.0 50
27 -50.0 50
28 -50.0 50
29 -50.0 50
30 -50.0 50
31 -50.0 50
32 -20.0 20
33 -50.0 50
34 -23.0 23
35 -50.0 50
36 -50.0 50
37 -50.0 50
38 -50.0 50
39 -50.0 50
40 -50.0 50
41 -50.0 50
42 -50.0 50
43 -39.0 39
44 -21.0 21
45 -50.0 50
46 -50.0 50
47 -50.0 50
48 -50.0 50
49 -50.0 50
50 -22.0 22
51 -50.0 50
52 -13.0 13
53 -31.0 31
54 -16.0 16
55 -11.0 11
56 -14.0 14
57 -9.0 9
58 -11.0 11
59 -11.0 11
60 -10.0 10
61 -9.0 9
62 -9.0 9
63 -15.0 15
64 -9.0 9
65 -9.0 9
66 -9.0 9
67 -9.0 9
68 -9.0 9
69 -9.0 9
70 -9.0 9
71 -9.0 9
72 -9.0 9
73 -9.0 9
74 -9.0 9
0 -50.0 50
1 -50.0 50
2 -50.0 50
3 -50.0 50
4 -50.0 50
5 -50.0 50
6 -50.0 50
7 -42.0 42
8 -50.0 50
9 -50.0 50
10 -50.0 50
11 -50.0 50
12 -50.0 50
13 -50.0 50
14 -50.0 50
15 -50.0 50
16 -50.0 50
17 -50.0 50
18 -50.0 50
19 -50.0 50
20 -50.0 50
21 -50.0 50
22 -20.0 20
23 -50.0 50
24 -50.0 50
25 -50.0 50
26 -50.0 50
27 -50.0 50
28 -50.0 50
29 -50.0 50
30 -16.0 16
31 -50.0 50
32 -33.0 33
33 -50.0 50
34 -50.0 50
35 -50.0 50
36 -50.0 50
37 -50.0 50
38 -26.0 26
39 -50.0 50
40 -50.0 50
41 -50.0 50
42 -50.0 50
43 -50.0 50
44 -50.0 50
45 -50.0 50
46 -50.0 50
47 -50.0 50
48 -49.0 49
49 -50.0 50
50 -50.0 50
51 -50.0 50
52 -50.0 50
53 -50.0 50
54 -50.0 50
55 -50.0 50
56 -46.0 46
57 -12.0 12
58 -12.0 12
59 -16.0 16
60 -14.0 14
61 -17.0 17
62 -15.0 15
63 -19.0 19
64 -17.0 17
65 -23.0 23
66 -9.0 9
67 -9.0 9
68 -9.0 9
69 -9.0 9
70 -9.0 9
71 -9.0 9
72 -9.0 9
73 -9.0 9
74 -9.0 9
0 -50.0 50
1 -50.0 50
2 -50.0 50
3 -50.0 50
4 -50.0 50
5 -50.0 50
6 -50.0 50
7 -50.0 50
8 -50.0 50
9 -50.0 50
10 -50.0 50
11 -50.0 50
12 -50.0 50
13 -50.0 50
14 -50.0 50
15 -50.0 50
16 -50.0 50
17 -23.0 23
18 -50.0 50
19 -50.0 50
20 -50.0 50
21 -50.0 50
22 -50.0 50
23 -50.0 50
24 -50.0 50
25 -50.0 50
26 -50.0 50
27 -50.0 50
28 -32.0 32
29 -50.0 50
30 -50.0 50
31 -50.0 50
32 -50.0 50
33 -50.0 50
34 -17.0 17
35 -22.0 22
36 -50.0 50
37 -50.0 50
38 -50.0 50
39 -50.0 50
40 -41.0 41
41 -50.0 50
42 -50.0 50
43 -50.0 50
44 -50.0 50
45 -50.0 50
46 -50.0 50
47 -50.0 50
48 -50.0 50
49 -50.0 50
50 -18.0 18
51 -25.0 25
52 -22.0 22
53 -26.0 26
54 -50.0 50
55 -50.0 50
56 -50.0 50
57 -27.0 27
58 -17.0 17
59 -31.0 31
60 -13.0 13
61 -13.0 13
62 -9.0 9
63 -9.0 9
64 -9.0 9
65 -9.0 9
66 -9.0 9
67 -11.0 11
68 -13.0 13
69 -9.0 9
70 -11.0 11
71 -12.0 12
72 -9.0 9
73 -9.0 9
74 -9.0 9
0 -50.0 50
1 -50.0 50
2 -42.0 42
3 -50.0 50
4 -50.0 50
5 -50.0 50
6 -50.0 50
7 -50.0 50
8 -50.0 50
9 -50.0 50
10 -50.0 50
11 -50.0 50
12 -50.0 50
13 -50.0 50
14 -50.0 50
15 -50.0 50
16 -50.0 50
17 -50.0 50
18 -50.0 50
19 -50.0 50
20 -50.0 50
21 -50.0 50
22 -50.0 50
23 -50.0 50
24 -50.0 50
25 -50.0 50
26 -50.0 50
27 -50.0 50
28 -50.0 50
29 -50.0 50
30 -50.0 50
31 -50.0 50
32 -42.0 42
33 -50.0 50
34 -50.0 50
35 -50.0 50
36 -19.0 19
37 -26.0 26
38 -23.0 23
39 -30.0 30
40 -50.0 50
41 -50.0 50
42 -50.0 50
43 -50.0 50
44 -50.0 50
45 -50.0 50
46 -50.0 50
47 -50.0 50
48 -50.0 50
49 -28.0 28
50 -19.0 19
51 -50.0 50
52 -10.0 10
53 -10.0 10
54 -10.0 10
55 -11.0 11
56 -45.0 45
57 -12.0 12
58 -15.0 15
59 -16.0 16
60 -11.0 11
61 -9.0 9
62 -11.0 11
63 -14.0 14
64 -11.0 11
65 -11.0 11
66 -14.0 14
67 -9.0 9
68 -9.0 9
69 -9.0 9
70 -9.0 9
71 -9.0 9
72 -9.0 9
73 -9.0 9
74 -9.0 9
0 -50.0 50
1 -50.0 50
2 -50.0 50
3 -50.0 50
4 -50.0 50
5 -50.0 50
6 -50.0 50
7 -50.0 50
8 -50.0 50
9 -50.0 50
10 -50.0 50
11 -50.0 50
12 -50.0 50
13 -33.0 33
14 -50.0 50
15 -50.0 50
16 -50.0 50
17 -50.0 50
18 -50.0 50
19 -50.0 50
20 -50.0 50
21 -50.0 50
22 -50.0 50
23 -50.0 50
24 -50.0 50
25 -50.0 50
26 -50.0 50
27 -23.0 23
28 -36.0 36
29 -50.0 50
30 -43.0 43
31 -50.0 50
32 -50.0 50
33 -50.0 50
34 -50.0 50
35 -50.0 50
36 -50.0 50
37 -50.0 50
38 -50.0 50
39 -50.0 50
40 -50.0 50
41 -50.0 50
42 -50.0 50
43 -50.0 50
44 -50.0 50
45 -50.0 50
46 -39.0 39
47 -50.0 50
48 -50.0 50
49 -21.0 21
50 -27.0 27
51 -22.0 22
52 -14.0 14
53 -16.0 16
54 -18.0 18
55 -12.0 12
56 -9.0 9
57 -10.0 10
58 -9.0 9
59 -10.0 10
60 -50.0 50
61 -14.0 14
62 -50.0 50
63 -12.0 12
64 -9.0 9
65 -9.0 9
66 -11.0 11
67 -11.0 11
68 -12.0 12
69 -12.0 12
70 -12.0 12
71 -9.0 9
72 -9.0 9
73 -11.0 11
74 -11.0 11
0 -50.0 50
1 -50.0 50
2 -50.0 50
3 -50.0 50
4 -50.0 50
5 -38.0 38
6 -50.0 50
7 -50.0 50
8 -50.0 50
9 -50.0 50
10 -50.0 50
11 -50.0 50
12 -50.0 50
13 -50.0 50
14 -50.0 50
15 -50.0 50
16 -50.0 50
17 -50.0 50
18 -50.0 50
19 -50.0 50
20 -50.0 50
21 -50.0 50
22 -50.0 50
23 -50.0 50
24 -50.0 50
25 -25.0 25
26 -50.0 50
27 -50.0 50
28 -49.0 49
29 -50.0 50
30 -50.0 50
31 -50.0 50
32 -50.0 50
33 -50.0 50
34 -50.0 50
35 -22.0 22
36 -49.0 49
37 -50.0 50
38 -50.0 50
39 -32.0 32
40 -50.0 50
41 -50.0 50
42 -50.0 50
43 -19.0 19
44 -19.0 19
45 -12.0 12
46 -50.0 50
47 -50.0 50
48 -50.0 50
49 -50.0 50
50 -50.0 50
51 -50.0 50
52 -21.0 21
53 -38.0 38
54 -12.0 12
55 -17.0 17
56 -16.0 16
57 -9.0 9
58 -12.0 12
59 -9.0 9
60 -11.0 11
61 -9.0 9
62 -9.0 9
63 -13.0 13
64 -16.0 16
65 -50.0 50
66 -13.0 13
67 -9.0 9
68 -13.0 13
69 -12.0 12
70 -11.0 11
71 -9.0 9
72 -9.0 9
73 -9.0 9
74 -9.0 9
0 -50.0 50
1 -50.0 50
2 -50.0 50
3 -50.0 50
4 -50.0 50
5 -50.0 50
6 -50.0 50
7 -50.0 50
8 -50.0 50
9 -50.0 50
10 -50.0 50
11 -50.0 50
12 -50.0 50
13 -50.0 50
14 -50.0 50
15 -50.0 50
16 -50.0 50
17 -50.0 50
18 -50.0 50
19 -50.0 50
20 -47.0 47
21 -50.0 50
22 -50.0 50
23 -50.0 50
24 -50.0 50
25 -50.0 50
26 -50.0 50
27 -50.0 50
28 -34.0 34
29 -50.0 50
30 -41.0 41
31 -50.0 50
32 -50.0 50
33 -50.0 50
34 -50.0 50
35 -50.0 50
36 -39.0 39
37 -50.0 50
38 -50.0 50
39 -50.0 50
40 -50.0 50
41 -50.0 50
42 -50.0 50
43 -50.0 50
44 -50.0 50
45 -50.0 50
46 -50.0 50
47 -50.0 50
48 -50.0 50
49 -33.0 33
50 -50.0 50
51 -50.0 50
52 -50.0 50
53 -25.0 25
54 -15.0 15
55 -14.0 14
56 -11.0 11
57 -13.0 13
58 -16.0 16
59 -18.0 18
60 -41.0 41
61 -20.0 20
62 -9.0 9
63 -9.0 9
64 -9.0 9
65 -9.0 9
66 -9.0 9
67 -9.0 9
68 -9.0 9
69 -9.0 9
70 -9.0 9
71 -9.0 9
72 -9.0 9
73 -9.0 9
74 -11.0 11
0 -50.0 50
1 -50.0 50
2 -50.0 50
3 -50.0 50
4 -50.0 50
5 -50.0 50
6 -50.0 50
7 -50.0 50
8 -50.0 50
9 -50.0 50
10 -50.0 50
11 -50.0 50
12 -50.0 50
13 -50.0 50
14 -30.0 30
15 -50.0 50
16 -50.0 50
17 -50.0 50
18 -50.0 50
19 -50.0 50
20 -50.0 50
21 -50.0 50
22 -50.0 50
23 -50.0 50
24 -50.0 50
25 -40.0 40
26 -50.0 50
27 -50.0 50
28 -50.0 50
29 -50.0 50
30 -50.0 50
31 -50.0 50
32 -33.0 33
33 -50.0 50
34 -36.0 36
35 -50.0 50
36 -50.0 50
37 -50.0 50
38 -50.0 50
39 -50.0 50
40 -11.0 11
41 -26.0 26
42 -50.0 50
43 -50.0 50
44 -50.0 50
45 -29.0 29
46 -50.0 50
47 -44.0 44
48 -50.0 50
49 -50.0 50
50 -50.0 50
51 -25.0 25
52 -24.0 24
53 -17.0 17
54 -13.0 13
55 -19.0 19
56 -16.0 16
57 -26.0 26
58 -50.0 50
59 -33.0 33
60 -27.0 27
61 -9.0 9
62 -9.0 9
63 -9.0 9
64 -9.0 9
65 -9.0 9
66 -9.0 9
67 -9.0 9
68 -9.0 9
69 -9.0 9
70 -9.0 9
71 -9.0 9
72 -9.0 9
73 -9.0 9
74 -9.0 9
0 -50.0 50
1 -50.0 50
2 -50.0 50
3 -50.0 50
4 -50.0 50
5 -50.0 50
6 -50.0 50
7 -50.0 50
8 -50.0 50
9 -50.0 50
10 -50.0 50
11 -50.0 50
12 -50.0 50
13 -50.0 50
14 -50.0 50
15 -28.0 28
16 -50.0 50
17 -50.0 50
18 -50.0 50
19 -50.0 50
20 -50.0 50
21 -50.0 50
22 -35.0 35
23 -50.0 50
24 -50.0 50
25 -50.0 50
26 -50.0 50
27 -50.0 50
28 -50.0 50
29 -50.0 50
30 -50.0 50
31 -38.0 38
32 -50.0 50
33 -50.0 50
34 -50.0 50
35 -50.0 50
36 -50.0 50
37 -50.0 50
38 -50.0 50
39 -23.0 23
40 -50.0 50
41 -14.0 14
42 -50.0 50
43 -50.0 50
44 -50.0 50
45 -41.0 41
46 -16.0 16
47 -38.0 38
48 -40.0 40
49 -50.0 50
50 -50.0 50
51 -50.0 50
52 -33.0 33
53 -50.0 50
54 -50.0 50
55 -50.0 50
56 -50.0 50
57 -47.0 47
58 -50.0 50
59 -10.0 10
60 -50.0 50
61 -9.0 9
62 -9.0 9
63 -10.0 10
64 -11.0 11
65 -12.0 12
66 -13.0 13
67 -19.0 19
68 -12.0 12
69 -9.0 9
70 -9.0 9
71 -9.0 9
72 -9.0 9
73 -9.0 9
74 -9.0 9
0 -50.0 50
1 -50.0 50
2 -50.0 50
3 -50.0 50
4 -50.0 50
5 -50.0 50
6 -50.0 50
7 -50.0 50
8 -50.0 50
9 -50.0 50
10 -50.0 50
11 -50.0 50
12 -50.0 50
13 -50.0 50
14 -50.0 50
15 -50.0 50
16 -38.0 38
17 -50.0 50
18 -50.0 50
19 -50.0 50
20 -50.0 50
21 -50.0 50
22 -50.0 50
23 -47.0 47
24 -50.0 50
25 -50.0 50
26 -50.0 50
27 -17.0 17
28 -50.0 50
29 -50.0 50
30 -50.0 50
31 -50.0 50
32 -50.0 50
33 -50.0 50
34 -50.0 50
35 -50.0 50
36 -50.0 50
37 -50.0 50
38 -50.0 50
39 -50.0 50
40 -50.0 50
41 -35.0 35
42 -36.0 36
43 -50.0 50
44 -50.0 50
45 -50.0 50
46 -50.0 50
47 -50.0 50
48 -50.0 50
49 -50.0 50
50 -50.0 50
51 -50.0 50
52 -16.0 16
53 -11.0 11
54 -50.0 50
55 -15.0 15
56 -15.0 15
57 -16.0 16
58 -15.0 15
59 -14.0 14
60 -13.0 13
61 -11.0 11
62 -12.0 12
63 -10.0 10
64 -12.0 12
65 -10.0 10
66 -9.0 9
67 -9.0 9
68 -9.0 9
69 -9.0 9
70 -9.0 9
71 -11.0 11
72 -9.0 9
73 -9.0 9
74 -9.0 9
0 -50.0 50
1 -50.0 50
2 -50.0 50
3 -50.0 50
4 -50.0 50
5 -50.0 50
6 -50.0 50
7 -50.0 50
8 -50.0 50
9 -50.0 50
10 -50.0 50
11 -50.0 50
12 -50.0 50
13 -50.0 50
14 -50.0 50
15 -50.0 50
16 -50.0 50
17 -50.0 50
18 -50.0 50
19 -50.0 50
20 -50.0 50
21 -50.0 50
22 -50.0 50
23 -50.0 50
24 -50.0 50
25 -50.0 50
26 -50.0 50
27 -50.0 50
28 -50.0 50
29 -50.0 50
30 -50.0 50
31 -16.0 16
32 -50.0 50
33 -34.0 34
34 -50.0 50
35 -50.0 50
36 -25.0 25
37 -43.0 43
38 -50.0 50
39 -50.0 50
40 -50.0 50
41 -50.0 50
42 -50.0 50
43 -50.0 50
44 -42.0 42
45 -18.0 18
46 -27.0 27
47 -18.0 18
48 -50.0 50
49 -50.0 50
50 -42.0 42
51 -50.0 50
52 -40.0 40
53 -50.0 50
54 -27.0 27
55 -21.0 21
56 -15.0 15
57 -14.0 14
58 -14.0 14
59 -15.0 15
60 -15.0 15
61 -24.0 24
62 -9.0 9
63 -13.0 13
64 -10.0 10
65 -12.0 12
66 -13.0 13
67 -12.0 12
68 -9.0 9
69 -9.0 9
70 -9.0 9
71 -9.0 9
72 -9.0 9
73 -9.0 9
74 -9.0 9
0 -50.0 50
1 -50.0 50
2 -50.0 50
3 -50.0 50
4 -50.0 50
5 -50.0 50
6 -50.0 50
7 -50.0 50
8 -50.0 50
9 -50.0 50
10 -50.0 50
11 -50.0 50
12 -50.0 50
13 -50.0 50
14 -50.0 50
15 -50.0 50
16 -50.0 50
17 -50.0 50
18 -50.0 50
19 -50.0 50
20 -50.0 50
21 -50.0 50
22 -22.0 22
23 -50.0 50
24 -50.0 50
25 -50.0 50
26 -50.0 50
27 -50.0 50
28 -50.0 50
29 -50.0 50
30 -50.0 50
31 -37.0 37
32 -50.0 50
33 -50.0 50
34 -50.0 50
35 -50.0 50
36 -50.0 50
37 -50.0 50
38 -50.0 50
39 -50.0 50
40 -50.0 50
41 -50.0 50
42 -14.0 14
43 -18.0 18
44 -34.0 34
45 -50.0 50
46 -13.0 13
47 -14.0 14
48 -13.0 13
49 -16.0 16
50 -41.0 41
51 -10.0 10
52 -16.0 16
53 -50.0 50
54 -50.0 50
55 -24.0 24
56 -13.0 13
57 -11.0 11
58 -11.0 11
59 -11.0 11
60 -10.0 10
61 -10.0 10
62 -12.0 12
63 -15.0 15
64 -9.0 9
65 -9.0 9
66 -9.0 9
67 -9.0 9
68 -9.0 9
69 -11.0 11
70 -14.0 14
71 -9.0 9
72 -9.0 9
73 -9.0 9
74 -9.0 9
0 -50.0 50
1 -50.0 50
2 -50.0 50
3 -50.0 50
4 -50.0 50
5 -50.0 50
6 -50.0 50
7 -50.0 50
8 -50.0 50
9 -50.0 50
10 -50.0 50
11 -50.0 50
12 -50.0 50
13 -50.0 50
14 -50.0 50
15 -50.0 50
16 -50.0 50
17 -50.0 50
18 -50.0 50
19 -50.0 50
20 -50.0 50
21 -50.0 50
22 -28.0 28
23 -50.0 50
24 -50.0 50
25 -50.0 50
26 -50.0 50
27 -50.0 50
28 -50.0 50
29 -50.0 50
30 -50.0 50
31 -50.0 50
32 -50.0 50
33 -50.0 50
34 -23.0 23
35 -50.0 50
36 -21.0 21
37 -50.0 50
38 -50.0 50
39 -50.0 50
40 -50.0 50
41 -50.0 50
42 -50.0 50
43 -50.0 50
44 -50.0 50
45 -50.0 50
46 -32.0 32
47 -50.0 50
48 -37.0 37
49 -19.0 19
50 -9.0 9
51 -50.0 50
52 -10.0 10
53 -13.0 13
54 -16.0 16
55 -12.0 12
56 -9.0 9
57 -11.0 11
58 -15.0 15
59 -21.0 21
60 -34.0 34
61 -49.0 49
62 -10.0 10
63 -10.0 10
64 -12.0 12
65 -11.0 11
66 -9.0 9
67 -9.0 9
68 -9.0 9
69 -9.0 9
70 -9.0 9
71 -9.0 9
72 -9.0 9
73 -11.0 11
74 -9.0 9
0 -50.0 50
1 -50.0 50
2 -50.0 50
3 -50.0 50
4 -50.0 50
5 -50.0 50
6 -50.0 50
7 -50.0 50
8 -50.0 50
9 -50.0 50
10 -50.0 50
11 -49.0 49
12 -50.0 50
13 -50.0 50
14 -50.0 50
15 -50.0 50
16 -50.0 50
17 -50.0 50
18 -50.0 50
19 -50.0 50
20 -50.0 50
21 -50.0 50
22 -50.0 50
23 -50.0 50
24 -50.0 50
25 -50.0 50
26 -35.0 35
27 -50.0 50
28 -50.0 50
29 -50.0 50
30 -50.0 50
31 -50.0 50
32 -50.0 50
33 -41.0 41
34 -50.0 50
35 -50.0 50
36 -30.0 30
37 -21.0 21
38 -50.0 50
39 -50.0 50
40 -37.0 37
41 -49.0 49
42 -50.0 50
43 -50.0 50
44 -50.0 50
45 -50.0 50
46 -50.0 50
47 -50.0 50
48 -50.0 50
49 -50.0 50
50 -41.0 41
51 -50.0 50
52 -50.0 50
53 -50.0 50
54 -17.0 17
55 -13.0 13
56 -9.0 9
57 -22.0 22
58 -12.0 12
59 -12.0 12
60 -10.0 10
61 -10.0 10
62 -12.0 12
63 -15.0 15
64 -9.0 9
65 -9.0 9
66 -9.0 9
67 -9.0 9
68 -9.0 9
69 -11.0 11
70 -12.0 12
71 -16.0 16
72 -15.0 15
73 -14.0 14
74 -9.0 9
0 -50.0 50
1 -50.0 50
2 -50.0 50
3 -50.0 50
4 -50.0 50
5 -50.0 50
6 -50.0 50
7 -50.0 50
8 -50.0 50
9 -50.0 50
10 -50.0 50
11 -50.0 50
12 -16.0 16
13 -50.0 50
14 -50.0 50
15 -50.0 50
16 -50.0 50
17 -50.0 50
18 -50.0 50
19 -50.0 50
20 -50.0 50
21 -50.0 50
22 -50.0 50
23 -50.0 50
24 -50.0 50
25 -50.0 50
26 -50.0 50
27 -50.0 50
28 -50.0 50
29 -50.0 50
30 -50.0 50
31 -50.0 50
32 -50.0 50
33 -50.0 50
34 -50.0 50
35 -50.0 50
36 -50.0 50
37 -22.0 22
38 -37.0 37
39 -50.0 50
40 -50.0 50
41 -50.0 50
42 -50.0 50
43 -50.0 50
44 -41.0 41
45 -50.0 50
46 -50.0 50
47 -50.0 50
48 -50.0 50
49 -50.0 50
50 -50.0 50
51 -13.0 13
52 -10.0 10
53 -9.0 9
54 -12.0 12
55 -11.0 11
56 -11.0 11
57 -20.0 20
58 -15.0 15
59 -12.0 12
60 -16.0 16
61 -16.0 16
62 -18.0 18
63 -29.0 29
64 -9.0 9
65 -9.0 9
66 -9.0 9
67 -9.0 9
68 -9.0 9
69 -9.0 9
70 -9.0 9
71 -9.0 9
72 -9.0 9
73 -11.0 11
74 -9.0 9
0 -50.0 50
1 -50.0 50
2 -50.0 50
3 -50.0 50
4 -50.0 50
5 -50.0 50
6 -50.0 50
7 -50.0 50
8 -50.0 50
9 -50.0 50
10 -50.0 50
11 -50.0 50
12 -50.0 50
13 -50.0 50
14 -50.0 50
15 -50.0 50
16 -50.0 50
17 -50.0 50
18 -23.0 23
19 -50.0 50
20 -50.0 50
21 -50.0 50
22 -50.0 50
23 -50.0 50
24 -48.0 48
25 -50.0 50
26 -50.0 50
27 -50.0 50
28 -50.0 50
29 -50.0 50
30 -50.0 50
31 -50.0 50
32 -50.0 50
33 -18.0 18
34 -50.0 50
35 -23.0 23
36 -50.0 50
37 -50.0 50
38 -50.0 50
39 -50.0 50
40 -29.0 29
41 -50.0 50
42 -50.0 50
43 -38.0 38
44 -43.0 43
45 -20.0 20
46 -25.0 25
47 -22.0 22
48 -18.0 18
49 -15.0 15
50 -17.0 17
51 -18.0 18
52 -50.0 50
53 -50.0 50
54 -17.0 17
55 -16.0 16
56 -10.0 10
57 -11.0 11
58 -10.0 10
59 -9.0 9
60 -9.0 9
61 -10.0 10
62 -10.0 10
63 -9.0 9
64 -9.0 9
65 -9.0 9
66 -11.0 11
67 -10.0 10
68 -9.0 9
69 -11.0 11
70 -10.0 10
71 -10.0 10
72 -11.0 11
73 -9.0 9
74 -9.0 9
0 -50.0 50
1 -50.0 50
2 -50.0 50
3 -50.0 50
4 -50.0 50
5 -50.0 50
6 -50.0 50
7 -50.0 50
8 -50.0 50
9 -50.0 50
10 -50.0 50
11 -47.0 47
12 -50.0 50
13 -50.0 50
14 -50.0 50
15 -50.0 50
16 -50.0 50
17 -50.0 50
18 -50.0 50
19 -50.0 50
20 -50.0 50
21 -50.0 50
22 -50.0 50
23 -50.0 50
24 -50.0 50
25 -44.0 44
26 -50.0 50
27 -50.0 50
28 -50.0 50
29 -50.0 50
30 -50.0 50
31 -50.0 50
32 -28.0 28
33 -50.0 50
34 -17.0 17
35 -19.0 19
36 -50.0 50
37 -50.0 50
38 -50.0 50
39 -50.0 50
40 -50.0 50
41 -50.0 50
42 -50.0 50
43 -50.0 50
44 -50.0 50
45 -24.0 24
46 -50.0 50
47 -50.0 50
48 -50.0 50
49 -50.0 50
50 -19.0 19
51 -13.0 13
52 -13.0 13
53 -43.0 43
54 -50.0 50
55 -27.0 27
56 -33.0 33
57 -20.0 20
58 -9.0 9
59 -9.0 9
60 -9.0 9
61 -9.0 9
62 -11.0 11
63 -10.0 10
64 -12.0 12
65 -11.0 11
66 -14.0 14
67 -9.0 9
68 -9.0 9
69 -9.0 9
70 -9.0 9
71 -9.0 9
72 -9.0 9
73 -9.0 9
74 -9.0 9
0 -50.0 50
1 -50.0 50
2 -50.0 50
3 -50.0 50
4 -50.0 50
5 -42.0 42
6 -50.0 50
7 -50.0 50
8 -50.0 50
9 -50.0 50
10 -50.0 50
11 -50.0 50
12 -50.0 50
13 -50.0 50
14 -50.0 50
15 -50.0 50
16 -50.0 50
17 -50.0 50
18 -50.0 50
19 -50.0 50
20 -50.0 50
21 -50.0 50
22 -32.0 32
23 -50.0 50
24 -50.0 50
25 -50.0 50
26 -50.0 50
27 -48.0 48
28 -50.0 50
29 -50.0 50
30 -50.0 50
31 -50.0 50
32 -50.0 50
33 -50.0 50
34 -38.0 38
35 -50.0 50
36 -50.0 50
37 -50.0 50
38 -46.0 46
39 -21.0 21
40 -28.0 28
41 -25.0 25
42 -50.0 50
43 -50.0 50
44 -50.0 50
45 -48.0 48
46 -20.0 20
47 -28.0 28
48 -50.0 50
49 -50.0 50
50 -50.0 50
51 -50.0 50
52 -50.0 50
53 -37.0 37
54 -42.0 42
55 -11.0 11
56 -9.0 9
57 -21.0 21
58 -10.0 10
59 -15.0 15
60 -10.0 10
61 -10.0 10
62 -9.0 9
63 -9.0 9
64 -11.0 11
65 -12.0 12
66 -11.0 11
67 -9.0 9
68 -9.0 9
69 -9.0 9
70 -9.0 9
71 -9.0 9
72 -9.0 9
73 -9.0 9
74 -9.0 9
0 -50.0 50
1 -50.0 50
2 -50.0 50
3 -50.0 50
4 -50.0 50
5 -50.0 50
6 -50.0 50
7 -50.0 50
8 -50.0 50
9 -50.0 50
10 -39.0 39
11 -50.0 50
12 -50.0 50
13 -50.0 50
14 -50.0 50
15 -50.0 50
16 -50.0 50
17 -50.0 50
18 -50.0 50
19 -50.0 50
20 -38.0 38
21 -50.0 50
22 -50.0 50
23 -50.0 50
24 -50.0 50
25 -50.0 50
26 -50.0 50
27 -50.0 50
28 -50.0 50
29 -50.0 50
30 -50.0 50
31 -50.0 50
32 -34.0 34
33 -50.0 50
34 -50.0 50
35 -50.0 50
36 -50.0 50
37 -50.0 50
38 -50.0 50
39 -50.0 50
40 -32.0 32
41 -50.0 50
42 -50.0 50
43 -50.0 50
44 -50.0 50
45 -50.0 50
46 -50.0 50
47 -50.0 50
48 -13.0 13
49 -13.0 13
50 -16.0 16
51 -18.0 18
52 -21.0 21
53 -25.0 25
54 -32.0 32
55 -21.0 21
56 -50.0 50
57 -50.0 50
58 -50.0 50
59 -50.0 50
60 -26.0 26
61 -13.0 13
62 -11.0 11
63 -10.0 10
64 -9.0 9
65 -9.0 9
66 -15.0 15
67 -12.0 12
68 -12.0 12
69 -14.0 14
70 -14.0 14
71 -9.0 9
72 -9.0 9
73 -9.0 9
74 -11.0 11
0 -50.0 50
1 -50.0 50
2 -50.0 50
3 -50.0 50
4 -50.0 50
5 -50.0 50
6 -50.0 50
7 -50.0 50
8 -50.0 50
9 -47.0 47
10 -50.0 50
11 -50.0 50
12 -50.0 50
13 -50.0 50
14 -50.0 50
15 -50.0 50
16 -50.0 50
17 -50.0 50
18 -50.0 50
19 -50.0 50
20 -50.0 50
21 -50.0 50
22 -50.0 50
23 -50.0 50
24 -50.0 50
25 -50.0 50
26 -50.0 50
27 -32.0 32
28 -50.0 50
29 -50.0 50
30 -50.0 50
31 -50.0 50
32 -50.0 50
33 -50.0 50
34 -50.0 50
35 -49.0 49
36 -50.0 50
37 -50.0 50
38 -50.0 50
39 -24.0 24
40 -47.0 47
41 -50.0 50
42 -50.0 50
43 -46.0 46
44 -43.0 43
45 -50.0 50
46 -50.0 50
47 -50.0 50
48 -50.0 50
49 -33.0 33
50 -50.0 50
51 -50.0 50
52 -50.0 50
53 -50.0 50
54 -50.0 50
55 -9.0 9
56 -11.0 11
57 -11.0 11
58 -20.0 20
59 -9.0 9
60 -9.0 9
61 -11.0 11
62 -12.0 12
63 -15.0 15
64 -11.0 11
65 -14.0 14
66 -12.0 12
67 -11.0 11
68 -9.0 9
69 -9.0 9
70 -9.0 9
71 -9.0 9
72 -9.0 9
73 -9.0 9
74 -9.0 9
0 -45.0 45
1 -50.0 50
2 -50.0 50
3 -50.0 50
4 -50.0 50
5 -50.0 50
6 -50.0 50
7 -50.0 50
8 -50.0 50
9 -50.0 50
10 -50.0 50
11 -50.0 50
12 -50.0 50
13 -50.0 50
14 -50.0 50
15 -50.0 50
16 -50.0 50
17 -50.0 50
18 -50.0 50
19 -50.0 50
20 -50.0 50
21 -50.0 50
22 -50.0 50
23 -50.0 50
24 -50.0 50
25 -50.0 50
26 -28.0 28
27 -50.0 50
28 -50.0 50
29 -50.0 50
30 -37.0 37
31 -50.0 50
32 -50.0 50
33 -50.0 50
34 -50.0 50
35 -50.0 50
36 -50.0 50
37 -50.0 50
38 -50.0 50
39 -50.0 50
40 -14.0 14
41 -13.0 13
42 -11.0 11
43 -9.0 9
44 -50.0 50
45 -35.0 35
46 -50.0 50
47 -18.0 18
48 -50.0 50
49 -15.0 15
50 -14.0 14
51 -15.0 15
52 -32.0 32
53 -46.0 46
54 -12.0 12
55 -22.0 22
56 -17.0 17
57 -9.0 9
58 -9.0 9
59 -9.0 9
60 -9.0 9
61 -9.0 9
62 -9.0 9
63 -9.0 9
64 -9.0 9
65 -9.0 9
66 -9.0 9
67 -9.0 9
68 -9.0 9
69 -9.0 9
70 -9.0 9
71 -9.0 9
72 -9.0 9
73 -9.0 9
74 -9.0 9
0 -50.0 50
1 -50.0 50
2 -50.0 50
3 -20.0 20
4 -50.0 50
5 -50.0 50
6 -50.0 50
7 -50.0 50
8 -50.0 50
9 -50.0 50
10 -50.0 50
11 -50.0 50
12 -50.0 50
13 -50.0 50
14 -50.0 50
15 -50.0 50
16 -50.0 50
17 -50.0 50
18 -50.0 50
19 -50.0 50
20 -50.0 50
21 -50.0 50
22 -50.0 50
23 -50.0 50
24 -50.0 50
25 -50.0 50
26 -50.0 50
27 -50.0 50
28 -50.0 50
29 -50.0 50
30 -45.0 45
31 -50.0 50
32 -50.0 50
33 -50.0 50
34 -50.0 50
35 -50.0 50
36 -50.0 50
37 -50.0 50
38 -50.0 50
39 -50.0 50
40 -35.0 35
41 -11.0 11
42 -42.0 42
43 -15.0 15
44 -10.0 10
45 -11.0 11
46 -15.0 15
47 -35.0 35
48 -19.0 19
49 -50.0 50
50 -15.0 15
51 -50.0 50
52 -50.0 50
53 -15.0 15
54 -21.0 21
55 -17.0 17
56 -28.0 28
57 -50.0 50
58 -12.0 12
59 -11.0 11
60 -9.0 9
61 -9.0 9
62 -10.0 10
63 -9.0 9
64 -9.0 9
65 -9.0 9
66 -9.0 9
67 -11.0 11
68 -11.0 11
69 -9.0 9
70 -9.0 9
71 -9.0 9
72 -9.0 9
73 -9.0 9
74 -9.0 9
0 -50.0 50
1 -50.0 50
2 -50.0 50
3 -38.0 38
4 -50.0 50
5 -50.0 50
6 -50.0 50
7 -50.0 50
8 -50.0 50
9 -50.0 50
10 -50.0 50
11 -50.0 50
12 -50.0 50
13 -50.0 50
14 -50.0 50
15 -50.0 50
16 -50.0 50
17 -50.0 50
18 -50.0 50
19 -50.0 50
20 -50.0 50
21 -50.0 50
22 -50.0 50
23 -50.0 50
24 -50.0 50
25 -50.0 50
26 -45.0 45
27 -50.0 50
28 -50.0 50
29 -50.0 50
30 -50.0 50
31 -50.0 50
32 -50.0 50
33 -18.0 18
34 -50.0 50
35 -37.0 37
36 -50.0 50
37 -50.0 50
38 -50.0 50
39 -50.0 50
40 -50.0 50
41 -50.0 50
42 -50.0 50
43 -14.0 14
44 -28.0 28
45 -50.0 50
46 -12.0 12
47 -9.0 9
48 -12.0 12
49 -9.0 9
50 -12.0 12
51 -40.0 40
52 -9.0 9
53 -21.0 21
54 -21.0 21
55 -11.0 11
56 -13.0 13
57 -11.0 11
58 -9.0 9
59 -12.0 12
60 -9.0 9
61 -9.0 9
62 -9.0 9
63 -9.0 9
64 -9.0 9
65 -9.0 9
66 -9.0 9
67 -9.0 9
68 -9.0 9
69 -9.0 9
70 -9.0 9
71 -9.0 9
72 -9.0 9
73 -11.0 11
74 -9.0 9
0 -50.0 50
1 -50.0 50
2 -50.0 50
3 -50.0 50
4 -50.0 50
5 -50.0 50
6 -50.0 50
7 -50.0 50
8 -50.0 50
9 -50.0 50
10 -50.0 50
11 -50.0 50
12 -50.0 50
13 -50.0 50
14 -50.0 50
15 -41.0 41
16 -50.0 50
17 -50.0 50
18 -50.0 50
19 -50.0 50
20 -50.0 50
21 -50.0 50
22 -50.0 50
23 -50.0 50
24 -50.0 50
25 -50.0 50
26 -50.0 50
27 -50.0 50
28 -50.0 50
29 -23.0 23
30 -50.0 50
31 -50.0 50
32 -50.0 50
33 -42.0 42
34 -50.0 50
35 -50.0 50
36 -50.0 50
37 -50.0 50
38 -38.0 38
39 -50.0 50
40 -50.0 50
41 -50.0 50
42 -50.0 50
43 -50.0 50
44 -50.0 50
45 -50.0 50
46 -50.0 50
47 -50.0 50
48 -21.0 21
49 -15.0 15
50 -14.0 14
51 -10.0 10
52 -12.0 12
53 -11.0 11
54 -14.0 14
55 -22.0 22
56 -11.0 11
57 -17.0 17
58 -50.0 50
59 -27.0 27
60 -44.0 44
61 -10.0 10
62 -9.0 9
63 -9.0 9
64 -9.0 9
65 -10.0 10
66 -9.0 9
67 -9.0 9
68 -9.0 9
69 -9.0 9
70 -9.0 9
71 -11.0 11
72 -9.0 9
73 -9.0 9
74 -9.0 9
0 -50.0 50
1 -50.0 50
2 -50.0 50
3 -50.0 50
4 -50.0 50
5 -50.0 50
6 -50.0 50
7 -50.0 50
8 -50.0 50
9 -50.0 50
10 -31.0 31
11 -50.0 50
12 -50.0 50
13 -50.0 50
14 -50.0 50
15 -50.0 50
16 -50.0 50
17 -50.0 50
18 -50.0 50
19 -50.0 50
20 -50.0 50
21 -44.0 44
22 -50.0 50
23 -50.0 50
24 -50.0 50
25 -50.0 50
26 -50.0 50
27 -49.0 49
28 -50.0 50
29 -50.0 50
30 -50.0 50
31 -50.0 50
32 -34.0 34
33 -50.0 50
34 -29.0 29
35 -50.0 50
36 -50.0 50
37 -50.0 50
38 -19.0 19
39 -31.0 31
40 -50.0 50
41 -50.0 50
42 -50.0 50
43 -50.0 50
44 -40.0 40
45 -50.0 50
46 -25.0 25
47 -50.0 50
48 -50.0 50
49 -50.0 50
50 -50.0 50
51 -50.0 50
52 -50.0 50
53 -38.0 38
54 -11.0 11
55 -41.0 41
56 -9.0 9
57 -11.0 11
58 -34.0 34
59 -10.0 10
60 -10.0 10
61 -11.0 11
62 -10.0 10
63 -11.0 11
64 -13.0 13
65 -9.0 9
66 -9.0 9
67 -11.0 11
68 -10.0 10
69 -9.0 9
70 -9.0 9
71 -9.0 9
72 -9.0 9
73 -9.0 9
74 -9.0 9
0 -50.0 50
1 -50.0 50
2 -50.0 50
3 -50.0 50
4 -50.0 50
5 -50.0 50
6 -50.0 50
7 -50.0 50
8 -47.0 47
9 -50.0 50
10 -50.0 50
11 -50.0 50
12 -50.0 50
13 -50.0 50
14 -50.0 50
15 -50.0 50
16 -50.0 50
17 -50.0 50
18 -50.0 50
19 -50.0 50
20 -50.0 50
21 -50.0 50
22 -50.0 50
23 -50.0 50
24 -50.0 50
25 -50.0 50
26 -50.0 50
27 -50.0 50
28 -50.0 50
29 -41.0 41
30 -50.0 50
31 -50.0 50
32 -50.0 50
33 -50.0 50
34 -50.0 50
35 -50.0 50
36 -50.0 50
37 -50.0 50
38 -50.0 50
39 -36.0 36
40 -50.0 50
41 -9.0 9
42 -12.0 12
43 -50.0 50
44 -11.0 11
45 -30.0 30
46 -50.0 50
47 -47.0 47
48 -17.0 17
49 -20.0 20
50 -13.0 13
51 -10.0 10
52 -13.0 13
53 -10.0 10
54 -10.0 10
55 -9.0 9
56 -15.0 15
57 -10.0 10
58 -11.0 11
59 -14.0 14
60 -14.0 14
61 -9.0 9
62 -9.0 9
63 -9.0 9
64 -9.0 9
65 -9.0 9
66 -12.0 12
67 -9.0 9
68 -9.0 9
69 -9.0 9
70 -13.0 13
71 -12.0 12
72 -14.0 14
73 -12.0 12
74 -9.0 9
0 -50.0 50
1 -50.0 50
2 -50.0 50
3 -50.0 50
4 -50.0 50
5 -50.0 50
6 -50.0 50
7 -50.0 50
8 -50.0 50
9 -50.0 50
10 -50.0 50
11 -50.0 50
12 -50.0 50
13 -50.0 50
14 -50.0 50
15 -50.0 50
16 -50.0 50
17 -50.0 50
18 -50.0 50
19 -50.0 50
20 -50.0 50
21 -50.0 50
22 -41.0 41
23 -50.0 50
24 -50.0 50
25 -50.0 50
26 -50.0 50
27 -50.0 50
28 -50.0 50
29 -50.0 50
30 -50.0 50
31 -50.0 50
32 -50.0 50
33 -50.0 50
34 -50.0 50
35 -50.0 50
36 -41.0 41
37 -50.0 50
38 -18.0 18
39 -50.0 50
40 -41.0 41
41 -50.0 50
42 -47.0 47
43 -19.0 19
44 -50.0 50
45 -13.0 13
46 -15.0 15
47 -18.0 18
48 -43.0 43
49 -9.0 9
50 -12.0 12
51 -20.0 20
52 -16.0 16
53 -16.0 16
54 -9.0 9
55 -9.0 9
56 -10.0 10
57 -13.0 13
58 -17.0 17
59 -21.0 21
60 -9.0 9
61 -11.0 11
62 -9.0 9
63 -9.0 9
64 -9.0 9
65 -9.0 9
66 -9.0 9
67 -9.0 9
68 -9.0 9
69 -9.0 9
70 -9.0 9
71 -9.0 9
72 -9.0 9
73 -9.0 9
74 -9.0 9
0 -50.0 50
1 -50.0 50
2 -50.0 50
3 -50.0 50
4 -50.0 50
5 -50.0 50
6 -50.0 50
7 -50.0 50
8 -37.0 37
9 -50.0 50
10 -50.0 50
11 -50.0 50
12 -50.0 50
13 -50.0 50
14 -50.0 50
15 -50.0 50
16 -50.0 50
17 -50.0 50
18 -50.0 50
19 -50.0 50
20 -50.0 50
21 -36.0 36
22 -50.0 50
23 -50.0 50
24 -50.0 50
25 -18.0 18
26 -50.0 50
27 -50.0 50
28 -50.0 50
29 -50.0 50
30 -50.0 50
31 -50.0 50
32 -50.0 50
33 -50.0 50
34 -44.0 44
35 -50.0 50
36 -50.0 50
37 -50.0 50
38 -50.0 50
39 -17.0 17
40 -27.0 27
41 -29.0 29
42 -50.0 50
43 -46.0 46
44 -14.0 14
45 -11.0 11
46 -34.0 34
47 -50.0 50
48 -50.0 50
49 -50.0 50
50 -50.0 50
51 -50.0 50
52 -26.0 26
53 -42.0 42
54 -50.0 50
55 -50.0 50
56 -27.0 27
57 -50.0 50
58 -14.0 14
59 -21.0 21
60 -20.0 20
61 -15.0 15
62 -14.0 14
63 -15.0 15
64 -23.0 23
65 -14.0 14
66 -11.0 11
67 -9.0 9
68 -9.0 9
69 -9.0 9
70 -9.0 9
71 -9.0 9
72 -9.0 9
73 -9.0 9
74 -9.0 9
0 -50.0 50
1 -50.0 50
2 -50.0 50
3 -50.0 50
4 -50.0 50
5 -50.0 50
6 -50.0 50
7 -50.0 50
8 -50.0 50
9 -50.0 50
10 -50.0 50
11 -50.0 50
12 -50.0 50
13 -50.0 50
14 -50.0 50
15 -50.0 50
16 -50.0 50
17 -50.0 50
18 -50.0 50
19 -50.0 50
20 -50.0 50
21 -50.0 50
22 -50.0 50
23 -43.0 43
24 -50.0 50
25 -50.0 50
26 -50.0 50
27 -50.0 50
28 -50.0 50
29 -50.0 50
30 -25.0 25
31 -50.0 50
32 -50.0 50
33 -50.0 50
34 -43.0 43
35 -50.0 50
36 -50.0 50
37 -50.0 50
38 -50.0 50
39 -50.0 50
40 -50.0 50
41 -15.0 15
42 -27.0 27
43 -50.0 50
44 -50.0 50
45 -30.0 30
46 -50.0 50
47 -50.0 50
48 -22.0 22
49 -36.0 36
50 -38.0 38
51 -9.0 9
52 -12.0 12
53 -10.0 10
54 -14.0 14
55 -46.0 46
56 -9.0 9
57 -9.0 9
58 -39.0 39
59 -9.0 9
60 -9.0 9
61 -9.0 9
62 -14.0 14
63 -11.0 11
64 -21.0 21
65 -14.0 14
66 -9.0 9
67 -9.0 9
68 -9.0 9
69 -9.0 9
70 -9.0 9
71 -9.0 9
72 -9.0 9
73 -9.0 9
74 -9.0 9
0 -47.0 47
1 -50.0 50
2 -50.0 50
3 -50.0 50
4 -50.0 50
5 -50.0 50
6 -50.0 50
7 -50.0 50
8 -50.0 50
9 -50.0 50
10 -50.0 50
11 -50.0 50
12 -50.0 50
13 -50.0 50
14 -50.0 50
15 -50.0 50
16 -50.0 50
17 -50.0 50
18 -50.0 50
19 -35.0 35
20 -50.0 50
21 -50.0 50
22 -50.0 50
23 -50.0 50
24 -50.0 50
25 -50.0 50
26 -50.0 50
27 -50.0 50
28 -34.0 34
29 -50.0 50
30 -50.0 50
31 -50.0 50
32 -50.0 50
33 -50.0 50
34 -50.0 50
35 -50.0 50
36 -50.0 50
37 -50.0 50
38 -30.0 30
39 -24.0 24
40 -24.0 24
41 -24.0 24
42 -50.0 50
43 -50.0 50
44 -50.0 50
45 -50.0 50
46 -50.0 50
47 -17.0 17
48 -14.0 14
49 -13.0 13
50 -16.0 16
51 -50.0 50
52 -18.0 18
53 -15.0 15
54 -13.0 13
55 -10.0 10
56 -13.0 13
57 -11.0 11
58 -10.0 10
59 -11.0 11
60 -10.0 10
61 -16.0 16
62 -9.0 9
63 -9.0 9
64 -9.0 9
65 -9.0 9
66 -9.0 9
67 -9.0 9
68 -9.0 9
69 -9.0 9
70 -9.0 9
71 -9.0 9
72 -9.0 9
73 -9.0 9
74 -9.0 9
0 -50.0 50
1 -50.0 50
2 -50.0 50
3 -50.0 50
4 -50.0 50
5 -50.0 50
6 -50.0 50
7 -50.0 50
8 -50.0 50
9 -50.0 50
10 -50.0 50
11 -50.0 50
12 -50.0 50
13 -50.0 50
14 -28.0 28
15 -50.0 50
16 -50.0 50
17 -50.0 50
18 -50.0 50
19 -50.0 50
20 -50.0 50
21 -50.0 50
22 -50.0 50
23 -50.0 50
24 -50.0 50
25 -29.0 29
26 -50.0 50
27 -50.0 50
28 -50.0 50
29 -47.0 47
30 -35.0 35
31 -50.0 50
32 -50.0 50
33 -50.0 50
34 -32.0 32
35 -50.0 50
36 -50.0 50
37 -50.0 50
38 -50.0 50
39 -50.0 50
40 -34.0 34
41 -15.0 15
42 -50.0 50
43 -15.0 15
44 -50.0 50
45 -34.0 34
46 -22.0 22
47 -50.0 50
48 -50.0 50
49 -50.0 50
50 -11.0 11
51 -13.0 13
52 -16.0 16
53 -16.0 16
54 -38.0 38
55 -12.0 12
56 -11.0 11
57 -11.0 11
58 -17.0 17
59 -9.0 9
60 -12.0 12
61 -10.0 10
62 -12.0 12
63 -15.0 15
64 -9.0 9
65 -9.0 9
66 -9.0 9
67 -9.0 9
68 -9.0 9
69 -9.0 9
70 -9.0 9
71 -9.0 9
72 -9.0 9
73 -9.0 9
74 -9.0 9
0 -50.0 50
1 -50.0 50
2 -50.0 50
3 -50.0 50
4 -50.0 50
5 -50.0 50
6 -50.0 50
7 -50.0 50
8 -50.0 50
9 -50.0 50
10 -50.0 50
11 -50.0 50
12 -30.0 30
13 -50.0 50
14 -50.0 50
15 -50.0 50
16 -50.0 50
17 -50.0 50
18 -50.0 50
19 -50.0 50
20 -50.0 50
21 -21.0 21
22 -50.0 50
23 -50.0 50
24 -50.0 50
25 -50.0 50
26 -50.0 50
27 -50.0 50
28 -50.0 50
29 -50.0 50
30 -50.0 50
31 -17.0 17
32 -50.0 50
33 -50.0 50
34 -19.0 19
35 -50.0 50
36 -50.0 50
37 -50.0 50
38 -27.0 27
39 -16.0 16
40 -50.0 50
41 -50.0 50
42 -50.0 50
43 -50.0 50
44 -19.0 19
45 -22.0 22
46 -27.0 27
47 -50.0 50
48 -50.0 50
49 -50.0 50
50 -50.0 50
51 -50.0 50
52 -50.0 50
53 -50.0 50
54 -50.0 50
55 -29.0 29
56 -15.0 15
57 -23.0 23
58 -15.0 15
59 -11.0 11
60 -12.0 12
61 -9.0 9
62 -10.0 10
63 -9.0 9
64 -9.0 9
65 -9.0 9
66 -13.0 13
67 -12.0 12
68 -11.0 11
69 -9.0 9
70 -9.0 9
71 -9.0 9
72 -11.0 11
73 -9.0 9
74 -9.0 9
0 -50.0 50
1 -50.0 50
2 -50.0 50
3 -50.0 50
4 -50.0 50
5 -50.0 50
6 -50.0 50
7 -50.0 50
8 -50.0 50
9 -50.0 50
10 -50.0 50
11 -50.0 50
12 -50.0 50
13 -37.0 37
14 -50.0 50
15 -50.0 50
16 -50.0 50
17 -50.0 50
18 -50.0 50
19 -50.0 50
20 -50.0 50
21 -50.0 50
22 -50.0 50
23 -50.0 50
24 -50.0 50
25 -50.0 50
26 -26.0 26
27 -50.0 50
28 -50.0 50
29 -50.0 50
30 -50.0 50
31 -50.0 50
32 -16.0 16
33 -49.0 49
34 -50.0 50
35 -50.0 50
36 -50.0 50
37 -50.0 50
38 -50.0 50
39 -50.0 50
40 -39.0 39
41 -50.0 50
42 -50.0 50
43 -42.0 42
44 -50.0 50
45 -50.0 50
46 -42.0 42
47 -50.0 50
48 -50.0 50
49 -50.0 50
50 -29.0 29
51 -27.0 27
52 -18.0 18
53 -12.0 12
54 -23.0 23
55 -50.0 50
56 -16.0 16
57 -11.0 11
58 -9.0 9
59 -11.0 11
60 -12.0 12
61 -13.0 13
62 -16.0 16
63 -12.0 12
64 -9.0 9
65 -9.0 9
66 -9.0 9
67 -13.0 13
68 -12.0 12
69 -11.0 11
70 -11.0 11
71 -9.0 9
72 -9.0 9
73 -9.0 9
74 -13.0 13
0 -50.0 50
1 -50.0 50
2 -50.0 50
3 -50.0 50
4 -50.0 50
5 -50.0 50
6 -50.0 50
7 -50.0 50
8 -50.0 50
9 -50.0 50
10 -50.0 50
11 -50.0 50
12 -50.0 50
13 -50.0 50
14 -50.0 50
15 -50.0 50
16 -41.0 41
17 -50.0 50
18 -50.0 50
19 -50.0 50
20 -50.0 50
21 -50.0 50
22 -50.0 50
23 -33.0 33
24 -50.0 50
25 -50.0 50
26 -50.0 50
27 -50.0 50
28 -50.0 50
29 -50.0 50
30 -44.0 44
31 -50.0 50
32 -50.0 50
33 -50.0 50
34 -50.0 50
35 -50.0 50
36 -50.0 50
37 -50.0 50
38 -50.0 50
39 -50.0 50
40 -50.0 50
41 -49.0 49
42 -50.0 50
43 -50.0 50
44 -50.0 50
45 -50.0 50
46 -25.0 25
47 -9.0 9
48 -11.0 11
49 -11.0 11
50 -14.0 14
51 -11.0 11
52 -20.0 20
53 -15.0 15
54 -12.0 12
55 -50.0 50
56 -20.0 20
57 -9.0 9
58 -10.0 10
59 -9.0 9
60 -9.0 9
61 -11.0 11
62 -15.0 15
63 -9.0 9
64 -9.0 9
65 -9.0 9
66 -9.0 9
67 -9.0 9
68 -9.0 9
69 -11.0 11
70 -12.0 12
71 -9.0 9
72 -9.0 9
73 -9.0 9
74 -9.0 9
0 -50.0 50
1 -50.0 50
2 -50.0 50
3 -50.0 50
4 -50.0 50
5 -50.0 50
6 -50.0 50
7 -50.0 50
8 -50.0 50
9 -50.0 50
10 -50.0 50
11 -50.0 50
12 -50.0 50
13 -50.0 50
14 -50.0 50
15 -50.0 50
16 -50.0 50
17 -50.0 50
18 -50.0 50
19 -50.0 50
20 -50.0 50
21 -50.0 50
22 -29.0 29
23 -50.0 50
24 -50.0 50
25 -50.0 50
26 -50.0 50
27 -50.0 50
28 -50.0 50
29 -50.0 50
30 -50.0 50
31 -50.0 50
32 -34.0 34
33 -50.0 50
34 -50.0 50
35 -50.0 50
36 -50.0 50
37 -50.0 50
38 -50.0 50
39 -50.0 50
40 -50.0 50
41 -50.0 50
42 -18.0 18
43 -11.0 11
44 -25.0 25
45 -20.0 20
46 -17.0 17
47 -50.0 50
48 -50.0 50
49 -50.0 50
50 -50.0 50
51 -23.0 23
52 -13.0 13
53 -13.0 13
54 -28.0 28
55 -38.0 38
56 -50.0 50
57 -50.0 50
58 -16.0 16
59 -9.0 9
60 -9.0 9
61 -11.0 11
62 -9.0 9
63 -9.0 9
64 -9.0 9
65 -11.0 11
66 -12.0 12
67 -10.0 10
68 -9.0 9
69 -9.0 9
70 -9.0 9
71 -9.0 9
72 -9.0 9
73 -9.0 9
74 -9.0 9
0 -50.0 50
1 -50.0 50
2 -50.0 50
3 -50.0 50
4 -50.0 50
5 -50.0 50
6 -50.0 50
7 -50.0 50
8 -50.0 50
9 -50.0 50
10 -50.0 50
11 -50.0 50
12 -50.0 50
13 -50.0 50
14 -50.0 50
15 -50.0 50
16 -50.0 50
17 -50.0 50
18 -50.0 50
19 -50.0 50
20 -50.0 50
21 -50.0 50
22 -50.0 50
23 -50.0 50
24 -50.0 50
25 -50.0 50
26 -50.0 50
27 -50.0 50
28 -50.0 50
29 -50.0 50
30 -42.0 42
31 -20.0 20
32 -36.0 36
33 -50.0 50
34 -50.0 50
35 -50.0 50
36 -48.0 48
37 -50.0 50
38 -50.0 50
39 -50.0 50
40 -50.0 50
41 -18.0 18
42 -21.0 21
43 -50.0 50
44 -50.0 50
45 -23.0 23
46 -9.0 9
47 -13.0 13
48 -50.0 50
49 -33.0 33
50 -26.0 26
51 -50.0 50
52 -50.0 50
53 -50.0 50
54 -16.0 16
55 -14.0 14
56 -17.0 17
57 -17.0 17
58 -14.0 14
59 -16.0 16
60 -15.0 15
61 -13.0 13
62 -13.0 13
63 -15.0 15
64 -13.0 13
65 -20.0 20
66 -14.0 14
67 -22.0 22
68 -15.0 15
69 -9.0 9
70 -9.0 9
71 -9.0 9
72 -9.0 9
73 -9.0 9
74 -9.0 9
0 -50.0 50
1 -50.0 50
2 -50.0 50
3 -50.0 50
4 -50.0 50
5 -50.0 50
6 -50.0 50
7 -50.0 50
8 -50.0 50
9 -50.0 50
10 -50.0 50
11 -50.0 50
12 -50.0 50
13 -50.0 50
14 -50.0 50
15 -50.0 50
16 -50.0 50
17 -50.0 50
18 -50.0 50
19 -50.0 50
20 -50.0 50
21 -50.0 50
22 -42.0 42
23 -50.0 50
24 -31.0 31
25 -50.0 50
26 -50.0 50
27 -50.0 50
28 -50.0 50
29 -50.0 50
30 -50.0 50
31 -50.0 50
32 -50.0 50
33 -50.0 50
34 -50.0 50
35 -50.0 50
36 -50.0 50
37 -50.0 50
38 -50.0 50
39 -50.0 50
40 -50.0 50
41 -22.0 22
42 -50.0 50
43 -28.0 28
44 -19.0 19
45 -20.0 20
46 -50.0 50
47 -9.0 9
48 -16.0 16
49 -50.0 50
50 -43.0 43
51 -44.0 44
52 -20.0 20
53 -50.0 50
54 -50.0 50
55 -50.0 50
56 -50.0 50
57 -27.0 27
58 -22.0 22
59 -9.0 9
60 -10.0 10
61 -10.0 10
62 -9.0 9
63 -9.0 9
64 -9.0 9
65 -11.0 11
66 -11.0 11
67 -9.0 9
68 -9.0 9
69 -9.0 9
70 -9.0 9
71 -9.0 9
72 -9.0 9
73 -9.0 9
74 -9.0 9
0 -50.0 50
1 -50.0 50
2 -38.0 38
3 -50.0 50
4 -50.0 50
5 -50.0 50
6 -50.0 50
7 -50.0 50
8 -50.0 50
9 -50.0 50
10 -50.0 50
11 -50.0 50
12 -50.0 50
13 -50.0 50
14 -50.0 50
15 -50.0 50
16 -50.0 50
17 -50.0 50
18 -50.0 50
19 -50.0 50
20 -50.0 50
21 -50.0 50
22 -50.0 50
23 -50.0 50
24 -50.0 50
25 -50.0 50
26 -50.0 50
27 -50.0 50
28 -35.0 35
29 -50.0 50
30 -50.0 50
31 -50.0 50
32 -50.0 50
33 -50.0 50
34 -50.0 50
35 -50.0 50
36 -27.0 27
37 -35.0 35
38 -50.0 50
39 -50.0 50
40 -50.0 50
41 -50.0 50
42 -50.0 50
43 -50.0 50
44 -17.0 17
45 -15.0 15
46 -10.0 10
47 -9.0 9
48 -9.0 9
49 -14.0 14
50 -11.0 11
51 -15.0 15
52 -13.0 13
53 -10.0 10
54 -14.0 14
55 -11.0 11
56 -15.0 15
57 -15.0 15
58 -13.0 13
59 -16.0 16
60 -21.0 21
61 -9.0 9
62 -9.0 9
63 -9.0 9
64 -9.0 9
65 -9.0 9
66 -9.0 9
67 -9.0 9
68 -9.0 9
69 -9.0 9
70 -9.0 9
71 -9.0 9
72 -9.0 9
73 -9.0 9
74 -9.0 9
0 -50.0 50
1 -50.0 50
2 -50.0 50
3 -50.0 50
4 -50.0 50
5 -50.0 50
6 -50.0 50
7 -50.0 50
8 -50.0 50
9 -50.0 50
10 -50.0 50
11 -50.0 50
12 -50.0 50
13 -50.0 50
14 -48.0 48
15 -50.0 50
16 -50.0 50
17 -50.0 50
18 -50.0 50
19 -23.0 23
20 -50.0 50
21 -50.0 50
22 -50.0 50
23 -50.0 50
24 -50.0 50
25 -50.0 50
26 -50.0 50
27 -50.0 50
28 -50.0 50
29 -50.0 50
30 -50.0 50
31 -50.0 50
32 -50.0 50
33 -50.0 50
34 -30.0 30
35 -50.0 50
36 -20.0 20
37 -18.0 18
38 -18.0 18
39 -50.0 50
40 -50.0 50
41 -50.0 50
42 -50.0 50
43 -41.0 41
44 -50.0 50
45 -50.0 50
46 -26.0 26
47 -50.0 50
48 -13.0 13
49 -18.0 18
50 -38.0 38
51 -50.0 50
52 -50.0 50
53 -23.0 23
54 -50.0 50
55 -50.0 50
56 -25.0 25
57 -44.0 44
58 -9.0 9
59 -9.0 9
60 -16.0 16
61 -15.0 15
62 -11.0 11
63 -9.0 9
64 -9.0 9
65 -9.0 9
66 -9.0 9
67 -9.0 9
68 -9.0 9
69 -9.0 9
70 -11.0 11
71 -11.0 11
72 -11.0 11
73 -10.0 10
74 -9.0 9
0 -50.0 50
1 -50.0 50
2 -50.0 50
3 -50.0 50
4 -50.0 50
5 -50.0 50
6 -50.0 50
7 -31.0 31
8 -50.0 50
9 -50.0 50
10 -50.0 50
11 -50.0 50
12 -50.0 50
13 -50.0 50
14 -50.0 50
15 -50.0 50
16 -50.0 50
17 -50.0 50
18 -50.0 50
19 -50.0 50
20 -50.0 50
21 -50.0 50
22 -50.0 50
23 -50.0 50
24 -50.0 50
25 -50.0 50
26 -50.0 50
27 -50.0 50
28 -50.0 50
29 -50.0 50
30 -50.0 50
31 -50.0 50
32 -50.0 50
33 -50.0 50
34 -50.0 50
35 -50.0 50
36 -18.0 18
37 -50.0 50
38 -50.0 50
39 -50.0 50
40 -50.0 50
41 -47.0 47
42 -16.0 16
43 -15.0 15
44 -43.0 43
45 -50.0 50
46 -16.0 16
47 -18.0 18
48 -50.0 50
49 -50.0 50
50 -29.0 29
51 -50.0 50
52 -32.0 32
53 -50.0 50
54 -50.0 50
55 -50.0 50
56 -21.0 21
57 -17.0 17
58 -12.0 12
59 -10.0 10
60 -11.0 11
61 -10.0 10
62 -9.0 9
63 -9.0 9
64 -9.0 9
65 -9.0 9
66 -9.0 9
67 -9.0 9
68 -11.0 11
69 -9.0 9
70 -9.0 9
71 -9.0 9
72 -9.0 9
73 -11.0 11
74 -13.0 13
0 -50.0 50
1 -50.0 50
2 -50.0 50
3 -50.0 50
4 -50.0 50
5 -50.0 50
6 -50.0 50
7 -50.0 50
8 -50.0 50
9 -33.0 33
10 -50.0 50
11 -50.0 50
12 -50.0 50
13 -50.0 50
14 -50.0 50
15 -50.0 50
16 -50.0 50
17 -50.0 50
18 -50.0 50
19 -50.0 50
20 -49.0 49
21 -50.0 50
22 -50.0 50
23 -50.0 50
24 -50.0 50
25 -50.0 50
26 -50.0 50
27 -47.0 47
28 -50.0 50
29 -50.0 50
30 -50.0 50
31 -50.0 50
32 -48.0 48
33 -22.0 22
34 -50.0 50
35 -50.0 50
36 -50.0 50
37 -50.0 50
38 -50.0 50
39 -50.0 50
40 -50.0 50
41 -50.0 50
42 -50.0 50
43 -50.0 50
44 -50.0 50
45 -50.0 50
46 -50.0 50
47 -37.0 37
48 -21.0 21
49 -50.0 50
50 -35.0 35
51 -45.0 45
52 -35.0 35
53 -9.0 9
54 -14.0 14
55 -20.0 20
56 -36.0 36
57 -16.0 16
58 -9.0 9
59 -9.0 9
60 -9.0 9
61 -12.0 12
62 -15.0 15
63 -9.0 9
64 -9.0 9
65 -9.0 9
66 -9.0 9
67 -9.0 9
68 -9.0 9
69 -9.0 9
70 -9.0 9
71 -9.0 9
72 -9.0 9
73 -9.0 9
74 -9.0 9
0 -50.0 50
1 -50.0 50
2 -50.0 50
3 -50.0 50
4 -50.0 50
5 -50.0 50
6 -50.0 50
7 -50.0 50
8 -50.0 50
9 -50.0 50
10 -50.0 50
11 -50.0 50
12 -50.0 50
13 -50.0 50
14 -50.0 50
15 -50.0 50
16 -50.0 50
17 -50.0 50
18 -50.0 50
19 -50.0 50
20 -50.0 50
21 -50.0 50
22 -50.0 50
23 -50.0 50
24 -50.0 50
25 -50.0 50
26 -36.0 36
27 -50.0 50
28 -50.0 50
29 -50.0 50
30 -50.0 50
31 -50.0 50
32 -46.0 46
33 -50.0 50
34 -50.0 50
35 -50.0 50
36 -50.0 50
37 -50.0 50
38 -50.0 50
39 -35.0 35
40 -50.0 50
41 -50.0 50
42 -38.0 38
43 -16.0 16
44 -14.0 14
45 -12.0 12
46 -15.0 15
47 -28.0 28
48 -34.0 34
49 -50.0 50
50 -34.0 34
51 -50.0 50
52 -16.0 16
53 -15.0 15
54 -44.0 44
55 -23.0 23
56 -17.0 17
57 -15.0 15
58 -22.0 22
59 -11.0 11
60 -13.0 13
61 -9.0 9
62 -9.0 9
63 -9.0 9
64 -11.0 11
65 -11.0 11
66 -11.0 11
67 -10.0 10
68 -9.0 9
69 -9.0 9
70 -9.0 9
71 -9.0 9
72 -9.0 9
73 -9.0 9
74 -9.0 9
0 -50.0 50
1 -50.0 50
2 -50.0 50
3 -50.0 50
4 -50.0 50
5 -50.0 50
6 -50.0 50
7 -50.0 50
8 -50.0 50
9 -50.0 50
10 -50.0 50
11 -50.0 50
12 -50.0 50
13 -50.0 50
14 -50.0 50
15 -50.0 50
16 -50.0 50
17 -50.0 50
18 -50.0 50
19 -50.0 50
20 -50.0 50
21 -50.0 50
22 -50.0 50
23 -50.0 50
24 -50.0 50
25 -50.0 50
26 -39.0 39
27 -50.0 50
28 -50.0 50
29 -50.0 50
30 -50.0 50
31 -18.0 18
32 -12.0 12
33 -35.0 35
34 -50.0 50
35 -50.0 50
36 -50.0 50
37 -50.0 50
38 -50.0 50
39 -50.0 50
40 -50.0 50
41 -14.0 14
42 -17.0 17
43 -50.0 50
44 -50.0 50
45 -50.0 50
46 -21.0 21
47 -31.0 31
48 -50.0 50
49 -48.0 48
50 -19.0 19
51 -17.0 17
52 -13.0 13
53 -17.0 17
54 -17.0 17
55 -13.0 13
56 -10.0 10
57 -20.0 20
58 -31.0 31
59 -30.0 30
60 -10.0 10
61 -9.0 9
62 -9.0 9
63 -9.0 9
64 -10.0 10
65 -9.0 9
66 -9.0 9
67 -11.0 11
68 -11.0 11
69 -9.0 9
70 -9.0 9
71 -9.0 9
72 -9.0 9
73 -9.0 9
74 -9.0 9
0 -50.0 50
1 -50.0 50
2 -50.0 50
3 -50.0 50
4 -50.0 50
5 -50.0 50
6 -50.0 50
7 -50.0 50
8 -50.0 50
9 -38.0 38
10 -50.0 50
11 -50.0 50
12 -50.0 50
13 -50.0 50
14 -50.0 50
15 -50.0 50
16 -50.0 50
17 -50.0 50
18 -50.0 50
19 -50.0 50
20 -50.0 50
21 -36.0 36
22 -50.0 50
23 -50.0 50
24 -50.0 50
25 -50.0 50
26 -50.0 50
27 -50.0 50
28 -50.0 50
29 -50.0 50
30 -30.0 30
31 -50.0 50
32 -50.0 50
33 -50.0 50
34 -50.0 50
35 -50.0 50
36 -50.0 50
37 -50.0 50
38 -50.0 50
39 -18.0 18
40 -50.0 50
41 -50.0 50
42 -50.0 50
43 -15.0 15
44 -50.0 50
45 -50.0 50
46 -10.0 10
47 -28.0 28
48 -16.0 16
49 -15.0 15
50 -15.0 15
51 -22.0 22
52 -27.0 27
53 -11.0 11
54 -12.0 12
55 -9.0 9
56 -10.0 10
57 -11.0 11
58 -14.0 14
59 -9.0 9
60 -16.0 16
61 -11.0 11
62 -11.0 11
63 -11.0 11
64 -13.0 13
65 -17.0 17
66 -22.0 22
67 -12.0 12
68 -9.0 9
69 -9.0 9
70 -9.0 9
71 -9.0 9
72 -9.0 9
73 -9.0 9
74 -9.0 9
0 -50.0 50
1 -33.0 33
2 -50.0 50
3 -50.0 50
4 -50.0 50
5 -50.0 50
6 -50.0 50
7 -50.0 50
8 -50.0 50
9 -50.0 50
10 -50.0 50
11 -50.0 50
12 -50.0 50
13 -50.0 50
14 -50.0 50
15 -50.0 50
16 -50.0 50
17 -50.0 50
18 -50.0 50
19 -50.0 50
20 -50.0 50
21 -50.0 50
22 -50.0 50
23 -50.0 50
24 -50.0 50
25 -50.0 50
26 -50.0 50
27 -50.0 50
28 -50.0 50
29 -50.0 50
30 -48.0 48
31 -50.0 50
32 -50.0 50
33 -50.0 50
34 -50.0 50
35 -50.0 50
36 -50.0 50
37 -50.0 50
38 -36.0 36
39 -50.0 50
40 -50.0 50
41 -50.0 50
42 -43.0 43
43 -50.0 50
44 -50.0 50
45 -50.0 50
46 -50.0 50
47 -50.0 50
48 -50.0 50
49 -20.0 20
50 -18.0 18
51 -26.0 26
52 -50.0 50
53 -16.0 16
54 -9.0 9
55 -15.0 15
56 -21.0 21
57 -28.0 28
58 -11.0 11
59 -13.0 13
60 -16.0 16
61 -13.0 13
62 -10.0 10
63 -16.0 16
64 -12.0 12
65 -9.0 9
66 -9.0 9
67 -9.0 9
68 -9.0 9
69 -9.0 9
70 -9.0 9
71 -9.0 9
72 -11.0 11
73 -9.0 9
74 -9.0 9
0 -50.0 50
1 -50.0 50
2 -50.0 50
3 -50.0 50
4 -50.0 50
5 -50.0 50
6 -50.0 50
7 -50.0 50
8 -50.0 50
9 -50.0 50
10 -50.0 50
11 -50.0 50
12 -50.0 50
13 -50.0 50
14 -50.0 50
15 -50.0 50
16 -50.0 50
17 -50.0 50
18 -50.0 50
19 -50.0 50
20 -50.0 50
21 -50.0 50
22 -50.0 50
23 -50.0 50
24 -50.0 50
25 -50.0 50
26 -50.0 50
27 -30.0 30
28 -50.0 50
29 -50.0 50
30 -33.0 33
31 -50.0 50
32 -50.0 50
33 -50.0 50
34 -50.0 50
35 -26.0 26
36 -50.0 50
37 -42.0 42
38 -50.0 50
39 -50.0 50
40 -50.0 50
41 -50.0 50
42 -50.0 50
43 -50.0 50
44 -50.0 50
45 -26.0 26
46 -50.0 50
47 -50.0 50
48 -39.0 39
49 -50.0 50
50 -36.0 36
51 -48.0 48
52 -25.0 25
53 -18.0 18
54 -19.0 19
55 -39.0 39
56 -50.0 50
57 -50.0 50
58 -21.0 21
59 -13.0 13
60 -11.0 11
61 -11.0 11
62 -9.0 9
63 -9.0 9
64 -13.0 13
65 -13.0 13
66 -9.0 9
67 -9.0 9
68 -9.0 9
69 -9.0 9
70 -11.0 11
71 -9.0 9
72 -9.0 9
73 -9.0 9
74 -9.0 9
0 -50.0 50
1 -50.0 50
2 -50.0 50
3 -50.0 50
4 -50.0 50
5 -50.0 50
6 -50.0 50
7 -50.0 50
8 -50.0 50
9 -50.0 50
10 -50.0 50
11 -28.0 28
12 -50.0 50
13 -50.0 50
14 -50.0 50
15 -50.0 50
16 -50.0 50
17 -50.0 50
18 -50.0 50
19 -50.0 50
20 -50.0 50
21 -50.0 50
22 -50.0 50
23 -46.0 46
24 -50.0 50
25 -50.0 50
26 -50.0 50
27 -50.0 50
28 -16.0 16
29 -22.0 22
30 -50.0 50
31 -50.0 50
32 -50.0 50
33 -50.0 50
34 -50.0 50
35 -50.0 50
36 -50.0 50
37 -24.0 24
38 -9.0 9
39 -9.0 9
40 -11.0 11
41 -31.0 31
42 -50.0 50
43 -50.0 50
44 -31.0 31
45 -50.0 50
46 -50.0 50
47 -27.0 27
48 -15.0 15
49 -12.0 12
50 -11.0 11
51 -11.0 11
52 -11.0 11
53 -32.0 32
54 -34.0 34
55 -50.0 50
56 -13.0 13
57 -13.0 13
58 -50.0 50
59 -15.0 15
60 -9.0 9
61 -9.0 9
62 -9.0 9
63 -50.0 50
64 -9.0 9
65 -9.0 9
66 -9.0 9
67 -9.0 9
68 -9.0 9
69 -9.0 9
70 -9.0 9
71 -9.0 9
72 -9.0 9
73 -9.0 9
74 -9.0 9
0 -50.0 50
1 -50.0 50
2 -50.0 50
3 -50.0 50
4 -50.0 50
5 -50.0 50
6 -50.0 50
7 -45.0 45
8 -50.0 50
9 -50.0 50
10 -50.0 50
11 -50.0 50
12 -50.0 50
13 -50.0 50
14 -50.0 50
15 -50.0 50
16 -50.0 50
17 -50.0 50
18 -50.0 50
19 -50.0 50
20 -50.0 50
21 -50.0 50
22 -50.0 50
23 -50.0 50
24 -50.0 50
25 -50.0 50
26 -50.0 50
27 -50.0 50
28 -50.0 50
29 -50.0 50
30 -50.0 50
31 -50.0 50
32 -50.0 50
33 -50.0 50
34 -21.0 21
35 -28.0 28
36 -40.0 40
37 -50.0 50
38 -50.0 50
39 -50.0 50
40 -28.0 28
41 -50.0 50
42 -50.0 50
43 -50.0 50
44 -28.0 28
45 -24.0 24
46 -50.0 50
47 -44.0 44
48 -50.0 50
49 -50.0 50
50 -28.0 28
51 -50.0 50
52 -50.0 50
53 -22.0 22
54 -50.0 50
55 -50.0 50
56 -50.0 50
57 -50.0 50
58 -16.0 16
59 -10.0 10
60 -9.0 9
61 -9.0 9
62 -9.0 9
63 -13.0 13
64 -15.0 15
65 -12.0 12
66 -11.0 11
67 -9.0 9
68 -9.0 9
69 -9.0 9
70 -9.0 9
71 -9.0 9
72 -9.0 9
73 -9.0 9
74 -9.0 9
0 -50.0 50
1 -50.0 50
2 -50.0 50
3 -50.0 50
4 -50.0 50
5 -50.0 50
6 -50.0 50
7 -50.0 50
8 -50.0 50
9 -50.0 50
10 -50.0 50
11 -50.0 50
12 -50.0 50
13 -22.0 22
14 -50.0 50
15 -50.0 50
16 -50.0 50
17 -40.0 40
18 -50.0 50
19 -50.0 50
20 -50.0 50
21 -50.0 50
22 -50.0 50
23 -50.0 50
24 -50.0 50
25 -50.0 50
26 -50.0 50
27 -50.0 50
28 -50.0 50
29 -50.0 50
30 -27.0 27
31 -50.0 50
32 -50.0 50
33 -50.0 50
34 -50.0 50
35 -29.0 29
36 -50.0 50
37 -50.0 50
38 -50.0 50
39 -50.0 50
40 -50.0 50
41 -50.0 50
42 -50.0 50
43 -50.0 50
44 -45.0 45
45 -50.0 50
46 -14.0 14
47 -22.0 22
48 -19.0 19
49 -24.0 24
50 -27.0 27
51 -50.0 50
52 -50.0 50
53 -50.0 50
54 -50.0 50
55 -45.0 45
56 -13.0 13
57 -50.0 50
58 -17.0 17
59 -11.0 11
60 -9.0 9
61 -9.0 9
62 -9.0 9
63 -9.0 9
64 -9.0 9
65 -13.0 13
66 -12.0 12
67 -14.0 14
68 -12.0 12
69 -9.0 9
70 -11.0 11
71 -10.0 10
72 -9.0 9
73 -9.0 9
74 -9.0 9
0 -50.0 50
1 -50.0 50
2 -50.0 50
3 -50.0 50
4 -50.0 50
5 -50.0 50
6 -50.0 50
7 -50.0 50
8 -50.0 50
9 -50.0 50
10 -50.0 50
11 -45.0 45
12 -50.0 50
13 -50.0 50
14 -50.0 50
15 -45.0 45
16 -50.0 50
17 -50.0 50
18 -50.0 50
19 -50.0 50
20 -50.0 50
21 -50.0 50
22 -50.0 50
23 -50.0 50
24 -50.0 50
25 -50.0 50
26 -50.0 50
27 -42.0 42
28 -50.0 50
29 -50.0 50
30 -50.0 50
31 -50.0 50
32 -50.0 50
33 -50.0 50
34 -50.0 50
35 -50.0 50
36 -50.0 50
37 -50.0 50
38 -17.0 17
39 -40.0 40
40 -19.0 19
41 -50.0 50
42 -50.0 50
43 -50.0 50
44 -23.0 23
45 -20.0 20
46 -9.0 9
47 -50.0 50
48 -10.0 10
49 -11.0 11
50 -13.0 13
51 -20.0 20
52 -30.0 30
53 -11.0 11
54 -11.0 11
55 -13.0 13
56 -48.0 48
57 -32.0 32
58 -26.0 26
59 -14.0 14
60 -27.0 27
61 -13.0 13
62 -14.0 14
63 -9.0 9
64 -11.0 11
65 -9.0 9
66 -9.0 9
67 -9.0 9
68 -9.0 9
69 -9.0 9
70 -9.0 9
71 -9.0 9
72 -9.0 9
73 -9.0 9
74 -9.0 9
0 -50.0 50
1 -50.0 50
2 -50.0 50
3 -50.0 50
4 -50.0 50
5 -50.0 50
6 -50.0 50
7 -50.0 50
8 -50.0 50
9 -50.0 50
10 -39.0 39
11 -50.0 50
12 -50.0 50
13 -50.0 50
14 -50.0 50
15 -50.0 50
16 -50.0 50
17 -50.0 50
18 -50.0 50
19 -50.0 50
20 -50.0 50
21 -50.0 50
22 -50.0 50
23 -50.0 50
24 -50.0 50
25 -50.0 50
26 -50.0 50
27 -50.0 50
28 -50.0 50
29 -50.0 50
30 -24.0 24
31 -21.0 21
32 -28.0 28
33 -50.0 50
34 -35.0 35
35 -50.0 50
36 -50.0 50
37 -50.0 50
38 -50.0 50
39 -50.0 50
40 -50.0 50
41 -50.0 50
42 -50.0 50
43 -50.0 50
44 -50.0 50
45 -50.0 50
46 -43.0 43
47 -50.0 50
48 -50.0 50
49 -50.0 50
50 -13.0 13
51 -13.0 13
52 -10.0 10
53 -19.0 19
54 -20.0 20
55 -21.0 21
56 -50.0 50
57 -29.0 29
58 -50.0 50
59 -11.0 11
60 -10.0 10
61 -9.0 9
62 -9.0 9
63 -10.0 10
64 -11.0 11
65 -10.0 10
66 -10.0 10
67 -9.0 9
68 -9.0 9
69 -9.0 9
70 -9.0 9
71 -9.0 9
72 -9.0 9
73 -11.0 11
74 -10.0 10
0 -50.0 50
1 -50.0 50
2 -50.0 50
3 -50.0 50
4 -50.0 50
5 -50.0 50
6 -50.0 50
7 -50.0 50
8 -50.0 50
9 -50.0 50
10 -50.0 50
11 -50.0 50
12 -50.0 50
13 -50.0 50
14 -50.0 50
15 -50.0 50
16 -50.0 50
17 -50.0 50
18 -50.0 50
19 -50.0 50
20 -34.0 34
21 -50.0 50
22 -50.0 50
23 -50.0 50
24 -50.0 50
25 -50.0 50
26 -50.0 50
27 -50.0 50
28 -42.0 42
29 -50.0 50
30 -50.0 50
31 -50.0 50
32 -50.0 50
33 -50.0 50
34 -50.0 50
35 -50.0 50
36 -50.0 50
37 -18.0 18
38 -12.0 12
39 -14.0 14
40 -19.0 19
41 -50.0 50
42 -25.0 25
43 -50.0 50
44 -50.0 50
45 -41.0 41
46 -34.0 34
47 -50.0 50
48 -50.0 50
49 -50.0 50
50 -50.0 50
51 -50.0 50
52 -50.0 50
53 -50.0 50
54 -50.0 50
55 -27.0 27
56 -26.0 26
57 -12.0 12
58 -15.0 15
59 -14.0 14
60 -13.0 13
61 -11.0 11
62 -11.0 11
63 -12.0 12
64 -9.0 9
65 -9.0 9
66 -9.0 9
67 -9.0 9
68 -9.0 9
69 -9.0 9
70 -9.0 9
71 -9.0 9
72 -9.0 9
73 -9.0 9
74 -9.0 9
0 -50.0 50
1 -50.0 50
2 -50.0 50
3 -50.0 50
4 -50.0 50
5 -50.0 50
6 -50.0 50
7 -50.0 50
8 -50.0 50
9 -50.0 50
10 -50.0 50
11 -50.0 50
12 -50.0 50
13 -46.0 46
14 -50.0 50
15 -50.0 50
16 -44.0 44
17 -50.0 50
18 -50.0 50
19 -50.0 50
20 -50.0 50
21 -50.0 50
22 -50.0 50
23 -50.0 50
24 -50.0 50
25 -50.0 50
26 -50.0 50
27 -50.0 50
28 -50.0 50
29 -50.0 50
30 -50.0 50
31 -50.0 50
32 -50.0 50
33 -50.0 50
34 -50.0 50
35 -50.0 50
36 -50.0 50
37 -50.0 50
38 -44.0 44
39 -38.0 38
40 -19.0 19
41 -9.0 9
42 -22.0 22
43 -50.0 50
44 -18.0 18
45 -18.0 18
46 -50.0 50
47 -50.0 50
48 -50.0 50
49 -50.0 50
50 -50.0 50
51 -31.0 31
52 -31.0 31
53 -10.0 10
54 -28.0 28
55 -45.0 45
56 -50.0 50
57 -50.0 50
58 -50.0 50
59 -14.0 14
60 -9.0 9
61 -9.0 9
62 -10.0 10
63 -9.0 9
64 -9.0 9
65 -9.0 9
66 -9.0 9
67 -9.0 9
68 -9.0 9
69 -9.0 9
70 -9.0 9
71 -9.0 9
72 -9.0 9
73 -9.0 9
74 -9.0 9
0 -50.0 50
1 -50.0 50
2 -50.0 50
3 -50.0 50
4 -50.0 50
5 -50.0 50
6 -50.0 50
7 -50.0 50
8 -50.0 50
9 -50.0 50
10 -50.0 50
11 -15.0 15
12 -50.0 50
13 -50.0 50
14 -50.0 50
15 -50.0 50
16 -50.0 50
17 -50.0 50
18 -50.0 50
19 -50.0 50
20 -50.0 50
21 -47.0 47
22 -50.0 50
23 -50.0 50
24 -50.0 50
25 -50.0 50
26 -50.0 50
27 -50.0 50
28 -50.0 50
29 -50.0 50
30 -50.0 50
31 -50.0 50
32 -50.0 50
33 -15.0 15
34 -13.0 13
35 -26.0 26
36 -50.0 50
37 -50.0 50
38 -50.0 50
39 -37.0 37
40 -50.0 50
41 -50.0 50
42 -50.0 50
43 -50.0 50
44 -50.0 50
45 -50.0 50
46 -23.0 23
47 -50.0 50
48 -15.0 15
49 -19.0 19
50 -50.0 50
51 -13.0 13
52 -14.0 14
53 -13.0 13
54 -11.0 11
55 -11.0 11
56 -12.0 12
57 -41.0 41
58 -15.0 15
59 -9.0 9
60 -9.0 9
61 -9.0 9
62 -10.0 10
63 -17.0 17
64 -11.0 11
65 -9.0 9
66 -9.0 9
67 -9.0 9
68 -9.0 9
69 -15.0 15
70 -12.0 12
71 -13.0 13
72 -9.0 9
73 -9.0 9
74 -9.0 9
0 -50.0 50
1 -50.0 50
2 -50.0 50
3 -50.0 50
4 -50.0 50
5 -50.0 50
6 -50.0 50
7 -50.0 50
8 -50.0 50
9 -50.0 50
10 -50.0 50
11 -50.0 50
12 -50.0 50
13 -50.0 50
14 -50.0 50
15 -50.0 50
16 -50.0 50
17 -50.0 50
18 -50.0 50
19 -50.0 50
20 -50.0 50
21 -50.0 50
22 -50.0 50
23 -50.0 50
24 -50.0 50
25 -43.0 43
26 -50.0 50
27 -50.0 50
28 -50.0 50
29 -50.0 50
30 -50.0 50
31 -50.0 50
32 -39.0 39
33 -50.0 50
34 -50.0 50
35 -50.0 50
36 -50.0 50
37 -50.0 50
38 -50.0 50
39 -50.0 50
40 -50.0 50
41 -50.0 50
42 -50.0 50
43 -48.0 48
44 -50.0 50
45 -50.0 50
46 -50.0 50
47 -24.0 24
48 -39.0 39
49 -50.0 50
50 -50.0 50
51 -36.0 36
52 -11.0 11
53 -11.0 11
54 -11.0 11
55 -9.0 9
56 -10.0 10
57 -11.0 11
58 -12.0 12
59 -24.0 24
60 -22.0 22
61 -11.0 11
62 -9.0 9
63 -9.0 9
64 -9.0 9
65 -9.0 9
66 -9.0 9
67 -9.0 9
68 -9.0 9
69 -9.0 9
70 -9.0 9
71 -9.0 9
72 -9.0 9
73 -9.0 9
74 -9.0 9
0 -50.0 50
1 -50.0 50
2 -50.0 50
3 -50.0 50
4 -50.0 50
5 -50.0 50
6 -50.0 50
7 -50.0 50
8 -50.0 50
9 -50.0 50
10 -50.0 50
11 -50.0 50
12 -50.0 50
13 -50.0 50
14 -50.0 50
15 -50.0 50
16 -50.0 50
17 -50.0 50
18 -50.0 50
19 -50.0 50
20 -50.0 50
21 -50.0 50
22 -50.0 50
23 -50.0 50
24 -50.0 50
25 -50.0 50
26 -27.0 27
27 -50.0 50
28 -50.0 50
29 -50.0 50
30 -50.0 50
31 -50.0 50
32 -50.0 50
33 -50.0 50
34 -50.0 50
35 -50.0 50
36 -50.0 50
37 -50.0 50
38 -41.0 41
39 -50.0 50
40 -50.0 50
41 -19.0 19
42 -18.0 18
43 -50.0 50
44 -50.0 50
45 -50.0 50
46 -50.0 50
47 -34.0 34
48 -14.0 14
49 -11.0 11
50 -13.0 13
51 -15.0 15
52 -18.0 18
53 -19.0 19
54 -20.0 20
55 -13.0 13
56 -9.0 9
57 -10.0 10
58 -10.0 10
59 -9.0 9
60 -9.0 9
61 -9.0 9
62 -9.0 9
63 -11.0 11
64 -10.0 10
65 -10.0 10
66 -9.0 9
67 -9.0 9
68 -9.0 9
69 -9.0 9
70 -9.0 9
71 -9.0 9
72 -9.0 9
73 -9.0 9
74 -9.0 9
0 -47.0 47
1 -50.0 50
2 -50.0 50
3 -50.0 50
4 -50.0 50
5 -50.0 50
6 -50.0 50
7 -50.0 50
8 -50.0 50
9 -50.0 50
10 -50.0 50
11 -50.0 50
12 -50.0 50
13 -50.0 50
14 -50.0 50
15 -50.0 50
16 -50.0 50
17 -50.0 50
18 -50.0 50
19 -50.0 50
20 -50.0 50
21 -44.0 44
22 -50.0 50
23 -50.0 50
24 -50.0 50
25 -50.0 50
26 -50.0 50
27 -50.0 50
28 -44.0 44
29 -50.0 50
30 -50.0 50
31 -50.0 50
32 -50.0 50
33 -50.0 50
34 -50.0 50
35 -50.0 50
36 -50.0 50
37 -49.0 49
38 -50.0 50
39 -50.0 50
40 -50.0 50
41 -50.0 50
42 -50.0 50
43 -18.0 18
44 -13.0 13
45 -15.0 15
46 -11.0 11
47 -13.0 13
48 -45.0 45
49 -50.0 50
50 -18.0 18
51 -10.0 10
52 -38.0 38
53 -17.0 17
54 -21.0 21
55 -13.0 13
56 -17.0 17
57 -13.0 13
58 -10.0 10
59 -9.0 9
60 -9.0 9
61 -9.0 9
62 -9.0 9
63 -9.0 9
64 -9.0 9
65 -9.0 9
66 -9.0 9
67 -9.0 9
68 -9.0 9
69 -9.0 9
70 -11.0 11
71 -15.0 15
72 -9.0 9
73 -9.0 9
74 -9.0 9
0 -50.0 50
1 -50.0 50
2 -50.0 50
3 -50.0 50
4 -50.0 50
5 -50.0 50
6 -50.0 50
7 -50.0 50
8 -50.0 50
9 -50.0 50
10 -50.0 50
11 -50.0 50
12 -50.0 50
13 -50.0 50
14 -50.0 50
15 -50.0 50
16 -50.0 50
17 -50.0 50
18 -50.0 50
19 -46.0 46
20 -50.0 50
21 -50.0 50
22 -50.0 50
23 -50.0 50
24 -50.0 50
25 -50.0 50
26 -50.0 50
27 -50.0 50
28 -50.0 50
29 -50.0 50
30 -42.0 42
31 -50.0 50
32 -50.0 50
33 -29.0 29
34 -50.0 50
35 -50.0 50
36 -50.0 50
37 -50.0 50
38 -50.0 50
39 -50.0 50
40 -29.0 29
41 -50.0 50
42 -50.0 50
43 -41.0 41
44 -50.0 50
45 -50.0 50
46 -50.0 50
47 -50.0 50
48 -42.0 42
49 -50.0 50
50 -37.0 37
51 -30.0 30
52 -50.0 50
53 -17.0 17
54 -11.0 11
55 -50.0 50
56 -9.0 9
57 -9.0 9
58 -11.0 11
59 -12.0 12
60 -46.0 46
61 -11.0 11
62 -11.0 11
63 -10.0 10
64 -10.0 10
65 -9.0 9
66 -9.0 9
67 -11.0 11
68 -12.0 12
69 -14.0 14
70 -11.0 11
71 -9.0 9
72 -9.0 9
73 -9.0 9
74 -9.0 9
0 -50.0 50
1 -50.0 50
2 -50.0 50
3 -50.0 50
4 -50.0 50
5 -50.0 50
6 -50.0 50
7 -50.0 50
8 -50.0 50
9 -50.0 50
10 -50.0 50
11 -28.0 28
12 -50.0 50
13 -50.0 50
14 -50.0 50
15 -50.0 50
16 -50.0 50
17 -50.0 50
18 -50.0 50
19 -50.0 50
20 -50.0 50
21 -50.0 50
22 -50.0 50
23 -50.0 50
24 -50.0 50
25 -50.0 50
26 -50.0 50
27 -50.0 50
28 -50.0 50
29 -50.0 50
30 -50.0 50
31 -26.0 26
32 -50.0 50
33 -50.0 50
34 -50.0 50
35 -50.0 50
36 -50.0 50
37 -50.0 50
38 -50.0 50
39 -45.0 45
40 -50.0 50
41 -19.0 19
42 -14.0 14
43 -22.0 22
44 -12.0 12
45 -9.0 9
46 -45.0 45
47 -14.0 14
48 -15.0 15
49 -22.0 22
50 -18.0 18
51 -29.0 29
52 -50.0 50
53 -50.0 50
54 -50.0 50
55 -50.0 50
56 -50.0 50
57 -30.0 30
58 -13.0 13
59 -19.0 19
60 -9.0 9
61 -50.0 50
62 -9.0 9
63 -9.0 9
64 -9.0 9
65 -9.0 9
66 -13.0 13
67 -10.0 10
68 -14.0 14
69 -9.0 9
70 -11.0 11
71 -10.0 10
72 -9.0 9
73 -9.0 9
74 -9.0 9
0 -50.0 50
1 -50.0 50
2 -50.0 50
3 -50.0 50
4 -50.0 50
5 -50.0 50
6 -50.0 50
7 -50.0 50
8 -50.0 50
9 -50.0 50
10 -50.0 50
11 -50.0 50
12 -50.0 50
13 -50.0 50
14 -50.0 50
15 -18.0 18
16 -50.0 50
17 -50.0 50
18 -50.0 50
19 -50.0 50
20 -50.0 50
21 -50.0 50
22 -50.0 50
23 -50.0 50
24 -50.0 50
25 -50.0 50
26 -50.0 50
27 -50.0 50
28 -50.0 50
29 -50.0 50
30 -50.0 50
31 -50.0 50
32 -45.0 45
33 -50.0 50
34 -50.0 50
35 -50.0 50
36 -50.0 50
37 -31.0 31
38 -50.0 50
39 -50.0 50
40 -50.0 50
41 -50.0 50
42 -50.0 50
43 -50.0 50
44 -50.0 50
45 -50.0 50
46 -9.0 9
47 -23.0 23
48 -50.0 50
49 -11.0 11
50 -10.0 10
51 -16.0 16
52 -25.0 25
53 -23.0 23
54 -34.0 34
55 -10.0 10
56 -9.0 9
57 -9.0 9
58 -11.0 11
59 -9.0 9
60 -9.0 9
61 -10.0 10
62 -9.0 9
63 -9.0 9
64 -9.0 9
65 -9.0 9
66 -9.0 9
67 -9.0 9
68 -9.0 9
69 -9.0 9
70 -13.0 13
71 -15.0 15
72 -14.0 14
73 -9.0 9
74 -9.0 9
0 -50.0 50
1 -50.0 50
2 -49.0 49
3 -50.0 50
4 -50.0 50
5 -50.0 50
6 -50.0 50
7 -50.0 50
8 -50.0 50
9 -50.0 50
10 -50.0 50
11 -50.0 50
12 -50.0 50
13 -50.0 50
14 -50.0 50
15 -50.0 50
16 -50.0 50
17 -50.0 50
18 -50.0 50
19 -50.0 50
20 -50.0 50
21 -50.0 50
22 -37.0 37
23 -50.0 50
24 -50.0 50
25 -50.0 50
26 -50.0 50
27 -50.0 50
28 -50.0 50
29 -50.0 50
30 -50.0 50
31 -36.0 36
32 -47.0 47
33 -17.0 17
34 -50.0 50
35 -50.0 50
36 -20.0 20
37 -50.0 50
38 -16.0 16
39 -50.0 50
40 -50.0 50
41 -50.0 50
42 -35.0 35
43 -50.0 50
44 -50.0 50
45 -36.0 36
46 -34.0 34
47 -50.0 50
48 -50.0 50
49 -44.0 44
50 -12.0 12
51 -13.0 13
52 -10.0 10
53 -12.0 12
54 -17.0 17
55 -14.0 14
56 -11.0 11
57 -12.0 12
58 -42.0 42
59 -12.0 12
60 -11.0 11
61 -9.0 9
62 -9.0 9
63 -9.0 9
64 -9.0 9
65 -11.0 11
66 -9.0 9
67 -9.0 9
68 -9.0 9
69 -9.0 9
70 -9.0 9
71 -9.0 9
72 -9.0 9
73 -9.0 9
74 -9.0 9
0 -50.0 50
1 -50.0 50
2 -50.0 50
3 -50.0 50
4 -50.0 50
5 -50.0 50
6 -50.0 50
7 -50.0 50
8 -50.0 50
9 -50.0 50
10 -50.0 50
11 -50.0 50
12 -50.0 50
13 -50.0 50
14 -50.0 50
15 -50.0 50
16 -50.0 50
17 -50.0 50
18 -50.0 50
19 -50.0 50
20 -50.0 50
21 -50.0 50
22 -50.0 50
23 -50.0 50
24 -50.0 50
25 -50.0 50
26 -50.0 50
27 -50.0 50
28 -50.0 50
29 -50.0 50
30 -22.0 22
31 -32.0 32
32 -50.0 50
33 -50.0 50
34 -23.0 23
35 -33.0 33
36 -50.0 50
37 -50.0 50
38 -50.0 50
39 -50.0 50
40 -50.0 50
41 -50.0 50
42 -50.0 50
43 -25.0 25
44 -50.0 50
45 -50.0 50
46 -26.0 26
47 -50.0 50
48 -50.0 50
49 -50.0 50
50 -50.0 50
51 -24.0 24
52 -20.0 20
53 -13.0 13
54 -9.0 9
55 -47.0 47
56 -9.0 9
57 -19.0 19
58 -16.0 16
59 -14.0 14
60 -12.0 12
61 -13.0 13
62 -14.0 14
63 -16.0 16
64 -9.0 9
65 -9.0 9
66 -9.0 9
67 -9.0 9
68 -9.0 9
69 -9.0 9
70 -9.0 9
71 -9.0 9
72 -9.0 9
73 -9.0 9
74 -9.0 9
0 -50.0 50
1 -42.0 42
2 -50.0 50
3 -50.0 50
4 -50.0 50
5 -50.0 50
6 -50.0 50
7 -50.0 50
8 -50.0 50
9 -50.0 50
10 -50.0 50
11 -50.0 50
12 -50.0 50
13 -50.0 50
14 -50.0 50
15 -50.0 50
16 -50.0 50
17 -50.0 50
18 -50.0 50
19 -45.0 45
20 -50.0 50
21 -50.0 50
22 -50.0 50
23 -50.0 50
24 -50.0 50
25 -50.0 50
26 -50.0 50
27 -50.0 50
28 -50.0 50
29 -50.0 50
30 -50.0 50
31 -50.0 50
32 -50.0 50
33 -50.0 50
34 -50.0 50
35 -50.0 50
36 -50.0 50
37 -50.0 50
38 -21.0 21
39 -12.0 12
40 -15.0 15
41 -19.0 19
42 -50.0 50
43 -32.0 32
44 -32.0 32
45 -50.0 50
46 -50.0 50
47 -14.0 14
48 -50.0 50
49 -15.0 15
50 -34.0 34
51 -28.0 28
52 -12.0 12
53 -13.0 13
54 -11.0 11
55 -18.0 18
56 -12.0 12
57 -11.0 11
58 -11.0 11
59 -11.0 11
60 -10.0 10
61 -9.0 9
62 -9.0 9
63 -9.0 9
64 -9.0 9
65 -11.0 11
66 -12.0 12
67 -9.0 9
68 -9.0 9
69 -9.0 9
70 -9.0 9
71 -9.0 9
72 -11.0 11
73 -9.0 9
74 -9.0 9
