0 -50.0 50
1 -50.0 50
2 -42.0 42
3 -50.0 50
4 -16.0 16
5 -23.0 23
6 -50.0 50
7 -50.0 50
8 -25.0 25
9 -19.0 19
10 -21.0 21
11 -15.0 15
12 -13.0 13
13 -9.0 9
14 -13.0 13
15 -13.0 13
16 -9.0 9
17 -9.0 9
18 -7.0 7
19 -7.0 7
0 -50.0 50
1 -17.0 17
2 -50.0 50
3 -50.0 50
4 -50.0 50
5 -25.0 25
6 -28.0 28
7 -50.0 50
8 -50.0 50
9 -11.0 11
10 -8.0 8
11 -12.0 12
12 -11.0 11
13 -7.0 7
14 -8.0 8
15 -12.0 12
16 -14.0 14
17 -8.0 8
18 -7.0 7
19 -7.0 7
0 -50.0 50
1 -31.0 31
2 -50.0 50
3 -50.0 50
4 -49.0 49
5 -50.0 50
6 -31.0 31
7 -19.0 19
8 -13.0 13
9 -19.0 19
10 -10.0 10
11 -14.0 14
12 -10.0 10
13 -8.0 8
14 -7.0 7
15 -7.0 7
16 -10.0 10
17 -8.0 8
18 -7.0 7
19 -7.0 7
0 -50.0 50
1 -50.0 50
2 -50.0 50
3 -50.0 50
4 -25.0 25
5 -48.0 48
6 -33.0 33
7 -35.0 35
8 -11.0 11
9 -7.0 7
10 -7.0 7
11 -19.0 19
12 -22.0 22
13 -14.0 14
14 -9.0 9
15 -7.0 7
16 -7.0 7
17 -8.0 8
18 -7.0 7
19 -7.0 7
0 -50.0 50
1 -50.0 50
2 -50.0 50
3 -35.0 35
4 -19.0 19
5 -44.0 44
6 -39.0 39
7 -50.0 50
8 -41.0 41
9 -21.0 21
10 -29.0 29
11 -15.0 15
12 -7.0 7
13 -10.0 10
14 -17.0 17
15 -7.0 7
16 -7.0 7
17 -7.0 7
18 -7.0 7
19 -7.0 7
0 -50.0 50
1 -50.0 50
2 -50.0 50
3 -18.0 18
4 -41.0 41
5 -29.0 29
6 -50.0 50
7 -23.0 23
8 -28.0 28
9 -31.0 31
10 -27.0 27
11 -9.0 9
12 -7.0 7
13 -7.0 7
14 -7.0 7
15 -9.0 9
16 -7.0 7
17 -7.0 7
18 -7.0 7
19 -7.0 7
0 -43.0 43
1 -50.0 50
2 -50.0 50
3 -50.0 50
4 -27.0 27
5 -50.0 50
6 -15.0 15
7 -12.0 12
8 -10.0 10
9 -8.0 8
10 -14.0 14
11 -7.0 7
12 -9.0 9
13 -15.0 15
14 -33.0 33
15 -25.0 25
16 -12.0 12
17 -10.0 10
18 -7.0 7
19 -7.0 7
0 -50.0 50
1 -50.0 50
2 -50.0 50
3 -37.0 37
4 -23.0 23
5 -41.0 41
6 -50.0 50
7 -50.0 50
8 -20.0 20
9 -13.0 13
10 -11.0 11
11 -7.0 7
12 -7.0 7
13 -10.0 10
14 -15.0 15
15 -11.0 11
16 -8.0 8
17 -7.0 7
18 -7.0 7
19 -7.0 7
0 -21.0 21
1 -50.0 50
2 -50.0 50
3 -50.0 50
4 -31.0 31
5 -39.0 39
6 -31.0 31
7 -50.0 50
8 -50.0 50
9 -25.0 25
10 -17.0 17
11 -10.0 10
12 -9.0 9
13 -10.0 10
14 -9.0 9
15 -18.0 18
16 -13.0 13
17 -10.0 10
18 -7.0 7
19 -7.0 7
0 -50.0 50
1 -50.0 50
2 -50.0 50
3 -50.0 50
4 -50.0 50
5 -15.0 15
6 -9.0 9
7 -7.0 7
8 -16.0 16
9 -19.0 19
10 -26.0 26
11 -48.0 48
12 -25.0 25
13 -13.0 13
14 -8.0 8
15 -9.0 9
16 -7.0 7
17 -7.0 7
18 -7.0 7
19 -7.0 7
0 -42.0 42
1 -50.0 50
2 -50.0 50
3 -27.0 27
4 -50.0 50
5 -50.0 50
6 -29.0 29
7 -25.0 25
8 -9.0 9
9 -7.0 7
10 -7.0 7
11 -9.0 9
12 -11.0 11
13 -12.0 12
14 -7.0 7
15 -13.0 13
16 -12.0 12
17 -8.0 8
18 -7.0 7
19 -7.0 7
0 -50.0 50
1 -50.0 50
2 -50.0 50
3 -50.0 50
4 -24.0 24
5 -23.0 23
6 -50.0 50
7 -50.0 50
8 -23.0 23
9 -20.0 20
10 -11.0 11
11 -9.0 9
12 -13.0 13
13 -7.0 7
14 -7.0 7
15 -10.0 10
16 -11.0 11
17 -7.0 7
18 -7.0 7
19 -7.0 7
0 -50.0 50
1 -50.0 50
2 -37.0 37
3 -50.0 50
4 -31.0 31
5 -26.0 26
6 -17.0 17
7 -20.0 20
8 -36.0 36
9 -17.0 17
10 -50.0 50
11 -10.0 10
12 -9.0 9
13 -9.0 9
14 -32.0 32
15 -11.0 11
16 -7.0 7
17 -7.0 7
18 -9.0 9
19 -11.0 11
0 -50.0 50
1 -50.0 50
2 -50.0 50
3 -31.0 31
4 -21.0 21
5 -50.0 50
6 -25.0 25
7 -50.0 50
8 -41.0 41
9 -18.0 18
10 -7.0 7
11 -7.0 7
12 -7.0 7
13 -8.0 8
14 -9.0 9
15 -10.0 10
16 -14.0 14
17 -7.0 7
18 -7.0 7
19 -7.0 7
0 -50.0 50
1 -50.0 50
2 -14.0 14
3 -50.0 50
4 -50.0 50
5 -50.0 50
6 -50.0 50
7 -25.0 25
8 -20.0 20
9 -7.0 7
10 -10.0 10
11 -8.0 8
12 -10.0 10
13 -9.0 9
14 -18.0 18
15 -12.0 12
16 -7.0 7
17 -9.0 9
18 -7.0 7
19 -7.0 7
0 -50.0 50
1 -50.0 50
2 -50.0 50
3 -50.0 50
4 -50.0 50
5 -34.0 34
6 -15.0 15
7 -12.0 12
8 -18.0 18
9 -34.0 34
10 -23.0 23
11 -13.0 13
12 -21.0 21
13 -11.0 11
14 -7.0 7
15 -8.0 8
16 -7.0 7
17 -7.0 7
18 -10.0 10
19 -7.0 7
0 -30.0 30
1 -50.0 50
2 -50.0 50
3 -50.0 50
4 -31.0 31
5 -50.0 50
6 -50.0 50
7 -15.0 15
8 -19.0 19
9 -12.0 12
10 -15.0 15
11 -9.0 9
12 -10.0 10
13 -8.0 8
14 -7.0 7
15 -7.0 7
16 -7.0 7
17 -9.0 9
18 -9.0 9
19 -8.0 8
0 -50.0 50
1 -41.0 41
2 -38.0 38
3 -50.0 50
4 -50.0 50
5 -22.0 22
6 -47.0 47
7 -10.0 10
8 -10.0 10
9 -14.0 14
10 -12.0 12
11 -12.0 12
12 -50.0 50
13 -27.0 27
14 -13.0 13
15 -8.0 8
16 -8.0 8
17 -7.0 7
18 -7.0 7
19 -7.0 7
0 -50.0 50
1 -39.0 39
2 -50.0 50
3 -50.0 50
4 -50.0 50
5 -25.0 25
6 -13.0 13
7 -12.0 12
8 -17.0 17
9 -36.0 36
10 -38.0 38
11 -13.0 13
12 -12.0 12
13 -7.0 7
14 -9.0 9
15 -7.0 7
16 -8.0 8
17 -10.0 10
18 -7.0 7
19 -7.0 7
0 -33.0 33
1 -50.0 50
2 -50.0 50
3 -50.0 50
4 -29.0 29
5 -17.0 17
6 -15.0 15
7 -16.0 16
8 -50.0 50
9 -20.0 20
10 -17.0 17
11 -30.0 30
12 -17.0 17
13 -7.0 7
14 -14.0 14
15 -17.0 17
16 -11.0 11
17 -7.0 7
18 -7.0 7
19 -7.0 7
0 -50.0 50
1 -50.0 50
2 -40.0 40
3 -50.0 50
4 -50.0 50
5 -46.0 46
6 -25.0 25
7 -33.0 33
8 -15.0 15
9 -10.0 10
10 -8.0 8
11 -7.0 7
12 -9.0 9
13 -7.0 7
14 -11.0 11
15 -15.0 15
16 -10.0 10
17 -7.0 7
18 -7.0 7
19 -7.0 7
0 -50.0 50
1 -34.0 34
2 -50.0 50
3 -50.0 50
4 -50.0 50
5 -50.0 50
6 -33.0 33
7 -16.0 16
8 -17.0 17
9 -9.0 9
10 -12.0 12
11 -7.0 7
12 -8.0 8
13 -7.0 7
14 -8.0 8
15 -9.0 9
16 -11.0 11
17 -16.0 16
18 -7.0 7
19 -7.0 7
0 -33.0 33
1 -50.0 50
2 -33.0 33
3 -50.0 50
4 -50.0 50
5 -50.0 50
6 -17.0 17
7 -18.0 18
8 -20.0 20
9 -12.0 12
10 -50.0 50
11 -50.0 50
12 -12.0 12
13 -14.0 14
14 -17.0 17
15 -12.0 12
16 -19.0 19
17 -7.0 7
18 -7.0 7
19 -7.0 7
0 -50.0 50
1 -21.0 21
2 -50.0 50
3 -47.0 47
4 -50.0 50
5 -50.0 50
6 -49.0 49
7 -21.0 21
8 -50.0 50
9 -25.0 25
10 -13.0 13
11 -16.0 16
12 -11.0 11
13 -9.0 9
14 -11.0 11
15 -16.0 16
16 -12.0 12
17 -7.0 7
18 -7.0 7
19 -7.0 7
0 -50.0 50
1 -50.0 50
2 -18.0 18
3 -26.0 26
4 -50.0 50
5 -50.0 50
6 -32.0 32
7 -50.0 50
8 -37.0 37
9 -17.0 17
10 -7.0 7
11 -12.0 12
12 -7.0 7
13 -8.0 8
14 -47.0 47
15 -35.0 35
16 -9.0 9
17 -8.0 8
18 -7.0 7
19 -7.0 7
0 -50.0 50
1 -50.0 50
2 -25.0 25
3 -38.0 38
4 -27.0 27
5 -50.0 50
6 -50.0 50
7 -50.0 50
8 -24.0 24
9 -10.0 10
10 -15.0 15
11 -10.0 10
12 -9.0 9
13 -11.0 11
14 -17.0 17
15 -16.0 16
16 -7.0 7
17 -7.0 7
18 -7.0 7
19 -7.0 7
0 -50.0 50
1 -50.0 50
2 -30.0 30
3 -50.0 50
4 -50.0 50
5 -19.0 19
6 -25.0 25
7 -38.0 38
8 -7.0 7
9 -7.0 7
10 -9.0 9
11 -12.0 12
12 -7.0 7
13 -7.0 7
14 -8.0 8
15 -12.0 12
16 -14.0 14
17 -13.0 13
18 -8.0 8
19 -7.0 7
0 -50.0 50
1 -40.0 40
2 -50.0 50
3 -44.0 44
4 -32.0 32
5 -46.0 46
6 -44.0 44
7 -37.0 37
8 -39.0 39
9 -33.0 33
10 -7.0 7
11 -7.0 7
12 -7.0 7
13 -8.0 8
14 -7.0 7
15 -8.0 8
16 -11.0 11
17 -7.0 7
18 -7.0 7
19 -7.0 7
0 -50.0 50
1 -50.0 50
2 -50.0 50
3 -27.0 27
4 -50.0 50
5 -50.0 50
6 -8.0 8
7 -43.0 43
8 -22.0 22
9 -12.0 12
10 -33.0 33
11 -20.0 20
12 -27.0 27
13 -23.0 23
14 -15.0 15
15 -10.0 10
16 -10.0 10
17 -10.0 10
18 -7.0 7
19 -7.0 7
0 -35.0 35
1 -50.0 50
2 -50.0 50
3 -50.0 50
4 -31.0 31
5 -36.0 36
6 -11.0 11
7 -7.0 7
8 -8.0 8
9 -10.0 10
10 -10.0 10
11 -50.0 50
12 -37.0 37
13 -18.0 18
14 -37.0 37
15 -18.0 18
16 -9.0 9
17 -9.0 9
18 -9.0 9
19 -9.0 9
0 -50.0 50
1 -29.0 29
2 -50.0 50
3 -50.0 50
4 -50.0 50
5 -20.0 20
6 -50.0 50
7 -14.0 14
8 -11.0 11
9 -12.0 12
10 -22.0 22
11 -17.0 17
12 -11.0 11
13 -11.0 11
14 -10.0 10
15 -7.0 7
16 -7.0 7
17 -10.0 10
18 -12.0 12
19 -7.0 7
0 -37.0 37
1 -50.0 50
2 -50.0 50
3 -39.0 39
4 -50.0 50
5 -19.0 19
6 -50.0 50
7 -47.0 47
8 -12.0 12
9 -7.0 7
10 -7.0 7
11 -7.0 7
12 -7.0 7
13 -9.0 9
14 -9.0 9
15 -7.0 7
16 -22.0 22
17 -8.0 8
18 -8.0 8
19 -9.0 9
0 -50.0 50
1 -45.0 45
2 -48.0 48
3 -50.0 50
4 -44.0 44
5 -39.0 39
6 -15.0 15
7 -23.0 23
8 -23.0 23
9 -18.0 18
10 -8.0 8
11 -24.0 24
12 -29.0 29
13 -17.0 17
14 -15.0 15
15 -10.0 10
16 -7.0 7
17 -7.0 7
18 -7.0 7
19 -7.0 7
0 -50.0 50
1 -50.0 50
2 -50.0 50
3 -40.0 40
4 -50.0 50
5 -35.0 35
6 -45.0 45
7 -12.0 12
8 -11.0 11
9 -15.0 15
10 -11.0 11
11 -17.0 17
12 -10.0 10
13 -10.0 10
14 -11.0 11
15 -11.0 11
16 -50.0 50
17 -7.0 7
18 -7.0 7
19 -7.0 7
0 -50.0 50
1 -34.0 34
2 -50.0 50
3 -21.0 21
4 -50.0 50
5 -50.0 50
6 -19.0 19
7 -25.0 25
8 -19.0 19
9 -17.0 17
10 -20.0 20
11 -13.0 13
12 -9.0 9
13 -50.0 50
14 -27.0 27
15 -9.0 9
16 -11.0 11
17 -7.0 7
18 -7.0 7
19 -7.0 7
0 -50.0 50
1 -27.0 27
2 -50.0 50
3 -50.0 50
4 -24.0 24
5 -31.0 31
6 -17.0 17
7 -21.0 21
8 -50.0 50
9 -31.0 31
10 -9.0 9
11 -50.0 50
12 -40.0 40
13 -7.0 7
14 -10.0 10
15 -10.0 10
16 -9.0 9
17 -7.0 7
18 -7.0 7
19 -7.0 7
0 -50.0 50
1 -50.0 50
2 -16.0 16
3 -50.0 50
4 -30.0 30
5 -47.0 47
6 -33.0 33
7 -34.0 34
8 -36.0 36
9 -15.0 15
10 -7.0 7
11 -38.0 38
12 -18.0 18
13 -29.0 29
14 -43.0 43
15 -25.0 25
16 -40.0 40
17 -14.0 14
18 -7.0 7
19 -7.0 7
0 -50.0 50
1 -47.0 47
2 -50.0 50
3 -28.0 28
4 -50.0 50
5 -31.0 31
6 -12.0 12
7 -14.0 14
8 -16.0 16
9 -10.0 10
10 -13.0 13
11 -50.0 50
12 -50.0 50
13 -42.0 42
14 -7.0 7
15 -7.0 7
16 -9.0 9
17 -7.0 7
18 -7.0 7
19 -7.0 7
0 -32.0 32
1 -50.0 50
2 -50.0 50
3 -50.0 50
4 -19.0 19
5 -21.0 21
6 -46.0 46
7 -45.0 45
8 -45.0 45
9 -13.0 13
10 -10.0 10
11 -31.0 31
12 -41.0 41
13 -22.0 22
14 -25.0 25
15 -18.0 18
16 -8.0 8
17 -7.0 7
18 -7.0 7
19 -7.0 7
0 -50.0 50
1 -49.0 49
2 -50.0 50
3 -29.0 29
4 -44.0 44
5 -50.0 50
6 -12.0 12
7 -50.0 50
8 -24.0 24
9 -28.0 28
10 -50.0 50
11 -50.0 50
12 -33.0 33
13 -9.0 9
14 -7.0 7
15 -9.0 9
16 -7.0 7
17 -7.0 7
18 -7.0 7
19 -7.0 7
