0 -50.0 50
1 -50.0 50
2 -50.0 50
3 -50.0 50
4 -50.0 50
5 -50.0 50
6 -50.0 50
7 -50.0 50
8 -50.0 50
9 -50.0 50
10 -45.0 45
11 -50.0 50
12 -50.0 50
13 -50.0 50
14 -50.0 50
15 -50.0 50
16 -50.0 50
17 -50.0 50
18 -50.0 50
19 -50.0 50
20 -50.0 50
21 -50.0 50
22 -50.0 50
23 -50.0 50
24 -50.0 50
25 -50.0 50
26 -37.0 37
27 -50.0 50
28 -50.0 50
29 -50.0 50
30 -50.0 50
31 -50.0 50
32 -50.0 50
33 -27.0 27
34 -50.0 50
35 -50.0 50
36 -50.0 50
37 -50.0 50
38 -50.0 50
39 -50.0 50
40 -50.0 50
41 -50.0 50
42 -50.0 50
43 -48.0 48
44 -50.0 50
45 -50.0 50
46 -17.0 17
47 -33.0 33
48 -19.0 19
49 -26.0 26
50 -50.0 50
51 -23.0 23
52 -14.0 14
53 -17.0 17
54 -23.0 23
55 -20.0 20
56 -23.0 23
57 -20.0 20
58 -14.0 14
59 -15.0 15
60 -22.0 22
61 -22.0 22
62 -13.0 13
63 -11.0 11
64 -9.0 9
65 -9.0 9
66 -9.0 9
67 -11.0 11
68 -9.0 9
69 -9.0 9
0 -50.0 50
1 -50.0 50
2 -50.0 50
3 -50.0 50
4 -50.0 50
5 -50.0 50
6 -50.0 50
7 -50.0 50
8 -50.0 50
9 -50.0 50
10 -50.0 50
11 -50.0 50
12 -28.0 28
13 -50.0 50
14 -50.0 50
15 -50.0 50
16 -50.0 50
17 -50.0 50
18 -50.0 50
19 -50.0 50
20 -50.0 50
21 -50.0 50
22 -50.0 50
23 -50.0 50
24 -50.0 50
25 -50.0 50
26 -50.0 50
27 -50.0 50
28 -40.0 40
29 -50.0 50
30 -50.0 50
31 -50.0 50
32 -50.0 50
33 -50.0 50
34 -50.0 50
35 -50.0 50
36 -22.0 22
37 -50.0 50
38 -49.0 49
39 -11.0 11
40 -17.0 17
41 -50.0 50
42 -50.0 50
43 -16.0 16
44 -50.0 50
45 -21.0 21
46 -50.0 50
47 -12.0 12
48 -9.0 9
49 -10.0 10
50 -19.0 19
51 -11.0 11
52 -23.0 23
53 -15.0 15
54 -15.0 15
55 -21.0 21
56 -13.0 13
57 -11.0 11
58 -12.0 12
59 -14.0 14
60 -9.0 9
61 -9.0 9
62 -9.0 9
63 -9.0 9
64 -9.0 9
65 -9.0 9
66 -9.0 9
67 -9.0 9
68 -9.0 9
69 -9.0 9
0 -50.0 50
1 -50.0 50
2 -50.0 50
3 -50.0 50
4 -50.0 50
5 -50.0 50
6 -50.0 50
7 -50.0 50
8 -50.0 50
9 -50.0 50
10 -50.0 50
11 -50.0 50
12 -50.0 50
13 -50.0 50
14 -50.0 50
15 -50.0 50
16 -50.0 50
17 -50.0 50
18 -50.0 50
19 -50.0 50
20 -50.0 50
21 -50.0 50
22 -50.0 50
23 -50.0 50
24 -50.0 50
25 -50.0 50
26 -50.0 50
27 -50.0 50
28 -50.0 50
29 -50.0 50
30 -33.0 33
31 -50.0 50
32 -50.0 50
33 -20.0 20
34 -43.0 43
35 -50.0 50
36 -50.0 50
37 -50.0 50
38 -33.0 33
39 -50.0 50
40 -50.0 50
41 -50.0 50
42 -50.0 50
43 -47.0 47
44 -50.0 50
45 -25.0 25
46 -18.0 18
47 -16.0 16
48 -30.0 30
49 -50.0 50
50 -50.0 50
51 -50.0 50
52 -50.0 50
53 -50.0 50
54 -50.0 50
55 -11.0 11
56 -12.0 12
57 -13.0 13
58 -26.0 26
59 -15.0 15
60 -10.0 10
61 -14.0 14
62 -14.0 14
63 -22.0 22
64 -9.0 9
65 -9.0 9
66 -9.0 9
67 -9.0 9
68 -9.0 9
69 -9.0 9
0 -50.0 50
1 -50.0 50
2 -32.0 32
3 -50.0 50
4 -50.0 50
5 -50.0 50
6 -50.0 50
7 -50.0 50
8 -50.0 50
9 -50.0 50
10 -50.0 50
11 -50.0 50
12 -50.0 50
13 -50.0 50
14 -50.0 50
15 -50.0 50
16 -50.0 50
17 -50.0 50
18 -50.0 50
19 -50.0 50
20 -50.0 50
21 -50.0 50
22 -50.0 50
23 -50.0 50
24 -50.0 50
25 -50.0 50
26 -50.0 50
27 -50.0 50
28 -31.0 31
29 -50.0 50
30 -50.0 50
31 -50.0 50
32 -50.0 50
33 -35.0 35
34 -37.0 37
35 -50.0 50
36 -50.0 50
37 -50.0 50
38 -50.0 50
39 -50.0 50
40 -50.0 50
41 -29.0 29
42 -50.0 50
43 -50.0 50
44 -25.0 25
45 -45.0 45
46 -50.0 50
47 -50.0 50
48 -47.0 47
49 -19.0 19
50 -12.0 12
51 -13.0 13
52 -12.0 12
53 -12.0 12
54 -15.0 15
55 -14.0 14
56 -12.0 12
57 -13.0 13
58 -17.0 17
59 -21.0 21
60 -50.0 50
61 -50.0 50
62 -37.0 37
63 -35.0 35
64 -9.0 9
65 -9.0 9
66 -9.0 9
67 -9.0 9
68 -11.0 11
69 -12.0 12
0 -50.0 50
1 -33.0 33
2 -50.0 50
3 -50.0 50
4 -50.0 50
5 -50.0 50
6 -50.0 50
7 -50.0 50
8 -50.0 50
9 -50.0 50
10 -50.0 50
11 -50.0 50
12 -50.0 50
13 -50.0 50
14 -50.0 50
15 -50.0 50
16 -50.0 50
17 -50.0 50
18 -50.0 50
19 -50.0 50
20 -50.0 50
21 -38.0 38
22 -50.0 50
23 -50.0 50
24 -50.0 50
25 -50.0 50
26 -50.0 50
27 -50.0 50
28 -50.0 50
29 -38.0 38
30 -50.0 50
31 -50.0 50
32 -50.0 50
33 -50.0 50
34 -50.0 50
35 -50.0 50
36 -50.0 50
37 -50.0 50
38 -30.0 30
39 -50.0 50
40 -50.0 50
41 -50.0 50
42 -50.0 50
43 -50.0 50
44 -50.0 50
45 -50.0 50
46 -50.0 50
47 -20.0 20
48 -14.0 14
49 -12.0 12
50 -15.0 15
51 -17.0 17
52 -11.0 11
53 -17.0 17
54 -38.0 38
55 -11.0 11
56 -18.0 18
57 -9.0 9
58 -9.0 9
59 -9.0 9
60 -9.0 9
61 -9.0 9
62 -9.0 9
63 -13.0 13
64 -11.0 11
65 -9.0 9
66 -9.0 9
67 -9.0 9
68 -9.0 9
69 -9.0 9
0 -50.0 50
1 -50.0 50
2 -50.0 50
3 -50.0 50
4 -50.0 50
5 -50.0 50
6 -50.0 50
7 -50.0 50
8 -50.0 50
9 -50.0 50
10 -50.0 50
11 -28.0 28
12 -50.0 50
13 -50.0 50
14 -50.0 50
15 -50.0 50
16 -50.0 50
17 -50.0 50
18 -50.0 50
19 -50.0 50
20 -50.0 50
21 -50.0 50
22 -50.0 50
23 -50.0 50
24 -50.0 50
25 -50.0 50
26 -50.0 50
27 -50.0 50
28 -50.0 50
29 -50.0 50
30 -50.0 50
31 -34.0 34
32 -50.0 50
33 -50.0 50
34 -50.0 50
35 -34.0 34
36 -50.0 50
37 -50.0 50
38 -50.0 50
39 -50.0 50
40 -50.0 50
41 -50.0 50
42 -19.0 19
43 -19.0 19
44 -19.0 19
45 -50.0 50
46 -11.0 11
47 -11.0 11
48 -50.0 50
49 -20.0 20
50 -16.0 16
51 -19.0 19
52 -50.0 50
53 -50.0 50
54 -50.0 50
55 -50.0 50
56 -50.0 50
57 -24.0 24
58 -50.0 50
59 -12.0 12
60 -12.0 12
61 -13.0 13
62 -14.0 14
63 -14.0 14
64 -14.0 14
65 -13.0 13
66 -13.0 13
67 -12.0 12
68 -12.0 12
69 -11.0 11
0 -50.0 50
1 -50.0 50
2 -50.0 50
3 -50.0 50
4 -50.0 50
5 -50.0 50
6 -50.0 50
7 -25.0 25
8 -50.0 50
9 -50.0 50
10 -50.0 50
11 -50.0 50
12 -50.0 50
13 -50.0 50
14 -50.0 50
15 -50.0 50
16 -50.0 50
17 -50.0 50
18 -50.0 50
19 -50.0 50
20 -50.0 50
21 -50.0 50
22 -50.0 50
23 -50.0 50
24 -50.0 50
25 -50.0 50
26 -31.0 31
27 -50.0 50
28 -50.0 50
29 -50.0 50
30 -50.0 50
31 -13.0 13
32 -14.0 14
33 -22.0 22
34 -50.0 50
35 -50.0 50
36 -50.0 50
37 -50.0 50
38 -50.0 50
39 -50.0 50
40 -50.0 50
41 -50.0 50
42 -50.0 50
43 -50.0 50
44 -50.0 50
45 -50.0 50
46 -50.0 50
47 -50.0 50
48 -10.0 10
49 -18.0 18
50 -14.0 14
51 -13.0 13
52 -9.0 9
53 -13.0 13
54 -14.0 14
55 -17.0 17
56 -9.0 9
57 -11.0 11
58 -9.0 9
59 -11.0 11
60 -14.0 14
61 -18.0 18
62 -29.0 29
63 -50.0 50
64 -50.0 50
65 -50.0 50
66 -14.0 14
67 -9.0 9
68 -9.0 9
69 -9.0 9
0 -50.0 50
1 -50.0 50
2 -50.0 50
3 -50.0 50
4 -50.0 50
5 -50.0 50
6 -50.0 50
7 -50.0 50
8 -50.0 50
9 -50.0 50
10 -50.0 50
11 -50.0 50
12 -50.0 50
13 -50.0 50
14 -37.0 37
15 -50.0 50
16 -50.0 50
17 -50.0 50
18 -50.0 50
19 -50.0 50
20 -50.0 50
21 -50.0 50
22 -50.0 50
23 -45.0 45
24 -50.0 50
25 -50.0 50
26 -36.0 36
27 -50.0 50
28 -50.0 50
29 -36.0 36
30 -50.0 50
31 -50.0 50
32 -50.0 50
33 -50.0 50
34 -50.0 50
35 -22.0 22
36 -50.0 50
37 -27.0 27
38 -36.0 36
39 -50.0 50
40 -50.0 50
41 -50.0 50
42 -30.0 30
43 -23.0 23
44 -16.0 16
45 -15.0 15
46 -29.0 29
47 -24.0 24
48 -50.0 50
49 -34.0 34
50 -9.0 9
51 -10.0 10
52 -10.0 10
53 -15.0 15
54 -12.0 12
55 -9.0 9
56 -50.0 50
57 -11.0 11
58 -11.0 11
59 -11.0 11
60 -27.0 27
61 -11.0 11
62 -11.0 11
63 -10.0 10
64 -12.0 12
65 -11.0 11
66 -9.0 9
67 -9.0 9
68 -9.0 9
69 -9.0 9
0 -50.0 50
1 -50.0 50
2 -50.0 50
3 -50.0 50
4 -50.0 50
5 -50.0 50
6 -50.0 50
7 -50.0 50
8 -50.0 50
9 -50.0 50
10 -50.0 50
11 -38.0 38
12 -50.0 50
13 -50.0 50
14 -50.0 50
15 -50.0 50
16 -50.0 50
17 -50.0 50
18 -50.0 50
19 -50.0 50
20 -50.0 50
21 -50.0 50
22 -50.0 50
23 -50.0 50
24 -46.0 46
25 -34.0 34
26 -50.0 50
27 -50.0 50
28 -50.0 50
29 -50.0 50
30 -50.0 50
31 -50.0 50
32 -20.0 20
33 -50.0 50
34 -50.0 50
35 -50.0 50
36 -50.0 50
37 -27.0 27
38 -50.0 50
39 -50.0 50
40 -50.0 50
41 -50.0 50
42 -50.0 50
43 -50.0 50
44 -22.0 22
45 -50.0 50
46 -50.0 50
47 -50.0 50
48 -50.0 50
49 -26.0 26
50 -15.0 15
51 -50.0 50
52 -9.0 9
53 -11.0 11
54 -13.0 13
55 -11.0 11
56 -9.0 9
57 -11.0 11
58 -15.0 15
59 -17.0 17
60 -9.0 9
61 -9.0 9
62 -9.0 9
63 -9.0 9
64 -9.0 9
65 -9.0 9
66 -9.0 9
67 -15.0 15
68 -16.0 16
69 -16.0 16
0 -50.0 50
1 -50.0 50
2 -50.0 50
3 -50.0 50
4 -50.0 50
5 -50.0 50
6 -31.0 31
7 -50.0 50
8 -50.0 50
9 -50.0 50
10 -50.0 50
11 -50.0 50
12 -50.0 50
13 -50.0 50
14 -50.0 50
15 -50.0 50
16 -50.0 50
17 -50.0 50
18 -50.0 50
19 -50.0 50
20 -50.0 50
21 -50.0 50
22 -50.0 50
23 -50.0 50
24 -50.0 50
25 -50.0 50
26 -50.0 50
27 -50.0 50
28 -50.0 50
29 -50.0 50
30 -35.0 35
31 -50.0 50
32 -50.0 50
33 -50.0 50
34 -50.0 50
35 -50.0 50
36 -9.0 9
37 -17.0 17
38 -34.0 34
39 -50.0 50
40 -50.0 50
41 -50.0 50
42 -50.0 50
43 -30.0 30
44 -50.0 50
45 -50.0 50
46 -50.0 50
47 -21.0 21
48 -18.0 18
49 -50.0 50
50 -20.0 20
51 -37.0 37
52 -13.0 13
53 -18.0 18
54 -50.0 50
55 -50.0 50
56 -50.0 50
57 -50.0 50
58 -11.0 11
59 -15.0 15
60 -18.0 18
61 -15.0 15
62 -11.0 11
63 -11.0 11
64 -12.0 12
65 -11.0 11
66 -9.0 9
67 -9.0 9
68 -9.0 9
69 -9.0 9
0 -50.0 50
1 -50.0 50
2 -50.0 50
3 -50.0 50
4 -50.0 50
5 -50.0 50
6 -50.0 50
7 -50.0 50
8 -50.0 50
9 -50.0 50
10 -50.0 50
11 -50.0 50
12 -50.0 50
13 -50.0 50
14 -50.0 50
15 -50.0 50
16 -50.0 50
17 -50.0 50
18 -50.0 50
19 -50.0 50
20 -50.0 50
21 -50.0 50
22 -50.0 50
23 -50.0 50
24 -50.0 50
25 -50.0 50
26 -50.0 50
27 -50.0 50
28 -49.0 49
29 -50.0 50
30 -50.0 50
31 -50.0 50
32 -38.0 38
33 -17.0 17
34 -15.0 15
35 -21.0 21
36 -50.0 50
37 -50.0 50
38 -50.0 50
39 -45.0 45
40 -50.0 50
41 -50.0 50
42 -50.0 50
43 -50.0 50
44 -50.0 50
45 -41.0 41
46 -50.0 50
47 -50.0 50
48 -50.0 50
49 -50.0 50
50 -19.0 19
51 -50.0 50
52 -27.0 27
53 -21.0 21
54 -22.0 22
55 -17.0 17
56 -19.0 19
57 -13.0 13
58 -15.0 15
59 -16.0 16
60 -16.0 16
61 -16.0 16
62 -18.0 18
63 -9.0 9
64 -9.0 9
65 -9.0 9
66 -9.0 9
67 -9.0 9
68 -9.0 9
69 -9.0 9
0 -50.0 50
1 -50.0 50
2 -50.0 50
3 -50.0 50
4 -50.0 50
5 -50.0 50
6 -50.0 50
7 -50.0 50
8 -29.0 29
9 -50.0 50
10 -50.0 50
11 -50.0 50
12 -50.0 50
13 -50.0 50
14 -50.0 50
15 -50.0 50
16 -50.0 50
17 -50.0 50
18 -50.0 50
19 -50.0 50
20 -50.0 50
21 -50.0 50
22 -50.0 50
23 -50.0 50
24 -50.0 50
25 -50.0 50
26 -50.0 50
27 -50.0 50
28 -50.0 50
29 -50.0 50
30 -50.0 50
31 -37.0 37
32 -50.0 50
33 -50.0 50
34 -18.0 18
35 -50.0 50
36 -50.0 50
37 -50.0 50
38 -50.0 50
39 -37.0 37
40 -50.0 50
41 -14.0 14
42 -20.0 20
43 -18.0 18
44 -50.0 50
45 -50.0 50
46 -16.0 16
47 -50.0 50
48 -50.0 50
49 -50.0 50
50 -50.0 50
51 -50.0 50
52 -50.0 50
53 -50.0 50
54 -50.0 50
55 -50.0 50
56 -37.0 37
57 -50.0 50
58 -50.0 50
59 -50.0 50
60 -50.0 50
61 -15.0 15
62 -16.0 16
63 -23.0 23
64 -12.0 12
65 -11.0 11
66 -9.0 9
67 -9.0 9
68 -13.0 13
69 -12.0 12
0 -50.0 50
1 -50.0 50
2 -50.0 50
3 -50.0 50
4 -50.0 50
5 -50.0 50
6 -50.0 50
7 -50.0 50
8 -50.0 50
9 -50.0 50
10 -50.0 50
11 -50.0 50
12 -50.0 50
13 -50.0 50
14 -50.0 50
15 -41.0 41
16 -50.0 50
17 -50.0 50
18 -50.0 50
19 -50.0 50
20 -50.0 50
21 -50.0 50
22 -50.0 50
23 -50.0 50
24 -50.0 50
25 -50.0 50
26 -50.0 50
27 -50.0 50
28 -50.0 50
29 -50.0 50
30 -50.0 50
31 -21.0 21
32 -50.0 50
33 -50.0 50
34 -50.0 50
35 -47.0 47
36 -50.0 50
37 -50.0 50
38 -50.0 50
39 -50.0 50
40 -50.0 50
41 -17.0 17
42 -29.0 29
43 -13.0 13
44 -10.0 10
45 -9.0 9
46 -9.0 9
47 -12.0 12
48 -23.0 23
49 -27.0 27
50 -13.0 13
51 -11.0 11
52 -11.0 11
53 -10.0 10
54 -15.0 15
55 -15.0 15
56 -13.0 13
57 -9.0 9
58 -9.0 9
59 -16.0 16
60 -9.0 9
61 -9.0 9
62 -9.0 9
63 -9.0 9
64 -11.0 11
65 -10.0 10
66 -9.0 9
67 -9.0 9
68 -9.0 9
69 -9.0 9
0 -50.0 50
1 -50.0 50
2 -50.0 50
3 -50.0 50
4 -50.0 50
5 -50.0 50
6 -50.0 50
7 -50.0 50
8 -50.0 50
9 -50.0 50
10 -50.0 50
11 -50.0 50
12 -50.0 50
13 -50.0 50
14 -50.0 50
15 -50.0 50
16 -50.0 50
17 -50.0 50
18 -50.0 50
19 -50.0 50
20 -50.0 50
21 -50.0 50
22 -50.0 50
23 -34.0 34
24 -36.0 36
25 -50.0 50
26 -50.0 50
27 -50.0 50
28 -26.0 26
29 -32.0 32
30 -50.0 50
31 -50.0 50
32 -50.0 50
33 -50.0 50
34 -50.0 50
35 -50.0 50
36 -50.0 50
37 -50.0 50
38 -50.0 50
39 -50.0 50
40 -50.0 50
41 -50.0 50
42 -50.0 50
43 -12.0 12
44 -12.0 12
45 -12.0 12
46 -16.0 16
47 -50.0 50
48 -50.0 50
49 -13.0 13
50 -10.0 10
51 -17.0 17
52 -12.0 12
53 -15.0 15
54 -18.0 18
55 -15.0 15
56 -50.0 50
57 -50.0 50
58 -50.0 50
59 -18.0 18
60 -17.0 17
61 -9.0 9
62 -9.0 9
63 -9.0 9
64 -9.0 9
65 -9.0 9
66 -9.0 9
67 -9.0 9
68 -9.0 9
69 -9.0 9
0 -50.0 50
1 -50.0 50
2 -50.0 50
3 -20.0 20
4 -50.0 50
5 -50.0 50
6 -50.0 50
7 -50.0 50
8 -50.0 50
9 -50.0 50
10 -50.0 50
11 -50.0 50
12 -50.0 50
13 -50.0 50
14 -50.0 50
15 -50.0 50
16 -50.0 50
17 -50.0 50
18 -50.0 50
19 -50.0 50
20 -50.0 50
21 -50.0 50
22 -50.0 50
23 -50.0 50
24 -50.0 50
25 -50.0 50
26 -50.0 50
27 -44.0 44
28 -50.0 50
29 -50.0 50
30 -50.0 50
31 -50.0 50
32 -50.0 50
33 -50.0 50
34 -50.0 50
35 -50.0 50
36 -50.0 50
37 -50.0 50
38 -50.0 50
39 -50.0 50
40 -50.0 50
41 -20.0 20
42 -50.0 50
43 -11.0 11
44 -20.0 20
45 -37.0 37
46 -50.0 50
47 -50.0 50
48 -37.0 37
49 -33.0 33
50 -41.0 41
51 -13.0 13
52 -9.0 9
53 -12.0 12
54 -12.0 12
55 -9.0 9
56 -11.0 11
57 -17.0 17
58 -17.0 17
59 -14.0 14
60 -9.0 9
61 -9.0 9
62 -9.0 9
63 -9.0 9
64 -11.0 11
65 -11.0 11
66 -9.0 9
67 -9.0 9
68 -9.0 9
69 -9.0 9
0 -50.0 50
1 -50.0 50
2 -50.0 50
3 -50.0 50
4 -50.0 50
5 -50.0 50
6 -50.0 50
7 -50.0 50
8 -50.0 50
9 -50.0 50
10 -50.0 50
11 -50.0 50
12 -50.0 50
13 -50.0 50
14 -50.0 50
15 -50.0 50
16 -50.0 50
17 -50.0 50
18 -50.0 50
19 -50.0 50
20 -50.0 50
21 -50.0 50
22 -50.0 50
23 -50.0 50
24 -40.0 40
25 -50.0 50
26 -50.0 50
27 -50.0 50
28 -50.0 50
29 -18.0 18
30 -46.0 46
31 -50.0 50
32 -50.0 50
33 -50.0 50
34 -50.0 50
35 -50.0 50
36 -50.0 50
37 -50.0 50
38 -50.0 50
39 -50.0 50
40 -34.0 34
41 -50.0 50
42 -50.0 50
43 -50.0 50
44 -50.0 50
45 -50.0 50
46 -50.0 50
47 -50.0 50
48 -18.0 18
49 -10.0 10
50 -26.0 26
51 -27.0 27
52 -22.0 22
53 -50.0 50
54 -50.0 50
55 -23.0 23
56 -11.0 11
57 -14.0 14
58 -13.0 13
59 -11.0 11
60 -9.0 9
61 -9.0 9
62 -9.0 9
63 -9.0 9
64 -9.0 9
65 -9.0 9
66 -9.0 9
67 -9.0 9
68 -9.0 9
69 -9.0 9
0 -50.0 50
1 -50.0 50
2 -50.0 50
3 -50.0 50
4 -50.0 50
5 -50.0 50
6 -50.0 50
7 -50.0 50
8 -50.0 50
9 -50.0 50
10 -50.0 50
11 -50.0 50
12 -50.0 50
13 -50.0 50
14 -50.0 50
15 -50.0 50
16 -50.0 50
17 -33.0 33
18 -50.0 50
19 -50.0 50
20 -50.0 50
21 -31.0 31
22 -50.0 50
23 -50.0 50
24 -50.0 50
25 -50.0 50
26 -50.0 50
27 -50.0 50
28 -50.0 50
29 -50.0 50
30 -20.0 20
31 -50.0 50
32 -50.0 50
33 -50.0 50
34 -50.0 50
35 -50.0 50
36 -50.0 50
37 -26.0 26
38 -50.0 50
39 -50.0 50
40 -50.0 50
41 -50.0 50
42 -34.0 34
43 -50.0 50
44 -50.0 50
45 -17.0 17
46 -13.0 13
47 -20.0 20
48 -50.0 50
49 -50.0 50
50 -42.0 42
51 -50.0 50
52 -50.0 50
53 -50.0 50
54 -50.0 50
55 -44.0 44
56 -50.0 50
57 -16.0 16
58 -13.0 13
59 -13.0 13
60 -14.0 14
61 -15.0 15
62 -14.0 14
63 -14.0 14
64 -13.0 13
65 -13.0 13
66 -12.0 12
67 -11.0 11
68 -9.0 9
69 -11.0 11
0 -50.0 50
1 -50.0 50
2 -50.0 50
3 -50.0 50
4 -50.0 50
5 -50.0 50
6 -50.0 50
7 -50.0 50
8 -46.0 46
9 -50.0 50
10 -50.0 50
11 -50.0 50
12 -50.0 50
13 -50.0 50
14 -50.0 50
15 -50.0 50
16 -50.0 50
17 -50.0 50
18 -50.0 50
19 -50.0 50
20 -50.0 50
21 -50.0 50
22 -50.0 50
23 -50.0 50
24 -50.0 50
25 -50.0 50
26 -50.0 50
27 -50.0 50
28 -50.0 50
29 -50.0 50
30 -50.0 50
31 -50.0 50
32 -50.0 50
33 -23.0 23
34 -50.0 50
35 -50.0 50
36 -50.0 50
37 -50.0 50
38 -50.0 50
39 -50.0 50
40 -50.0 50
41 -50.0 50
42 -50.0 50
43 -50.0 50
44 -50.0 50
45 -50.0 50
46 -37.0 37
47 -15.0 15
48 -12.0 12
49 -16.0 16
50 -22.0 22
51 -50.0 50
52 -11.0 11
53 -28.0 28
54 -11.0 11
55 -17.0 17
56 -12.0 12
57 -11.0 11
58 -11.0 11
59 -11.0 11
60 -11.0 11
61 -9.0 9
62 -11.0 11
63 -11.0 11
64 -9.0 9
65 -9.0 9
66 -9.0 9
67 -9.0 9
68 -9.0 9
69 -9.0 9
0 -50.0 50
1 -50.0 50
2 -50.0 50
3 -50.0 50
4 -50.0 50
5 -50.0 50
6 -50.0 50
7 -50.0 50
8 -50.0 50
9 -50.0 50
10 -50.0 50
11 -50.0 50
12 -50.0 50
13 -50.0 50
14 -50.0 50
15 -50.0 50
16 -50.0 50
17 -50.0 50
18 -50.0 50
19 -50.0 50
20 -39.0 39
21 -50.0 50
22 -50.0 50
23 -50.0 50
24 -50.0 50
25 -50.0 50
26 -50.0 50
27 -50.0 50
28 -50.0 50
29 -50.0 50
30 -50.0 50
31 -50.0 50
32 -50.0 50
33 -50.0 50
34 -50.0 50
35 -46.0 46
36 -50.0 50
37 -11.0 11
38 -36.0 36
39 -14.0 14
40 -27.0 27
41 -30.0 30
42 -49.0 49
43 -31.0 31
44 -49.0 49
45 -50.0 50
46 -50.0 50
47 -50.0 50
48 -50.0 50
49 -50.0 50
50 -50.0 50
51 -14.0 14
52 -14.0 14
53 -17.0 17
54 -22.0 22
55 -40.0 40
56 -50.0 50
57 -50.0 50
58 -19.0 19
59 -11.0 11
60 -10.0 10
61 -9.0 9
62 -9.0 9
63 -9.0 9
64 -9.0 9
65 -9.0 9
66 -9.0 9
67 -9.0 9
68 -9.0 9
69 -9.0 9
0 -50.0 50
1 -50.0 50
2 -50.0 50
3 -50.0 50
4 -50.0 50
5 -50.0 50
6 -50.0 50
7 -50.0 50
8 -50.0 50
9 -50.0 50
10 -50.0 50
11 -50.0 50
12 -50.0 50
13 -50.0 50
14 -50.0 50
15 -50.0 50
16 -50.0 50
17 -50.0 50
18 -50.0 50
19 -50.0 50
20 -50.0 50
21 -50.0 50
22 -50.0 50
23 -50.0 50
24 -50.0 50
25 -50.0 50
26 -39.0 39
27 -50.0 50
28 -50.0 50
29 -50.0 50
30 -50.0 50
31 -50.0 50
32 -50.0 50
33 -50.0 50
34 -34.0 34
35 -50.0 50
36 -50.0 50
37 -50.0 50
38 -50.0 50
39 -44.0 44
40 -50.0 50
41 -32.0 32
42 -50.0 50
43 -50.0 50
44 -50.0 50
45 -50.0 50
46 -50.0 50
47 -50.0 50
48 -50.0 50
49 -50.0 50
50 -50.0 50
51 -24.0 24
52 -14.0 14
53 -13.0 13
54 -20.0 20
55 -16.0 16
56 -11.0 11
57 -9.0 9
58 -13.0 13
59 -10.0 10
60 -10.0 10
61 -14.0 14
62 -11.0 11
63 -14.0 14
64 -33.0 33
65 -9.0 9
66 -9.0 9
67 -9.0 9
68 -9.0 9
69 -9.0 9
