0 -50.0 50
1 -50.0 50
2 -50.0 50
3 -50.0 50
4 -50.0 50
5 -50.0 50
6 -50.0 50
7 -50.0 50
8 -50.0 50
9 -50.0 50
10 -50.0 50
11 -50.0 50
12 -50.0 50
13 -50.0 50
14 -50.0 50
15 -50.0 50
16 -50.0 50
17 -50.0 50
18 -50.0 50
19 -50.0 50
20 -50.0 50
21 -50.0 50
22 -50.0 50
23 -34.0 34
24 -50.0 50
25 -50.0 50
26 -50.0 50
27 -50.0 50
28 -50.0 50
29 -50.0 50
30 -50.0 50
31 -46.0 46
32 -50.0 50
33 -50.0 50
34 -50.0 50
35 -50.0 50
36 -50.0 50
37 -50.0 50
38 -40.0 40
39 -50.0 50
40 -50.0 50
41 -50.0 50
42 -50.0 50
43 -50.0 50
44 -50.0 50
45 -50.0 50
46 -50.0 50
47 -49.0 49
48 -50.0 50
49 -50.0 50
50 -50.0 50
51 -23.0 23
52 -35.0 35
53 -18.0 18
54 -16.0 16
55 -11.0 11
56 -14.0 14
57 -32.0 32
58 -27.0 27
59 -50.0 50
60 -50.0 50
61 -19.0 19
62 -16.0 16
63 -9.0 9
64 -9.0 9
65 -11.0 11
66 -10.0 10
67 -9.0 9
68 -9.0 9
69 -9.0 9
0 -50.0 50
1 -50.0 50
2 -50.0 50
3 -50.0 50
4 -50.0 50
5 -50.0 50
6 -50.0 50
7 -50.0 50
8 -50.0 50
9 -50.0 50
10 -50.0 50
11 -50.0 50
12 -50.0 50
13 -50.0 50
14 -50.0 50
15 -50.0 50
16 -50.0 50
17 -50.0 50
18 -50.0 50
19 -50.0 50
20 -50.0 50
21 -19.0 19
22 -50.0 50
23 -29.0 29
24 -50.0 50
25 -50.0 50
26 -50.0 50
27 -50.0 50
28 -50.0 50
29 -50.0 50
30 -50.0 50
31 -50.0 50
32 -50.0 50
33 -50.0 50
34 -50.0 50
35 -50.0 50
36 -50.0 50
37 -50.0 50
38 -28.0 28
39 -39.0 39
40 -50.0 50
41 -50.0 50
42 -50.0 50
43 -44.0 44
44 -50.0 50
45 -50.0 50
46 -50.0 50
47 -50.0 50
48 -50.0 50
49 -50.0 50
50 -50.0 50
51 -20.0 20
52 -27.0 27
53 -50.0 50
54 -15.0 15
55 -50.0 50
56 -22.0 22
57 -18.0 18
58 -21.0 21
59 -18.0 18
60 -11.0 11
61 -9.0 9
62 -9.0 9
63 -9.0 9
64 -11.0 11
65 -11.0 11
66 -9.0 9
67 -9.0 9
68 -9.0 9
69 -9.0 9
0 -50.0 50
1 -50.0 50
2 -50.0 50
3 -50.0 50
4 -50.0 50
5 -50.0 50
6 -50.0 50
7 -50.0 50
8 -50.0 50
9 -50.0 50
10 -50.0 50
11 -50.0 50
12 -50.0 50
13 -50.0 50
14 -50.0 50
15 -50.0 50
16 -35.0 35
17 -50.0 50
18 -50.0 50
19 -50.0 50
20 -50.0 50
21 -50.0 50
22 -50.0 50
23 -50.0 50
24 -50.0 50
25 -50.0 50
26 -50.0 50
27 -50.0 50
28 -50.0 50
29 -50.0 50
30 -50.0 50
31 -50.0 50
32 -18.0 18
33 -22.0 22
34 -50.0 50
35 -50.0 50
36 -50.0 50
37 -40.0 40
38 -36.0 36
39 -50.0 50
40 -50.0 50
41 -50.0 50
42 -50.0 50
43 -50.0 50
44 -50.0 50
45 -50.0 50
46 -50.0 50
47 -33.0 33
48 -50.0 50
49 -50.0 50
50 -50.0 50
51 -50.0 50
52 -50.0 50
53 -25.0 25
54 -13.0 13
55 -9.0 9
56 -13.0 13
57 -16.0 16
58 -11.0 11
59 -9.0 9
60 -12.0 12
61 -12.0 12
62 -9.0 9
63 -9.0 9
64 -11.0 11
65 -15.0 15
66 -18.0 18
67 -9.0 9
68 -9.0 9
69 -9.0 9
0 -50.0 50
1 -50.0 50
2 -50.0 50
3 -50.0 50
4 -50.0 50
5 -50.0 50
6 -50.0 50
7 -50.0 50
8 -50.0 50
9 -50.0 50
10 -50.0 50
11 -50.0 50
12 -49.0 49
13 -50.0 50
14 -50.0 50
15 -50.0 50
16 -50.0 50
17 -50.0 50
18 -50.0 50
19 -50.0 50
20 -50.0 50
21 -50.0 50
22 -50.0 50
23 -50.0 50
24 -50.0 50
25 -27.0 27
26 -50.0 50
27 -50.0 50
28 -50.0 50
29 -50.0 50
30 -50.0 50
31 -50.0 50
32 -25.0 25
33 -37.0 37
34 -50.0 50
35 -50.0 50
36 -50.0 50
37 -50.0 50
38 -50.0 50
39 -50.0 50
40 -50.0 50
41 -50.0 50
42 -50.0 50
43 -24.0 24
44 -26.0 26
45 -50.0 50
46 -15.0 15
47 -19.0 19
48 -26.0 26
49 -27.0 27
50 -50.0 50
51 -50.0 50
52 -50.0 50
53 -35.0 35
54 -13.0 13
55 -12.0 12
56 -12.0 12
57 -14.0 14
58 -11.0 11
59 -16.0 16
60 -33.0 33
61 -11.0 11
62 -9.0 9
63 -9.0 9
64 -9.0 9
65 -9.0 9
66 -9.0 9
67 -9.0 9
68 -11.0 11
69 -9.0 9
0 -50.0 50
1 -50.0 50
2 -50.0 50
3 -50.0 50
4 -50.0 50
5 -50.0 50
6 -50.0 50
7 -50.0 50
8 -50.0 50
9 -50.0 50
10 -50.0 50
11 -50.0 50
12 -50.0 50
13 -50.0 50
14 -50.0 50
15 -45.0 45
16 -50.0 50
17 -50.0 50
18 -50.0 50
19 -50.0 50
20 -50.0 50
21 -50.0 50
22 -50.0 50
23 -50.0 50
24 -50.0 50
25 -32.0 32
26 -48.0 48
27 -50.0 50
28 -50.0 50
29 -50.0 50
30 -50.0 50
31 -22.0 22
32 -50.0 50
33 -50.0 50
34 -50.0 50
35 -50.0 50
36 -50.0 50
37 -50.0 50
38 -50.0 50
39 -50.0 50
40 -50.0 50
41 -50.0 50
42 -50.0 50
43 -50.0 50
44 -50.0 50
45 -27.0 27
46 -18.0 18
47 -13.0 13
48 -22.0 22
49 -10.0 10
50 -15.0 15
51 -21.0 21
52 -50.0 50
53 -20.0 20
54 -50.0 50
55 -50.0 50
56 -50.0 50
57 -47.0 47
58 -12.0 12
59 -9.0 9
60 -9.0 9
61 -9.0 9
62 -12.0 12
63 -9.0 9
64 -9.0 9
65 -9.0 9
66 -9.0 9
67 -9.0 9
68 -9.0 9
69 -11.0 11
0 -50.0 50
1 -50.0 50
2 -50.0 50
3 -50.0 50
4 -50.0 50
5 -50.0 50
6 -50.0 50
7 -50.0 50
8 -50.0 50
9 -45.0 45
10 -50.0 50
11 -50.0 50
12 -50.0 50
13 -50.0 50
14 -50.0 50
15 -50.0 50
16 -50.0 50
17 -50.0 50
18 -50.0 50
19 -50.0 50
20 -50.0 50
21 -50.0 50
22 -50.0 50
23 -50.0 50
24 -50.0 50
25 -50.0 50
26 -50.0 50
27 -50.0 50
28 -50.0 50
29 -26.0 26
30 -50.0 50
31 -37.0 37
32 -50.0 50
33 -50.0 50
34 -50.0 50
35 -50.0 50
36 -29.0 29
37 -50.0 50
38 -23.0 23
39 -50.0 50
40 -35.0 35
41 -10.0 10
42 -20.0 20
43 -50.0 50
44 -50.0 50
45 -50.0 50
46 -50.0 50
47 -50.0 50
48 -50.0 50
49 -50.0 50
50 -45.0 45
51 -17.0 17
52 -50.0 50
53 -16.0 16
54 -12.0 12
55 -13.0 13
56 -12.0 12
57 -13.0 13
58 -9.0 9
59 -10.0 10
60 -10.0 10
61 -9.0 9
62 -9.0 9
63 -9.0 9
64 -9.0 9
65 -9.0 9
66 -10.0 10
67 -9.0 9
68 -9.0 9
69 -9.0 9
0 -50.0 50
1 -50.0 50
2 -50.0 50
3 -50.0 50
4 -50.0 50
5 -50.0 50
6 -50.0 50
7 -50.0 50
8 -50.0 50
9 -50.0 50
10 -50.0 50
11 -50.0 50
12 -50.0 50
13 -50.0 50
14 -50.0 50
15 -50.0 50
16 -50.0 50
17 -50.0 50
18 -37.0 37
19 -50.0 50
20 -50.0 50
21 -50.0 50
22 -50.0 50
23 -50.0 50
24 -22.0 22
25 -50.0 50
26 -50.0 50
27 -50.0 50
28 -50.0 50
29 -47.0 47
30 -50.0 50
31 -50.0 50
32 -50.0 50
33 -50.0 50
34 -50.0 50
35 -43.0 43
36 -50.0 50
37 -50.0 50
38 -50.0 50
39 -50.0 50
40 -50.0 50
41 -50.0 50
42 -20.0 20
43 -11.0 11
44 -50.0 50
45 -20.0 20
46 -20.0 20
47 -26.0 26
48 -18.0 18
49 -50.0 50
50 -50.0 50
51 -50.0 50
52 -50.0 50
53 -20.0 20
54 -13.0 13
55 -22.0 22
56 -9.0 9
57 -13.0 13
58 -21.0 21
59 -26.0 26
60 -15.0 15
61 -9.0 9
62 -9.0 9
63 -9.0 9
64 -9.0 9
65 -9.0 9
66 -9.0 9
67 -9.0 9
68 -9.0 9
69 -9.0 9
0 -50.0 50
1 -50.0 50
2 -50.0 50
3 -50.0 50
4 -50.0 50
5 -50.0 50
6 -50.0 50
7 -50.0 50
8 -50.0 50
9 -50.0 50
10 -50.0 50
11 -50.0 50
12 -50.0 50
13 -50.0 50
14 -50.0 50
15 -50.0 50
16 -30.0 30
17 -50.0 50
18 -50.0 50
19 -50.0 50
20 -50.0 50
21 -50.0 50
22 -46.0 46
23 -50.0 50
24 -50.0 50
25 -50.0 50
26 -50.0 50
27 -50.0 50
28 -50.0 50
29 -50.0 50
30 -50.0 50
31 -50.0 50
32 -50.0 50
33 -13.0 13
34 -16.0 16
35 -50.0 50
36 -36.0 36
37 -50.0 50
38 -50.0 50
39 -50.0 50
40 -50.0 50
41 -50.0 50
42 -38.0 38
43 -50.0 50
44 -50.0 50
45 -24.0 24
46 -17.0 17
47 -50.0 50
48 -50.0 50
49 -26.0 26
50 -50.0 50
51 -10.0 10
52 -12.0 12
53 -21.0 21
54 -14.0 14
55 -17.0 17
56 -20.0 20
57 -50.0 50
58 -50.0 50
59 -24.0 24
60 -50.0 50
61 -34.0 34
62 -13.0 13
63 -11.0 11
64 -14.0 14
65 -12.0 12
66 -13.0 13
67 -13.0 13
68 -13.0 13
69 -12.0 12
0 -50.0 50
1 -50.0 50
2 -50.0 50
3 -50.0 50
4 -50.0 50
5 -50.0 50
6 -50.0 50
7 -50.0 50
8 -50.0 50
9 -50.0 50
10 -50.0 50
11 -41.0 41
12 -50.0 50
13 -50.0 50
14 -50.0 50
15 -50.0 50
16 -50.0 50
17 -50.0 50
18 -50.0 50
19 -50.0 50
20 -50.0 50
21 -50.0 50
22 -50.0 50
23 -50.0 50
24 -50.0 50
25 -50.0 50
26 -50.0 50
27 -50.0 50
28 -50.0 50
29 -37.0 37
30 -50.0 50
31 -43.0 43
32 -50.0 50
33 -50.0 50
34 -50.0 50
35 -50.0 50
36 -50.0 50
37 -50.0 50
38 -50.0 50
39 -50.0 50
40 -46.0 46
41 -50.0 50
42 -18.0 18
43 -11.0 11
44 -10.0 10
45 -16.0 16
46 -50.0 50
47 -20.0 20
48 -18.0 18
49 -50.0 50
50 -16.0 16
51 -15.0 15
52 -10.0 10
53 -10.0 10
54 -14.0 14
55 -16.0 16
56 -26.0 26
57 -50.0 50
58 -50.0 50
59 -50.0 50
60 -50.0 50
61 -50.0 50
62 -43.0 43
63 -50.0 50
64 -50.0 50
65 -50.0 50
66 -50.0 50
67 -50.0 50
68 -39.0 39
69 -44.0 44
0 -50.0 50
1 -50.0 50
2 -50.0 50
3 -50.0 50
4 -50.0 50
5 -50.0 50
6 -50.0 50
7 -50.0 50
8 -50.0 50
9 -50.0 50
10 -50.0 50
11 -23.0 23
12 -50.0 50
13 -45.0 45
14 -50.0 50
15 -50.0 50
16 -50.0 50
17 -50.0 50
18 -50.0 50
19 -50.0 50
20 -50.0 50
21 -50.0 50
22 -50.0 50
23 -50.0 50
24 -50.0 50
25 -50.0 50
26 -50.0 50
27 -37.0 37
28 -50.0 50
29 -50.0 50
30 -50.0 50
31 -27.0 27
32 -50.0 50
33 -50.0 50
34 -47.0 47
35 -50.0 50
36 -50.0 50
37 -50.0 50
38 -50.0 50
39 -50.0 50
40 -16.0 16
41 -50.0 50
42 -50.0 50
43 -23.0 23
44 -19.0 19
45 -20.0 20
46 -31.0 31
47 -50.0 50
48 -50.0 50
49 -50.0 50
50 -50.0 50
51 -50.0 50
52 -50.0 50
53 -28.0 28
54 -50.0 50
55 -50.0 50
56 -50.0 50
57 -50.0 50
58 -50.0 50
59 -50.0 50
60 -50.0 50
61 -21.0 21
62 -11.0 11
63 -9.0 9
64 -9.0 9
65 -9.0 9
66 -9.0 9
67 -9.0 9
68 -9.0 9
69 -9.0 9
0 -50.0 50
1 -50.0 50
2 -50.0 50
3 -50.0 50
4 -50.0 50
5 -50.0 50
6 -50.0 50
7 -50.0 50
8 -50.0 50
9 -50.0 50
10 -50.0 50
11 -50.0 50
12 -48.0 48
13 -50.0 50
14 -50.0 50
15 -50.0 50
16 -50.0 50
17 -50.0 50
18 -50.0 50
19 -50.0 50
20 -50.0 50
21 -50.0 50
22 -50.0 50
23 -50.0 50
24 -50.0 50
25 -50.0 50
26 -50.0 50
27 -50.0 50
28 -50.0 50
29 -50.0 50
30 -50.0 50
31 -50.0 50
32 -50.0 50
33 -50.0 50
34 -38.0 38
35 -50.0 50
36 -44.0 44
37 -24.0 24
38 -25.0 25
39 -50.0 50
40 -32.0 32
41 -50.0 50
42 -50.0 50
43 -50.0 50
44 -50.0 50
45 -50.0 50
46 -18.0 18
47 -12.0 12
48 -14.0 14
49 -15.0 15
50 -10.0 10
51 -10.0 10
52 -10.0 10
53 -16.0 16
54 -22.0 22
55 -41.0 41
56 -9.0 9
57 -9.0 9
58 -10.0 10
59 -9.0 9
60 -14.0 14
61 -9.0 9
62 -9.0 9
63 -9.0 9
64 -11.0 11
65 -9.0 9
66 -9.0 9
67 -9.0 9
68 -9.0 9
69 -11.0 11
0 -50.0 50
1 -50.0 50
2 -50.0 50
3 -24.0 24
4 -50.0 50
5 -50.0 50
6 -50.0 50
7 -50.0 50
8 -50.0 50
9 -50.0 50
10 -50.0 50
11 -50.0 50
12 -50.0 50
13 -50.0 50
14 -50.0 50
15 -50.0 50
16 -50.0 50
17 -50.0 50
18 -50.0 50
19 -50.0 50
20 -50.0 50
21 -50.0 50
22 -50.0 50
23 -50.0 50
24 -50.0 50
25 -50.0 50
26 -50.0 50
27 -50.0 50
28 -50.0 50
29 -50.0 50
30 -41.0 41
31 -50.0 50
32 -31.0 31
33 -50.0 50
34 -50.0 50
35 -50.0 50
36 -50.0 50
37 -16.0 16
38 -33.0 33
39 -29.0 29
40 -50.0 50
41 -50.0 50
42 -50.0 50
43 -50.0 50
44 -50.0 50
45 -50.0 50
46 -50.0 50
47 -50.0 50
48 -50.0 50
49 -19.0 19
50 -19.0 19
51 -32.0 32
52 -50.0 50
53 -50.0 50
54 -9.0 9
55 -9.0 9
56 -9.0 9
57 -10.0 10
58 -9.0 9
59 -9.0 9
60 -9.0 9
61 -15.0 15
62 -9.0 9
63 -9.0 9
64 -11.0 11
65 -14.0 14
66 -14.0 14
67 -23.0 23
68 -9.0 9
69 -9.0 9
0 -50.0 50
1 -50.0 50
2 -50.0 50
3 -40.0 40
4 -50.0 50
5 -50.0 50
6 -50.0 50
7 -50.0 50
8 -50.0 50
9 -50.0 50
10 -50.0 50
11 -50.0 50
12 -50.0 50
13 -50.0 50
14 -50.0 50
15 -50.0 50
16 -50.0 50
17 -50.0 50
18 -50.0 50
19 -50.0 50
20 -50.0 50
21 -50.0 50
22 -31.0 31
23 -50.0 50
24 -50.0 50
25 -27.0 27
26 -18.0 18
27 -11.0 11
28 -15.0 15
29 -50.0 50
30 -50.0 50
31 -50.0 50
32 -50.0 50
33 -41.0 41
34 -50.0 50
35 -50.0 50
36 -50.0 50
37 -50.0 50
38 -50.0 50
39 -50.0 50
40 -50.0 50
41 -50.0 50
42 -50.0 50
43 -50.0 50
44 -50.0 50
45 -50.0 50
46 -50.0 50
47 -50.0 50
48 -50.0 50
49 -50.0 50
50 -21.0 21
51 -17.0 17
52 -13.0 13
53 -16.0 16
54 -15.0 15
55 -50.0 50
56 -15.0 15
57 -13.0 13
58 -15.0 15
59 -9.0 9
60 -9.0 9
61 -9.0 9
62 -9.0 9
63 -9.0 9
64 -9.0 9
65 -11.0 11
66 -9.0 9
67 -9.0 9
68 -9.0 9
69 -9.0 9
0 -50.0 50
1 -50.0 50
2 -50.0 50
3 -50.0 50
4 -50.0 50
5 -50.0 50
6 -50.0 50
7 -50.0 50
8 -50.0 50
9 -50.0 50
10 -50.0 50
11 -50.0 50
12 -50.0 50
13 -50.0 50
14 -50.0 50
15 -40.0 40
16 -50.0 50
17 -50.0 50
18 -50.0 50
19 -50.0 50
20 -50.0 50
21 -50.0 50
22 -50.0 50
23 -50.0 50
24 -50.0 50
25 -50.0 50
26 -50.0 50
27 -50.0 50
28 -50.0 50
29 -50.0 50
30 -50.0 50
31 -50.0 50
32 -50.0 50
33 -20.0 20
34 -50.0 50
35 -50.0 50
36 -50.0 50
37 -50.0 50
38 -50.0 50
39 -50.0 50
40 -50.0 50
41 -35.0 35
42 -15.0 15
43 -23.0 23
44 -25.0 25
45 -50.0 50
46 -14.0 14
47 -50.0 50
48 -9.0 9
49 -9.0 9
50 -9.0 9
51 -11.0 11
52 -27.0 27
53 -26.0 26
54 -20.0 20
55 -12.0 12
56 -9.0 9
57 -10.0 10
58 -9.0 9
59 -9.0 9
60 -9.0 9
61 -9.0 9
62 -9.0 9
63 -9.0 9
64 -9.0 9
65 -10.0 10
66 -9.0 9
67 -9.0 9
68 -9.0 9
69 -9.0 9
0 -50.0 50
1 -50.0 50
2 -50.0 50
3 -50.0 50
4 -50.0 50
5 -50.0 50
6 -50.0 50
7 -50.0 50
8 -25.0 25
9 -50.0 50
10 -50.0 50
11 -50.0 50
12 -50.0 50
13 -50.0 50
14 -50.0 50
15 -50.0 50
16 -50.0 50
17 -50.0 50
18 -50.0 50
19 -50.0 50
20 -50.0 50
21 -50.0 50
22 -50.0 50
23 -44.0 44
24 -50.0 50
25 -50.0 50
26 -50.0 50
27 -50.0 50
28 -50.0 50
29 -46.0 46
30 -50.0 50
31 -50.0 50
32 -50.0 50
33 -50.0 50
34 -50.0 50
35 -50.0 50
36 -18.0 18
37 -22.0 22
38 -50.0 50
39 -50.0 50
40 -37.0 37
41 -23.0 23
42 -50.0 50
43 -50.0 50
44 -33.0 33
45 -19.0 19
46 -50.0 50
47 -25.0 25
48 -50.0 50
49 -50.0 50
50 -50.0 50
51 -50.0 50
52 -15.0 15
53 -9.0 9
54 -11.0 11
55 -11.0 11
56 -9.0 9
57 -13.0 13
58 -9.0 9
59 -20.0 20
60 -18.0 18
61 -15.0 15
62 -26.0 26
63 -9.0 9
64 -9.0 9
65 -9.0 9
66 -9.0 9
67 -9.0 9
68 -9.0 9
69 -9.0 9
0 -50.0 50
1 -50.0 50
2 -50.0 50
3 -50.0 50
4 -50.0 50
5 -50.0 50
6 -21.0 21
7 -50.0 50
8 -50.0 50
9 -50.0 50
10 -50.0 50
11 -50.0 50
12 -50.0 50
13 -50.0 50
14 -50.0 50
15 -50.0 50
16 -50.0 50
17 -50.0 50
18 -50.0 50
19 -50.0 50
20 -50.0 50
21 -50.0 50
22 -50.0 50
23 -50.0 50
24 -50.0 50
25 -50.0 50
26 -50.0 50
27 -50.0 50
28 -28.0 28
29 -50.0 50
30 -50.0 50
31 -50.0 50
32 -50.0 50
33 -50.0 50
34 -50.0 50
35 -50.0 50
36 -50.0 50
37 -50.0 50
38 -20.0 20
39 -14.0 14
40 -22.0 22
41 -50.0 50
42 -50.0 50
43 -50.0 50
44 -50.0 50
45 -18.0 18
46 -45.0 45
47 -16.0 16
48 -50.0 50
49 -50.0 50
50 -31.0 31
51 -50.0 50
52 -50.0 50
53 -43.0 43
54 -50.0 50
55 -39.0 39
56 -26.0 26
57 -19.0 19
58 -15.0 15
59 -19.0 19
60 -17.0 17
61 -14.0 14
62 -14.0 14
63 -18.0 18
64 -35.0 35
65 -9.0 9
66 -9.0 9
67 -9.0 9
68 -9.0 9
69 -9.0 9
0 -50.0 50
1 -50.0 50
2 -50.0 50
3 -50.0 50
4 -50.0 50
5 -50.0 50
6 -37.0 37
7 -50.0 50
8 -50.0 50
9 -50.0 50
10 -50.0 50
11 -50.0 50
12 -50.0 50
13 -50.0 50
14 -50.0 50
15 -50.0 50
16 -50.0 50
17 -50.0 50
18 -50.0 50
19 -50.0 50
20 -50.0 50
21 -50.0 50
22 -50.0 50
23 -50.0 50
24 -50.0 50
25 -50.0 50
26 -35.0 35
27 -50.0 50
28 -50.0 50
29 -50.0 50
30 -50.0 50
31 -50.0 50
32 -50.0 50
33 -50.0 50
34 -50.0 50
35 -37.0 37
36 -50.0 50
37 -50.0 50
38 -50.0 50
39 -50.0 50
40 -31.0 31
41 -50.0 50
42 -50.0 50
43 -50.0 50
44 -43.0 43
45 -50.0 50
46 -50.0 50
47 -50.0 50
48 -50.0 50
49 -50.0 50
50 -50.0 50
51 -50.0 50
52 -50.0 50
53 -28.0 28
54 -50.0 50
55 -50.0 50
56 -50.0 50
57 -50.0 50
58 -50.0 50
59 -50.0 50
60 -25.0 25
61 -16.0 16
62 -20.0 20
63 -19.0 19
64 -18.0 18
65 -18.0 18
66 -12.0 12
67 -13.0 13
68 -14.0 14
69 -14.0 14
0 -50.0 50
1 -50.0 50
2 -50.0 50
3 -50.0 50
4 -50.0 50
5 -50.0 50
6 -50.0 50
7 -50.0 50
8 -50.0 50
9 -50.0 50
10 -50.0 50
11 -50.0 50
12 -50.0 50
13 -50.0 50
14 -50.0 50
15 -50.0 50
16 -50.0 50
17 -50.0 50
18 -50.0 50
19 -50.0 50
20 -50.0 50
21 -50.0 50
22 -50.0 50
23 -50.0 50
24 -50.0 50
25 -50.0 50
26 -50.0 50
27 -50.0 50
28 -50.0 50
29 -50.0 50
30 -50.0 50
31 -50.0 50
32 -50.0 50
33 -16.0 16
34 -19.0 19
35 -50.0 50
36 -35.0 35
37 -50.0 50
38 -50.0 50
39 -50.0 50
40 -50.0 50
41 -50.0 50
42 -50.0 50
43 -50.0 50
44 -50.0 50
45 -50.0 50
46 -50.0 50
47 -32.0 32
48 -50.0 50
49 -48.0 48
50 -26.0 26
51 -14.0 14
52 -15.0 15
53 -22.0 22
54 -30.0 30
55 -13.0 13
56 -13.0 13
57 -15.0 15
58 -13.0 13
59 -50.0 50
60 -25.0 25
61 -12.0 12
62 -11.0 11
63 -9.0 9
64 -9.0 9
65 -9.0 9
66 -9.0 9
67 -11.0 11
68 -9.0 9
69 -9.0 9
0 -31.0 31
1 -50.0 50
2 -50.0 50
3 -50.0 50
4 -50.0 50
5 -50.0 50
6 -50.0 50
7 -50.0 50
8 -50.0 50
9 -50.0 50
10 -50.0 50
11 -50.0 50
12 -50.0 50
13 -50.0 50
14 -50.0 50
15 -50.0 50
16 -50.0 50
17 -50.0 50
18 -50.0 50
19 -50.0 50
20 -50.0 50
21 -50.0 50
22 -25.0 25
23 -50.0 50
24 -50.0 50
25 -50.0 50
26 -50.0 50
27 -50.0 50
28 -50.0 50
29 -50.0 50
30 -50.0 50
31 -40.0 40
32 -50.0 50
33 -50.0 50
34 -50.0 50
35 -50.0 50
36 -50.0 50
37 -50.0 50
38 -50.0 50
39 -50.0 50
40 -50.0 50
41 -50.0 50
42 -50.0 50
43 -50.0 50
44 -36.0 36
45 -48.0 48
46 -15.0 15
47 -20.0 20
48 -37.0 37
49 -23.0 23
50 -13.0 13
51 -13.0 13
52 -17.0 17
53 -17.0 17
54 -18.0 18
55 -18.0 18
56 -13.0 13
57 -9.0 9
58 -9.0 9
59 -9.0 9
60 -9.0 9
61 -9.0 9
62 -9.0 9
63 -9.0 9
64 -9.0 9
65 -9.0 9
66 -9.0 9
67 -9.0 9
68 -9.0 9
69 -9.0 9
0 -50.0 50
1 -50.0 50
2 -50.0 50
3 -50.0 50
4 -50.0 50
5 -50.0 50
6 -50.0 50
7 -50.0 50
8 -50.0 50
9 -50.0 50
10 -50.0 50
11 -50.0 50
12 -50.0 50
13 -50.0 50
14 -50.0 50
15 -50.0 50
16 -50.0 50
17 -50.0 50
18 -32.0 32
19 -50.0 50
20 -50.0 50
21 -50.0 50
22 -50.0 50
23 -50.0 50
24 -50.0 50
25 -50.0 50
26 -42.0 42
27 -50.0 50
28 -50.0 50
29 -50.0 50
30 -50.0 50
31 -50.0 50
32 -50.0 50
33 -45.0 45
34 -50.0 50
35 -50.0 50
36 -50.0 50
37 -50.0 50
38 -50.0 50
39 -50.0 50
40 -50.0 50
41 -50.0 50
42 -48.0 48
43 -50.0 50
44 -11.0 11
45 -23.0 23
46 -50.0 50
47 -50.0 50
48 -35.0 35
49 -35.0 35
50 -12.0 12
51 -14.0 14
52 -16.0 16
53 -42.0 42
54 -16.0 16
55 -15.0 15
56 -14.0 14
57 -9.0 9
58 -48.0 48
59 -18.0 18
60 -14.0 14
61 -9.0 9
62 -9.0 9
63 -9.0 9
64 -9.0 9
65 -9.0 9
66 -11.0 11
67 -9.0 9
68 -9.0 9
69 -9.0 9
0 -50.0 50
1 -50.0 50
2 -50.0 50
3 -50.0 50
4 -50.0 50
5 -50.0 50
6 -50.0 50
7 -50.0 50
8 -50.0 50
9 -50.0 50
10 -37.0 37
11 -50.0 50
12 -50.0 50
13 -50.0 50
14 -50.0 50
15 -50.0 50
16 -50.0 50
17 -37.0 37
18 -50.0 50
19 -50.0 50
20 -50.0 50
21 -50.0 50
22 -50.0 50
23 -50.0 50
24 -50.0 50
25 -50.0 50
26 -50.0 50
27 -50.0 50
28 -33.0 33
29 -50.0 50
30 -50.0 50
31 -22.0 22
32 -14.0 14
33 -50.0 50
34 -50.0 50
35 -50.0 50
36 -50.0 50
37 -50.0 50
38 -50.0 50
39 -50.0 50
40 -21.0 21
41 -17.0 17
42 -27.0 27
43 -17.0 17
44 -15.0 15
45 -50.0 50
46 -12.0 12
47 -9.0 9
48 -11.0 11
49 -15.0 15
50 -16.0 16
51 -50.0 50
52 -28.0 28
53 -18.0 18
54 -10.0 10
55 -10.0 10
56 -9.0 9
57 -9.0 9
58 -9.0 9
59 -9.0 9
60 -9.0 9
61 -9.0 9
62 -9.0 9
63 -9.0 9
64 -9.0 9
65 -9.0 9
66 -9.0 9
67 -9.0 9
68 -9.0 9
69 -9.0 9
0 -50.0 50
1 -50.0 50
2 -50.0 50
3 -50.0 50
4 -50.0 50
5 -50.0 50
6 -50.0 50
7 -50.0 50
8 -50.0 50
9 -50.0 50
10 -50.0 50
11 -50.0 50
12 -50.0 50
13 -50.0 50
14 -50.0 50
15 -50.0 50
16 -50.0 50
17 -50.0 50
18 -50.0 50
19 -50.0 50
20 -50.0 50
21 -38.0 38
22 -50.0 50
23 -50.0 50
24 -50.0 50
25 -50.0 50
26 -50.0 50
27 -50.0 50
28 -50.0 50
29 -50.0 50
30 -50.0 50
31 -50.0 50
32 -50.0 50
33 -40.0 40
34 -50.0 50
35 -24.0 24
36 -50.0 50
37 -50.0 50
38 -50.0 50
39 -50.0 50
40 -50.0 50
41 -40.0 40
42 -13.0 13
43 -42.0 42
44 -50.0 50
45 -50.0 50
46 -46.0 46
47 -35.0 35
48 -21.0 21
49 -22.0 22
50 -11.0 11
51 -10.0 10
52 -10.0 10
53 -11.0 11
54 -11.0 11
55 -13.0 13
56 -9.0 9
57 -11.0 11
58 -16.0 16
59 -17.0 17
60 -11.0 11
61 -9.0 9
62 -9.0 9
63 -9.0 9
64 -9.0 9
65 -9.0 9
66 -9.0 9
67 -9.0 9
68 -9.0 9
69 -11.0 11
0 -50.0 50
1 -50.0 50
2 -50.0 50
3 -50.0 50
4 -50.0 50
5 -50.0 50
6 -50.0 50
7 -50.0 50
8 -50.0 50
9 -50.0 50
10 -50.0 50
11 -50.0 50
12 -50.0 50
13 -50.0 50
14 -50.0 50
15 -50.0 50
16 -50.0 50
17 -50.0 50
18 -50.0 50
19 -50.0 50
20 -50.0 50
21 -50.0 50
22 -28.0 28
23 -50.0 50
24 -50.0 50
25 -50.0 50
26 -50.0 50
27 -50.0 50
28 -50.0 50
29 -50.0 50
30 -50.0 50
31 -50.0 50
32 -50.0 50
33 -50.0 50
34 -50.0 50
35 -50.0 50
36 -50.0 50
37 -22.0 22
38 -50.0 50
39 -50.0 50
40 -50.0 50
41 -50.0 50
42 -25.0 25
43 -50.0 50
44 -50.0 50
45 -40.0 40
46 -12.0 12
47 -48.0 48
48 -50.0 50
49 -26.0 26
50 -50.0 50
51 -24.0 24
52 -20.0 20
53 -15.0 15
54 -17.0 17
55 -50.0 50
56 -45.0 45
57 -50.0 50
58 -9.0 9
59 -9.0 9
60 -9.0 9
61 -9.0 9
62 -11.0 11
63 -9.0 9
64 -9.0 9
65 -9.0 9
66 -9.0 9
67 -9.0 9
68 -9.0 9
69 -9.0 9
0 -50.0 50
1 -50.0 50
2 -50.0 50
3 -50.0 50
4 -50.0 50
5 -50.0 50
6 -50.0 50
7 -50.0 50
8 -50.0 50
9 -36.0 36
10 -50.0 50
11 -50.0 50
12 -50.0 50
13 -50.0 50
14 -50.0 50
15 -50.0 50
16 -50.0 50
17 -50.0 50
18 -50.0 50
19 -50.0 50
20 -50.0 50
21 -50.0 50
22 -50.0 50
23 -50.0 50
24 -50.0 50
25 -50.0 50
26 -50.0 50
27 -50.0 50
28 -50.0 50
29 -40.0 40
30 -36.0 36
31 -50.0 50
32 -50.0 50
33 -50.0 50
34 -50.0 50
35 -50.0 50
36 -31.0 31
37 -50.0 50
38 -50.0 50
39 -37.0 37
40 -50.0 50
41 -24.0 24
42 -50.0 50
43 -50.0 50
44 -38.0 38
45 -50.0 50
46 -50.0 50
47 -50.0 50
48 -50.0 50
49 -50.0 50
50 -50.0 50
51 -35.0 35
52 -12.0 12
53 -13.0 13
54 -13.0 13
55 -15.0 15
56 -15.0 15
57 -25.0 25
58 -9.0 9
59 -9.0 9
60 -9.0 9
61 -11.0 11
62 -11.0 11
63 -9.0 9
64 -9.0 9
65 -16.0 16
66 -15.0 15
67 -10.0 10
68 -10.0 10
69 -18.0 18
0 -50.0 50
1 -50.0 50
2 -50.0 50
3 -33.0 33
4 -50.0 50
5 -50.0 50
6 -50.0 50
7 -50.0 50
8 -50.0 50
9 -50.0 50
10 -50.0 50
11 -50.0 50
12 -50.0 50
13 -50.0 50
14 -50.0 50
15 -50.0 50
16 -50.0 50
17 -50.0 50
18 -44.0 44
19 -50.0 50
20 -50.0 50
21 -50.0 50
22 -50.0 50
23 -50.0 50
24 -50.0 50
25 -45.0 45
26 -50.0 50
27 -50.0 50
28 -50.0 50
29 -45.0 45
30 -50.0 50
31 -50.0 50
32 -50.0 50
33 -44.0 44
34 -50.0 50
35 -50.0 50
36 -50.0 50
37 -50.0 50
38 -50.0 50
39 -50.0 50
40 -50.0 50
41 -50.0 50
42 -29.0 29
43 -23.0 23
44 -50.0 50
45 -50.0 50
46 -50.0 50
47 -32.0 32
48 -15.0 15
49 -24.0 24
50 -33.0 33
51 -38.0 38
52 -50.0 50
53 -11.0 11
54 -9.0 9
55 -9.0 9
56 -9.0 9
57 -11.0 11
58 -13.0 13
59 -9.0 9
60 -9.0 9
61 -9.0 9
62 -9.0 9
63 -9.0 9
64 -9.0 9
65 -9.0 9
66 -11.0 11
67 -13.0 13
68 -9.0 9
69 -9.0 9
0 -50.0 50
1 -50.0 50
2 -50.0 50
3 -50.0 50
4 -50.0 50
5 -50.0 50
6 -50.0 50
7 -50.0 50
8 -50.0 50
9 -50.0 50
10 -50.0 50
11 -50.0 50
12 -50.0 50
13 -50.0 50
14 -40.0 40
15 -47.0 47
16 -50.0 50
17 -50.0 50
18 -50.0 50
19 -50.0 50
20 -50.0 50
21 -50.0 50
22 -50.0 50
23 -50.0 50
24 -50.0 50
25 -50.0 50
26 -50.0 50
27 -50.0 50
28 -50.0 50
29 -50.0 50
30 -31.0 31
31 -19.0 19
32 -12.0 12
33 -28.0 28
34 -50.0 50
35 -50.0 50
36 -50.0 50
37 -50.0 50
38 -50.0 50
39 -49.0 49
40 -24.0 24
41 -17.0 17
42 -50.0 50
43 -50.0 50
44 -50.0 50
45 -50.0 50
46 -12.0 12
47 -11.0 11
48 -13.0 13
49 -16.0 16
50 -50.0 50
51 -13.0 13
52 -17.0 17
53 -50.0 50
54 -49.0 49
55 -10.0 10
56 -13.0 13
57 -14.0 14
58 -9.0 9
59 -9.0 9
60 -9.0 9
61 -9.0 9
62 -9.0 9
63 -9.0 9
64 -9.0 9
65 -9.0 9
66 -9.0 9
67 -9.0 9
68 -9.0 9
69 -9.0 9
0 -50.0 50
1 -50.0 50
2 -50.0 50
3 -29.0 29
4 -50.0 50
5 -50.0 50
6 -50.0 50
7 -50.0 50
8 -50.0 50
9 -50.0 50
10 -50.0 50
11 -50.0 50
12 -50.0 50
13 -50.0 50
14 -50.0 50
15 -50.0 50
16 -50.0 50
17 -50.0 50
18 -50.0 50
19 -50.0 50
20 -50.0 50
21 -50.0 50
22 -50.0 50
23 -50.0 50
24 -50.0 50
25 -50.0 50
26 -50.0 50
27 -50.0 50
28 -50.0 50
29 -37.0 37
30 -50.0 50
31 -23.0 23
32 -50.0 50
33 -50.0 50
34 -50.0 50
35 -50.0 50
36 -50.0 50
37 -50.0 50
38 -50.0 50
39 -50.0 50
40 -50.0 50
41 -50.0 50
42 -50.0 50
43 -30.0 30
44 -44.0 44
45 -50.0 50
46 -10.0 10
47 -22.0 22
48 -12.0 12
49 -11.0 11
50 -31.0 31
51 -24.0 24
52 -50.0 50
53 -50.0 50
54 -50.0 50
55 -50.0 50
56 -13.0 13
57 -50.0 50
58 -15.0 15
59 -13.0 13
60 -9.0 9
61 -9.0 9
62 -11.0 11
63 -12.0 12
64 -11.0 11
65 -9.0 9
66 -11.0 11
67 -10.0 10
68 -16.0 16
69 -20.0 20
0 -50.0 50
1 -50.0 50
2 -50.0 50
3 -50.0 50
4 -50.0 50
5 -50.0 50
6 -50.0 50
7 -50.0 50
8 -50.0 50
9 -50.0 50
10 -50.0 50
11 -50.0 50
12 -50.0 50
13 -50.0 50
14 -50.0 50
15 -50.0 50
16 -50.0 50
17 -50.0 50
18 -50.0 50
19 -50.0 50
20 -50.0 50
21 -50.0 50
22 -50.0 50
23 -50.0 50
24 -50.0 50
25 -50.0 50
26 -50.0 50
27 -50.0 50
28 -32.0 32
29 -50.0 50
30 -50.0 50
31 -50.0 50
32 -50.0 50
33 -50.0 50
34 -23.0 23
35 -43.0 43
36 -33.0 33
37 -50.0 50
38 -50.0 50
39 -50.0 50
40 -50.0 50
41 -50.0 50
42 -50.0 50
43 -50.0 50
44 -50.0 50
45 -50.0 50
46 -50.0 50
47 -50.0 50
48 -50.0 50
49 -50.0 50
50 -50.0 50
51 -23.0 23
52 -13.0 13
53 -11.0 11
54 -12.0 12
55 -15.0 15
56 -10.0 10
57 -11.0 11
58 -9.0 9
59 -9.0 9
60 -12.0 12
61 -9.0 9
62 -9.0 9
63 -9.0 9
64 -9.0 9
65 -9.0 9
66 -9.0 9
67 -13.0 13
68 -21.0 21
69 -25.0 25
0 -50.0 50
1 -50.0 50
2 -50.0 50
3 -50.0 50
4 -50.0 50
5 -50.0 50
6 -50.0 50
7 -50.0 50
8 -50.0 50
9 -50.0 50
10 -50.0 50
11 -50.0 50
12 -50.0 50
13 -50.0 50
14 -50.0 50
15 -38.0 38
16 -50.0 50
17 -50.0 50
18 -50.0 50
19 -50.0 50
20 -50.0 50
21 -50.0 50
22 -50.0 50
23 -50.0 50
24 -26.0 26
25 -50.0 50
26 -50.0 50
27 -50.0 50
28 -50.0 50
29 -50.0 50
30 -50.0 50
31 -50.0 50
32 -40.0 40
33 -50.0 50
34 -50.0 50
35 -23.0 23
36 -34.0 34
37 -50.0 50
38 -50.0 50
39 -50.0 50
40 -50.0 50
41 -50.0 50
42 -31.0 31
43 -15.0 15
44 -35.0 35
45 -49.0 49
46 -50.0 50
47 -50.0 50
48 -50.0 50
49 -50.0 50
50 -50.0 50
51 -46.0 46
52 -9.0 9
53 -12.0 12
54 -14.0 14
55 -15.0 15
56 -14.0 14
57 -16.0 16
58 -14.0 14
59 -13.0 13
60 -28.0 28
61 -28.0 28
62 -14.0 14
63 -19.0 19
64 -35.0 35
65 -9.0 9
66 -9.0 9
67 -9.0 9
68 -9.0 9
69 -9.0 9
0 -50.0 50
1 -50.0 50
2 -50.0 50
3 -50.0 50
4 -50.0 50
5 -50.0 50
6 -50.0 50
7 -50.0 50
8 -50.0 50
9 -50.0 50
10 -50.0 50
11 -50.0 50
12 -50.0 50
13 -50.0 50
14 -50.0 50
15 -50.0 50
16 -28.0 28
17 -50.0 50
18 -50.0 50
19 -50.0 50
20 -50.0 50
21 -50.0 50
22 -50.0 50
23 -50.0 50
24 -50.0 50
25 -50.0 50
26 -50.0 50
27 -49.0 49
28 -50.0 50
29 -50.0 50
30 -50.0 50
31 -50.0 50
32 -50.0 50
33 -50.0 50
34 -50.0 50
35 -50.0 50
36 -43.0 43
37 -50.0 50
38 -50.0 50
39 -50.0 50
40 -50.0 50
41 -34.0 34
42 -35.0 35
43 -24.0 24
44 -14.0 14
45 -32.0 32
46 -50.0 50
47 -50.0 50
48 -50.0 50
49 -50.0 50
50 -50.0 50
51 -19.0 19
52 -12.0 12
53 -12.0 12
54 -20.0 20
55 -31.0 31
56 -16.0 16
57 -11.0 11
58 -12.0 12
59 -9.0 9
60 -9.0 9
61 -11.0 11
62 -19.0 19
63 -23.0 23
64 -22.0 22
65 -10.0 10
66 -10.0 10
67 -9.0 9
68 -9.0 9
69 -9.0 9
0 -50.0 50
1 -50.0 50
2 -50.0 50
3 -50.0 50
4 -50.0 50
5 -50.0 50
6 -50.0 50
7 -50.0 50
8 -50.0 50
9 -50.0 50
10 -50.0 50
11 -50.0 50
12 -50.0 50
13 -50.0 50
14 -50.0 50
15 -50.0 50
16 -50.0 50
17 -50.0 50
18 -50.0 50
19 -50.0 50
20 -50.0 50
21 -50.0 50
22 -50.0 50
23 -29.0 29
24 -50.0 50
25 -50.0 50
26 -50.0 50
27 -50.0 50
28 -50.0 50
29 -50.0 50
30 -50.0 50
31 -50.0 50
32 -50.0 50
33 -17.0 17
34 -50.0 50
35 -50.0 50
36 -18.0 18
37 -50.0 50
38 -32.0 32
39 -18.0 18
40 -10.0 10
41 -24.0 24
42 -50.0 50
43 -21.0 21
44 -50.0 50
45 -50.0 50
46 -33.0 33
47 -48.0 48
48 -10.0 10
49 -9.0 9
50 -11.0 11
51 -20.0 20
52 -41.0 41
53 -11.0 11
54 -10.0 10
55 -35.0 35
56 -12.0 12
57 -11.0 11
58 -9.0 9
59 -9.0 9
60 -9.0 9
61 -9.0 9
62 -9.0 9
63 -9.0 9
64 -9.0 9
65 -9.0 9
66 -9.0 9
67 -9.0 9
68 -10.0 10
69 -9.0 9
0 -50.0 50
1 -50.0 50
2 -50.0 50
3 -50.0 50
4 -50.0 50
5 -50.0 50
6 -50.0 50
7 -50.0 50
8 -50.0 50
9 -50.0 50
10 -50.0 50
11 -50.0 50
12 -50.0 50
13 -50.0 50
14 -50.0 50
15 -50.0 50
16 -50.0 50
17 -50.0 50
18 -44.0 44
19 -50.0 50
20 -50.0 50
21 -50.0 50
22 -50.0 50
23 -50.0 50
24 -50.0 50
25 -50.0 50
26 -50.0 50
27 -50.0 50
28 -50.0 50
29 -50.0 50
30 -50.0 50
31 -45.0 45
32 -28.0 28
33 -50.0 50
34 -50.0 50
35 -50.0 50
36 -50.0 50
37 -23.0 23
38 -50.0 50
39 -50.0 50
40 -50.0 50
41 -50.0 50
42 -50.0 50
43 -50.0 50
44 -50.0 50
45 -50.0 50
46 -50.0 50
47 -50.0 50
48 -50.0 50
49 -36.0 36
50 -50.0 50
51 -50.0 50
52 -31.0 31
53 -13.0 13
54 -14.0 14
55 -27.0 27
56 -9.0 9
57 -9.0 9
58 -27.0 27
59 -9.0 9
60 -17.0 17
61 -16.0 16
62 -15.0 15
63 -16.0 16
64 -17.0 17
65 -18.0 18
66 -9.0 9
67 -9.0 9
68 -9.0 9
69 -9.0 9
0 -50.0 50
1 -50.0 50
2 -50.0 50
3 -50.0 50
4 -50.0 50
5 -50.0 50
6 -50.0 50
7 -34.0 34
8 -50.0 50
9 -50.0 50
10 -50.0 50
11 -50.0 50
12 -50.0 50
13 -50.0 50
14 -50.0 50
15 -50.0 50
16 -41.0 41
17 -50.0 50
18 -50.0 50
19 -50.0 50
20 -50.0 50
21 -50.0 50
22 -50.0 50
23 -50.0 50
24 -50.0 50
25 -50.0 50
26 -50.0 50
27 -50.0 50
28 -50.0 50
29 -50.0 50
30 -50.0 50
31 -50.0 50
32 -50.0 50
33 -50.0 50
34 -50.0 50
35 -27.0 27
36 -10.0 10
37 -50.0 50
38 -21.0 21
39 -20.0 20
40 -50.0 50
41 -17.0 17
42 -50.0 50
43 -15.0 15
44 -50.0 50
45 -39.0 39
46 -50.0 50
47 -50.0 50
48 -24.0 24
49 -18.0 18
50 -50.0 50
51 -14.0 14
52 -14.0 14
53 -21.0 21
54 -9.0 9
55 -9.0 9
56 -13.0 13
57 -13.0 13
58 -9.0 9
59 -9.0 9
60 -11.0 11
61 -9.0 9
62 -9.0 9
63 -9.0 9
64 -9.0 9
65 -9.0 9
66 -9.0 9
67 -9.0 9
68 -14.0 14
69 -14.0 14
0 -50.0 50
1 -50.0 50
2 -34.0 34
3 -50.0 50
4 -50.0 50
5 -50.0 50
6 -50.0 50
7 -50.0 50
8 -50.0 50
9 -50.0 50
10 -50.0 50
11 -50.0 50
12 -50.0 50
13 -50.0 50
14 -50.0 50
15 -50.0 50
16 -50.0 50
17 -50.0 50
18 -50.0 50
19 -50.0 50
20 -50.0 50
21 -50.0 50
22 -50.0 50
23 -50.0 50
24 -50.0 50
25 -50.0 50
26 -50.0 50
27 -50.0 50
28 -24.0 24
29 -50.0 50
30 -50.0 50
31 -50.0 50
32 -50.0 50
33 -50.0 50
34 -50.0 50
35 -50.0 50
36 -50.0 50
37 -50.0 50
38 -28.0 28
39 -14.0 14
40 -16.0 16
41 -50.0 50
42 -50.0 50
43 -50.0 50
44 -36.0 36
45 -50.0 50
46 -50.0 50
47 -50.0 50
48 -50.0 50
49 -50.0 50
50 -50.0 50
51 -50.0 50
52 -22.0 22
53 -32.0 32
54 -15.0 15
55 -9.0 9
56 -11.0 11
57 -13.0 13
58 -12.0 12
59 -14.0 14
60 -9.0 9
61 -9.0 9
62 -11.0 11
63 -10.0 10
64 -12.0 12
65 -11.0 11
66 -9.0 9
67 -9.0 9
68 -9.0 9
69 -9.0 9
0 -50.0 50
1 -50.0 50
2 -50.0 50
3 -50.0 50
4 -50.0 50
5 -50.0 50
6 -50.0 50
7 -50.0 50
8 -50.0 50
9 -50.0 50
10 -50.0 50
11 -50.0 50
12 -50.0 50
13 -50.0 50
14 -50.0 50
15 -50.0 50
16 -50.0 50
17 -50.0 50
18 -50.0 50
19 -50.0 50
20 -50.0 50
21 -50.0 50
22 -50.0 50
23 -27.0 27
24 -24.0 24
25 -50.0 50
26 -50.0 50
27 -50.0 50
28 -50.0 50
29 -35.0 35
30 -50.0 50
31 -50.0 50
32 -50.0 50
33 -39.0 39
34 -50.0 50
35 -50.0 50
36 -50.0 50
37 -50.0 50
38 -50.0 50
39 -50.0 50
40 -50.0 50
41 -50.0 50
42 -50.0 50
43 -50.0 50
44 -50.0 50
45 -50.0 50
46 -50.0 50
47 -50.0 50
48 -29.0 29
49 -12.0 12
50 -23.0 23
51 -20.0 20
52 -33.0 33
53 -12.0 12
54 -9.0 9
55 -13.0 13
56 -21.0 21
57 -11.0 11
58 -16.0 16
59 -19.0 19
60 -32.0 32
61 -12.0 12
62 -9.0 9
63 -9.0 9
64 -9.0 9
65 -9.0 9
66 -9.0 9
67 -9.0 9
68 -9.0 9
69 -9.0 9
0 -50.0 50
1 -50.0 50
2 -50.0 50
3 -50.0 50
4 -50.0 50
5 -50.0 50
6 -50.0 50
7 -50.0 50
8 -50.0 50
9 -50.0 50
10 -50.0 50
11 -50.0 50
12 -50.0 50
13 -50.0 50
14 -50.0 50
15 -50.0 50
16 -50.0 50
17 -50.0 50
18 -50.0 50
19 -50.0 50
20 -50.0 50
21 -50.0 50
22 -50.0 50
23 -50.0 50
24 -50.0 50
25 -50.0 50
26 -50.0 50
27 -50.0 50
28 -50.0 50
29 -50.0 50
30 -50.0 50
31 -44.0 44
32 -50.0 50
33 -50.0 50
34 -50.0 50
35 -50.0 50
36 -50.0 50
37 -50.0 50
38 -50.0 50
39 -50.0 50
40 -50.0 50
41 -50.0 50
42 -50.0 50
43 -50.0 50
44 -50.0 50
45 -23.0 23
46 -15.0 15
47 -15.0 15
48 -23.0 23
49 -50.0 50
50 -26.0 26
51 -50.0 50
52 -22.0 22
53 -14.0 14
54 -50.0 50
55 -15.0 15
56 -9.0 9
57 -10.0 10
58 -13.0 13
59 -15.0 15
60 -9.0 9
61 -9.0 9
62 -11.0 11
63 -10.0 10
64 -9.0 9
65 -9.0 9
66 -9.0 9
67 -9.0 9
68 -9.0 9
69 -9.0 9
0 -50.0 50
1 -50.0 50
2 -50.0 50
3 -50.0 50
4 -50.0 50
5 -50.0 50
6 -50.0 50
7 -50.0 50
8 -50.0 50
9 -50.0 50
10 -38.0 38
11 -50.0 50
12 -50.0 50
13 -50.0 50
14 -50.0 50
15 -50.0 50
16 -50.0 50
17 -50.0 50
18 -50.0 50
19 -50.0 50
20 -50.0 50
21 -50.0 50
22 -50.0 50
23 -50.0 50
24 -21.0 21
25 -50.0 50
26 -50.0 50
27 -50.0 50
28 -50.0 50
29 -18.0 18
30 -50.0 50
31 -50.0 50
32 -50.0 50
33 -50.0 50
34 -50.0 50
35 -50.0 50
36 -50.0 50
37 -38.0 38
38 -50.0 50
39 -50.0 50
40 -37.0 37
41 -50.0 50
42 -33.0 33
43 -50.0 50
44 -50.0 50
45 -50.0 50
46 -50.0 50
47 -45.0 45
48 -41.0 41
49 -35.0 35
50 -26.0 26
51 -13.0 13
52 -19.0 19
53 -21.0 21
54 -50.0 50
55 -50.0 50
56 -50.0 50
57 -50.0 50
58 -45.0 45
59 -50.0 50
60 -50.0 50
61 -21.0 21
62 -14.0 14
63 -15.0 15
64 -15.0 15
65 -22.0 22
66 -12.0 12
67 -12.0 12
68 -13.0 13
69 -13.0 13
0 -50.0 50
1 -50.0 50
2 -50.0 50
3 -50.0 50
4 -50.0 50
5 -50.0 50
6 -50.0 50
7 -50.0 50
8 -50.0 50
9 -50.0 50
10 -50.0 50
11 -50.0 50
12 -50.0 50
13 -50.0 50
14 -50.0 50
15 -50.0 50
16 -50.0 50
17 -50.0 50
18 -50.0 50
19 -43.0 43
20 -50.0 50
21 -50.0 50
22 -50.0 50
23 -47.0 47
24 -50.0 50
25 -50.0 50
26 -50.0 50
27 -50.0 50
28 -50.0 50
29 -50.0 50
30 -50.0 50
31 -50.0 50
32 -50.0 50
33 -29.0 29
34 -50.0 50
35 -23.0 23
36 -50.0 50
37 -50.0 50
38 -50.0 50
39 -50.0 50
40 -50.0 50
41 -50.0 50
42 -25.0 25
43 -50.0 50
44 -18.0 18
45 -10.0 10
46 -10.0 10
47 -12.0 12
48 -25.0 25
49 -13.0 13
50 -9.0 9
51 -11.0 11
52 -24.0 24
53 -50.0 50
54 -50.0 50
55 -50.0 50
56 -50.0 50
57 -50.0 50
58 -17.0 17
59 -9.0 9
60 -19.0 19
61 -10.0 10
62 -10.0 10
63 -9.0 9
64 -9.0 9
65 -9.0 9
66 -9.0 9
67 -11.0 11
68 -10.0 10
69 -9.0 9
0 -50.0 50
1 -50.0 50
2 -50.0 50
3 -50.0 50
4 -50.0 50
5 -50.0 50
6 -50.0 50
7 -50.0 50
8 -50.0 50
9 -50.0 50
10 -50.0 50
11 -50.0 50
12 -50.0 50
13 -50.0 50
14 -50.0 50
15 -50.0 50
16 -50.0 50
17 -23.0 23
18 -50.0 50
19 -50.0 50
20 -50.0 50
21 -50.0 50
22 -50.0 50
23 -50.0 50
24 -39.0 39
25 -50.0 50
26 -50.0 50
27 -50.0 50
28 -50.0 50
29 -50.0 50
30 -50.0 50
31 -50.0 50
32 -50.0 50
33 -50.0 50
34 -50.0 50
35 -50.0 50
36 -50.0 50
37 -50.0 50
38 -50.0 50
39 -50.0 50
40 -50.0 50
41 -50.0 50
42 -41.0 41
43 -50.0 50
44 -21.0 21
45 -10.0 10
46 -14.0 14
47 -9.0 9
48 -50.0 50
49 -14.0 14
50 -50.0 50
51 -9.0 9
52 -13.0 13
53 -23.0 23
54 -50.0 50
55 -12.0 12
56 -16.0 16
57 -12.0 12
58 -9.0 9
59 -9.0 9
60 -9.0 9
61 -9.0 9
62 -9.0 9
63 -9.0 9
64 -9.0 9
65 -9.0 9
66 -9.0 9
67 -9.0 9
68 -9.0 9
69 -12.0 12
0 -50.0 50
1 -50.0 50
2 -50.0 50
3 -50.0 50
4 -50.0 50
5 -50.0 50
6 -50.0 50
7 -50.0 50
8 -50.0 50
9 -50.0 50
10 -50.0 50
11 -47.0 47
12 -50.0 50
13 -50.0 50
14 -50.0 50
15 -50.0 50
16 -50.0 50
17 -50.0 50
18 -50.0 50
19 -50.0 50
20 -49.0 49
21 -50.0 50
22 -50.0 50
23 -50.0 50
24 -50.0 50
25 -50.0 50
26 -50.0 50
27 -50.0 50
28 -50.0 50
29 -50.0 50
30 -50.0 50
31 -46.0 46
32 -50.0 50
33 -50.0 50
34 -50.0 50
35 -50.0 50
36 -50.0 50
37 -50.0 50
38 -37.0 37
39 -50.0 50
40 -50.0 50
41 -50.0 50
42 -26.0 26
43 -25.0 25
44 -13.0 13
45 -36.0 36
46 -50.0 50
47 -50.0 50
48 -50.0 50
49 -17.0 17
50 -18.0 18
51 -18.0 18
52 -39.0 39
53 -17.0 17
54 -16.0 16
55 -24.0 24
56 -18.0 18
57 -13.0 13
58 -9.0 9
59 -9.0 9
60 -9.0 9
61 -9.0 9
62 -9.0 9
63 -9.0 9
64 -9.0 9
65 -9.0 9
66 -11.0 11
67 -16.0 16
68 -11.0 11
69 -16.0 16
0 -50.0 50
1 -50.0 50
2 -50.0 50
3 -50.0 50
4 -50.0 50
5 -50.0 50
6 -50.0 50
7 -50.0 50
8 -50.0 50
9 -50.0 50
10 -50.0 50
11 -50.0 50
12 -37.0 37
13 -50.0 50
14 -50.0 50
15 -50.0 50
16 -50.0 50
17 -50.0 50
18 -50.0 50
19 -50.0 50
20 -50.0 50
21 -50.0 50
22 -50.0 50
23 -50.0 50
24 -50.0 50
25 -50.0 50
26 -50.0 50
27 -50.0 50
28 -50.0 50
29 -50.0 50
30 -32.0 32
31 -50.0 50
32 -50.0 50
33 -50.0 50
34 -21.0 21
35 -50.0 50
36 -20.0 20
37 -50.0 50
38 -50.0 50
39 -50.0 50
40 -50.0 50
41 -44.0 44
42 -50.0 50
43 -50.0 50
44 -50.0 50
45 -50.0 50
46 -24.0 24
47 -24.0 24
48 -48.0 48
49 -14.0 14
50 -10.0 10
51 -10.0 10
52 -13.0 13
53 -12.0 12
54 -10.0 10
55 -13.0 13
56 -10.0 10
57 -9.0 9
58 -10.0 10
59 -12.0 12
60 -13.0 13
61 -24.0 24
62 -10.0 10
63 -9.0 9
64 -9.0 9
65 -11.0 11
66 -10.0 10
67 -9.0 9
68 -9.0 9
69 -9.0 9
0 -50.0 50
1 -50.0 50
2 -50.0 50
3 -50.0 50
4 -50.0 50
5 -50.0 50
6 -50.0 50
7 -50.0 50
8 -50.0 50
9 -28.0 28
10 -50.0 50
11 -50.0 50
12 -50.0 50
13 -50.0 50
14 -50.0 50
15 -50.0 50
16 -50.0 50
17 -50.0 50
18 -43.0 43
19 -50.0 50
20 -50.0 50
21 -50.0 50
22 -50.0 50
23 -50.0 50
24 -50.0 50
25 -50.0 50
26 -50.0 50
27 -50.0 50
28 -50.0 50
29 -50.0 50
30 -50.0 50
31 -50.0 50
32 -41.0 41
33 -50.0 50
34 -50.0 50
35 -28.0 28
36 -50.0 50
37 -41.0 41
38 -50.0 50
39 -50.0 50
40 -24.0 24
41 -50.0 50
42 -50.0 50
43 -50.0 50
44 -50.0 50
45 -16.0 16
46 -15.0 15
47 -16.0 16
48 -50.0 50
49 -50.0 50
50 -25.0 25
51 -50.0 50
52 -50.0 50
53 -50.0 50
54 -26.0 26
55 -9.0 9
56 -9.0 9
57 -11.0 11
58 -15.0 15
59 -18.0 18
60 -17.0 17
61 -14.0 14
62 -9.0 9
63 -9.0 9
64 -9.0 9
65 -9.0 9
66 -9.0 9
67 -9.0 9
68 -9.0 9
69 -9.0 9
0 -50.0 50
1 -50.0 50
2 -50.0 50
3 -50.0 50
4 -50.0 50
5 -50.0 50
6 -50.0 50
7 -50.0 50
8 -50.0 50
9 -50.0 50
10 -50.0 50
11 -50.0 50
12 -50.0 50
13 -50.0 50
14 -50.0 50
15 -50.0 50
16 -50.0 50
17 -50.0 50
18 -47.0 47
19 -50.0 50
20 -50.0 50
21 -50.0 50
22 -50.0 50
23 -50.0 50
24 -50.0 50
25 -50.0 50
26 -50.0 50
27 -50.0 50
28 -50.0 50
29 -50.0 50
30 -37.0 37
31 -50.0 50
32 -50.0 50
33 -50.0 50
34 -50.0 50
35 -50.0 50
36 -41.0 41
37 -34.0 34
38 -48.0 48
39 -11.0 11
40 -11.0 11
41 -12.0 12
42 -50.0 50
43 -14.0 14
44 -13.0 13
45 -11.0 11
46 -10.0 10
47 -11.0 11
48 -22.0 22
49 -40.0 40
50 -50.0 50
51 -33.0 33
52 -50.0 50
53 -10.0 10
54 -10.0 10
55 -9.0 9
56 -9.0 9
57 -9.0 9
58 -9.0 9
59 -9.0 9
60 -9.0 9
61 -11.0 11
62 -13.0 13
63 -9.0 9
64 -9.0 9
65 -9.0 9
66 -9.0 9
67 -9.0 9
68 -9.0 9
69 -9.0 9
0 -50.0 50
1 -50.0 50
2 -50.0 50
3 -50.0 50
4 -50.0 50
5 -50.0 50
6 -50.0 50
7 -50.0 50
8 -50.0 50
9 -50.0 50
10 -50.0 50
11 -50.0 50
12 -50.0 50
13 -38.0 38
14 -50.0 50
15 -50.0 50
16 -50.0 50
17 -50.0 50
18 -50.0 50
19 -50.0 50
20 -50.0 50
21 -50.0 50
22 -45.0 45
23 -50.0 50
24 -50.0 50
25 -50.0 50
26 -26.0 26
27 -50.0 50
28 -50.0 50
29 -50.0 50
30 -50.0 50
31 -50.0 50
32 -21.0 21
33 -50.0 50
34 -50.0 50
35 -50.0 50
36 -50.0 50
37 -50.0 50
38 -50.0 50
39 -38.0 38
40 -50.0 50
41 -50.0 50
42 -25.0 25
43 -50.0 50
44 -50.0 50
45 -50.0 50
46 -38.0 38
47 -24.0 24
48 -30.0 30
49 -9.0 9
50 -9.0 9
51 -10.0 10
52 -13.0 13
53 -26.0 26
54 -27.0 27
55 -37.0 37
56 -17.0 17
57 -19.0 19
58 -10.0 10
59 -9.0 9
60 -9.0 9
61 -9.0 9
62 -9.0 9
63 -9.0 9
64 -9.0 9
65 -9.0 9
66 -9.0 9
67 -9.0 9
68 -9.0 9
69 -9.0 9
0 -50.0 50
1 -50.0 50
2 -50.0 50
3 -50.0 50
4 -50.0 50
5 -24.0 24
6 -50.0 50
7 -50.0 50
8 -50.0 50
9 -50.0 50
10 -50.0 50
11 -50.0 50
12 -50.0 50
13 -50.0 50
14 -50.0 50
15 -50.0 50
16 -50.0 50
17 -50.0 50
18 -50.0 50
19 -50.0 50
20 -50.0 50
21 -50.0 50
22 -50.0 50
23 -50.0 50
24 -50.0 50
25 -49.0 49
26 -50.0 50
27 -38.0 38
28 -50.0 50
29 -50.0 50
30 -50.0 50
31 -50.0 50
32 -50.0 50
33 -50.0 50
34 -50.0 50
35 -50.0 50
36 -50.0 50
37 -50.0 50
38 -50.0 50
39 -50.0 50
40 -50.0 50
41 -50.0 50
42 -50.0 50
43 -50.0 50
44 -38.0 38
45 -23.0 23
46 -19.0 19
47 -28.0 28
48 -22.0 22
49 -31.0 31
50 -36.0 36
51 -50.0 50
52 -32.0 32
53 -50.0 50
54 -50.0 50
55 -50.0 50
56 -14.0 14
57 -18.0 18
58 -31.0 31
59 -40.0 40
60 -9.0 9
61 -9.0 9
62 -9.0 9
63 -9.0 9
64 -9.0 9
65 -9.0 9
66 -9.0 9
67 -9.0 9
68 -9.0 9
69 -9.0 9
0 -50.0 50
1 -50.0 50
2 -50.0 50
3 -50.0 50
4 -50.0 50
5 -50.0 50
6 -50.0 50
7 -50.0 50
8 -50.0 50
9 -50.0 50
10 -50.0 50
11 -50.0 50
12 -50.0 50
13 -50.0 50
14 -50.0 50
15 -50.0 50
16 -50.0 50
17 -50.0 50
18 -50.0 50
19 -30.0 30
20 -50.0 50
21 -50.0 50
22 -50.0 50
23 -50.0 50
24 -50.0 50
25 -50.0 50
26 -50.0 50
27 -50.0 50
28 -50.0 50
29 -50.0 50
30 -50.0 50
31 -50.0 50
32 -50.0 50
33 -50.0 50
34 -50.0 50
35 -18.0 18
36 -29.0 29
37 -50.0 50
38 -50.0 50
39 -26.0 26
40 -50.0 50
41 -50.0 50
42 -45.0 45
43 -50.0 50
44 -25.0 25
45 -21.0 21
46 -15.0 15
47 -24.0 24
48 -50.0 50
49 -50.0 50
50 -31.0 31
51 -50.0 50
52 -15.0 15
53 -50.0 50
54 -50.0 50
55 -16.0 16
56 -9.0 9
57 -41.0 41
58 -9.0 9
59 -9.0 9
60 -9.0 9
61 -9.0 9
62 -11.0 11
63 -9.0 9
64 -9.0 9
65 -9.0 9
66 -9.0 9
67 -9.0 9
68 -9.0 9
69 -9.0 9
0 -50.0 50
1 -50.0 50
2 -50.0 50
3 -50.0 50
4 -50.0 50
5 -50.0 50
6 -50.0 50
7 -50.0 50
8 -50.0 50
9 -50.0 50
10 -50.0 50
11 -50.0 50
12 -50.0 50
13 -50.0 50
14 -50.0 50
15 -50.0 50
16 -49.0 49
17 -50.0 50
18 -50.0 50
19 -50.0 50
20 -50.0 50
21 -50.0 50
22 -50.0 50
23 -50.0 50
24 -50.0 50
25 -50.0 50
26 -48.0 48
27 -50.0 50
28 -50.0 50
29 -50.0 50
30 -50.0 50
31 -50.0 50
32 -50.0 50
33 -50.0 50
34 -50.0 50
35 -50.0 50
36 -50.0 50
37 -49.0 49
38 -50.0 50
39 -19.0 19
40 -50.0 50
41 -50.0 50
42 -29.0 29
43 -11.0 11
44 -9.0 9
45 -15.0 15
46 -50.0 50
47 -9.0 9
48 -18.0 18
49 -19.0 19
50 -17.0 17
51 -50.0 50
52 -41.0 41
53 -29.0 29
54 -12.0 12
55 -14.0 14
56 -10.0 10
57 -9.0 9
58 -10.0 10
59 -9.0 9
60 -9.0 9
61 -9.0 9
62 -9.0 9
63 -9.0 9
64 -9.0 9
65 -9.0 9
66 -9.0 9
67 -9.0 9
68 -11.0 11
69 -10.0 10
0 -50.0 50
1 -50.0 50
2 -50.0 50
3 -50.0 50
4 -50.0 50
5 -50.0 50
6 -50.0 50
7 -50.0 50
8 -50.0 50
9 -50.0 50
10 -50.0 50
11 -50.0 50
12 -50.0 50
13 -50.0 50
14 -50.0 50
15 -50.0 50
16 -50.0 50
17 -50.0 50
18 -50.0 50
19 -50.0 50
20 -47.0 47
21 -49.0 49
22 -50.0 50
23 -50.0 50
24 -50.0 50
25 -50.0 50
26 -50.0 50
27 -50.0 50
28 -50.0 50
29 -50.0 50
30 -50.0 50
31 -50.0 50
32 -50.0 50
33 -38.0 38
34 -43.0 43
35 -50.0 50
36 -50.0 50
37 -50.0 50
38 -50.0 50
39 -50.0 50
40 -50.0 50
41 -9.0 9
42 -14.0 14
43 -19.0 19
44 -17.0 17
45 -38.0 38
46 -9.0 9
47 -13.0 13
48 -11.0 11
49 -16.0 16
50 -17.0 17
51 -14.0 14
52 -50.0 50
53 -50.0 50
54 -50.0 50
55 -50.0 50
56 -25.0 25
57 -19.0 19
58 -13.0 13
59 -12.0 12
60 -9.0 9
61 -9.0 9
62 -9.0 9
63 -9.0 9
64 -9.0 9
65 -9.0 9
66 -9.0 9
67 -9.0 9
68 -9.0 9
69 -9.0 9
0 -50.0 50
1 -50.0 50
2 -50.0 50
3 -50.0 50
4 -50.0 50
5 -50.0 50
6 -50.0 50
7 -50.0 50
8 -50.0 50
9 -46.0 46
10 -50.0 50
11 -50.0 50
12 -50.0 50
13 -50.0 50
14 -50.0 50
15 -50.0 50
16 -50.0 50
17 -50.0 50
18 -50.0 50
19 -50.0 50
20 -50.0 50
21 -50.0 50
22 -50.0 50
23 -50.0 50
24 -50.0 50
25 -50.0 50
26 -50.0 50
27 -50.0 50
28 -50.0 50
29 -50.0 50
30 -50.0 50
31 -50.0 50
32 -50.0 50
33 -50.0 50
34 -50.0 50
35 -9.0 9
36 -17.0 17
37 -50.0 50
38 -50.0 50
39 -50.0 50
40 -50.0 50
41 -30.0 30
42 -50.0 50
43 -33.0 33
44 -16.0 16
45 -13.0 13
46 -50.0 50
47 -33.0 33
48 -21.0 21
49 -16.0 16
50 -22.0 22
51 -50.0 50
52 -50.0 50
53 -50.0 50
54 -35.0 35
55 -50.0 50
56 -50.0 50
57 -50.0 50
58 -29.0 29
59 -15.0 15
60 -19.0 19
61 -16.0 16
62 -17.0 17
63 -16.0 16
64 -16.0 16
65 -17.0 17
66 -17.0 17
67 -17.0 17
68 -23.0 23
69 -9.0 9
0 -34.0 34
1 -50.0 50
2 -50.0 50
3 -50.0 50
4 -50.0 50
5 -50.0 50
6 -50.0 50
7 -50.0 50
8 -50.0 50
9 -50.0 50
10 -50.0 50
11 -50.0 50
12 -50.0 50
13 -50.0 50
14 -50.0 50
15 -50.0 50
16 -50.0 50
17 -50.0 50
18 -50.0 50
19 -50.0 50
20 -50.0 50
21 -50.0 50
22 -50.0 50
23 -45.0 45
24 -50.0 50
25 -50.0 50
26 -50.0 50
27 -50.0 50
28 -50.0 50
29 -50.0 50
30 -50.0 50
31 -50.0 50
32 -50.0 50
33 -50.0 50
34 -50.0 50
35 -50.0 50
36 -15.0 15
37 -24.0 24
38 -46.0 46
39 -50.0 50
40 -50.0 50
41 -50.0 50
42 -50.0 50
43 -21.0 21
44 -50.0 50
45 -30.0 30
46 -50.0 50
47 -23.0 23
48 -34.0 34
49 -33.0 33
50 -34.0 34
51 -40.0 40
52 -47.0 47
53 -42.0 42
54 -50.0 50
55 -44.0 44
56 -9.0 9
57 -9.0 9
58 -9.0 9
59 -9.0 9
60 -9.0 9
61 -9.0 9
62 -9.0 9
63 -9.0 9
64 -9.0 9
65 -9.0 9
66 -9.0 9
67 -11.0 11
68 -9.0 9
69 -9.0 9
0 -50.0 50
1 -50.0 50
2 -50.0 50
3 -50.0 50
4 -50.0 50
5 -50.0 50
6 -50.0 50
7 -33.0 33
8 -50.0 50
9 -50.0 50
10 -50.0 50
11 -50.0 50
12 -50.0 50
13 -50.0 50
14 -50.0 50
15 -50.0 50
16 -50.0 50
17 -50.0 50
18 -50.0 50
19 -50.0 50
20 -50.0 50
21 -50.0 50
22 -33.0 33
23 -50.0 50
24 -50.0 50
25 -50.0 50
26 -50.0 50
27 -50.0 50
28 -50.0 50
29 -50.0 50
30 -50.0 50
31 -50.0 50
32 -20.0 20
33 -50.0 50
34 -50.0 50
35 -50.0 50
36 -50.0 50
37 -50.0 50
38 -50.0 50
39 -32.0 32
40 -34.0 34
41 -23.0 23
42 -50.0 50
43 -30.0 30
44 -45.0 45
45 -41.0 41
46 -50.0 50
47 -50.0 50
48 -50.0 50
49 -50.0 50
50 -50.0 50
51 -50.0 50
52 -50.0 50
53 -50.0 50
54 -50.0 50
55 -50.0 50
56 -50.0 50
57 -27.0 27
58 -50.0 50
59 -17.0 17
60 -11.0 11
61 -10.0 10
62 -9.0 9
63 -9.0 9
64 -11.0 11
65 -14.0 14
66 -13.0 13
67 -9.0 9
68 -9.0 9
69 -9.0 9
0 -50.0 50
1 -50.0 50
2 -50.0 50
3 -50.0 50
4 -50.0 50
5 -50.0 50
6 -50.0 50
7 -50.0 50
8 -50.0 50
9 -50.0 50
10 -50.0 50
11 -50.0 50
12 -50.0 50
13 -50.0 50
14 -50.0 50
15 -39.0 39
16 -50.0 50
17 -50.0 50
18 -50.0 50
19 -50.0 50
20 -50.0 50
21 -50.0 50
22 -50.0 50
23 -22.0 22
24 -50.0 50
25 -50.0 50
26 -50.0 50
27 -50.0 50
28 -45.0 45
29 -50.0 50
30 -50.0 50
31 -50.0 50
32 -21.0 21
33 -50.0 50
34 -50.0 50
35 -50.0 50
36 -50.0 50
37 -50.0 50
38 -50.0 50
39 -50.0 50
40 -50.0 50
41 -42.0 42
42 -29.0 29
43 -16.0 16
44 -50.0 50
45 -36.0 36
46 -50.0 50
47 -50.0 50
48 -11.0 11
49 -15.0 15
50 -19.0 19
51 -12.0 12
52 -11.0 11
53 -15.0 15
54 -50.0 50
55 -13.0 13
56 -11.0 11
57 -13.0 13
58 -17.0 17
59 -11.0 11
60 -9.0 9
61 -9.0 9
62 -9.0 9
63 -9.0 9
64 -9.0 9
65 -9.0 9
66 -9.0 9
67 -9.0 9
68 -9.0 9
69 -9.0 9
0 -50.0 50
1 -50.0 50
2 -50.0 50
3 -50.0 50
4 -50.0 50
5 -50.0 50
6 -50.0 50
7 -50.0 50
8 -50.0 50
9 -50.0 50
10 -50.0 50
11 -50.0 50
12 -34.0 34
13 -50.0 50
14 -50.0 50
15 -50.0 50
16 -50.0 50
17 -50.0 50
18 -50.0 50
19 -50.0 50
20 -50.0 50
21 -50.0 50
22 -50.0 50
23 -50.0 50
24 -50.0 50
25 -29.0 29
26 -50.0 50
27 -50.0 50
28 -50.0 50
29 -50.0 50
30 -50.0 50
31 -50.0 50
32 -50.0 50
33 -50.0 50
34 -50.0 50
35 -50.0 50
36 -50.0 50
37 -50.0 50
38 -50.0 50
39 -50.0 50
40 -50.0 50
41 -50.0 50
42 -50.0 50
43 -28.0 28
44 -18.0 18
45 -44.0 44
46 -20.0 20
47 -17.0 17
48 -13.0 13
49 -13.0 13
50 -50.0 50
51 -10.0 10
52 -15.0 15
53 -12.0 12
54 -12.0 12
55 -14.0 14
56 -16.0 16
57 -24.0 24
58 -28.0 28
59 -14.0 14
60 -12.0 12
61 -9.0 9
62 -9.0 9
63 -9.0 9
64 -9.0 9
65 -9.0 9
66 -13.0 13
67 -14.0 14
68 -9.0 9
69 -9.0 9
0 -50.0 50
1 -50.0 50
2 -50.0 50
3 -50.0 50
4 -50.0 50
5 -50.0 50
6 -50.0 50
7 -50.0 50
8 -50.0 50
9 -50.0 50
10 -50.0 50
11 -50.0 50
12 -50.0 50
13 -27.0 27
14 -50.0 50
15 -50.0 50
16 -50.0 50
17 -50.0 50
18 -50.0 50
19 -50.0 50
20 -50.0 50
21 -50.0 50
22 -50.0 50
23 -50.0 50
24 -43.0 43
25 -50.0 50
26 -50.0 50
27 -50.0 50
28 -50.0 50
29 -45.0 45
30 -50.0 50
31 -50.0 50
32 -50.0 50
33 -30.0 30
34 -21.0 21
35 -50.0 50
36 -50.0 50
37 -50.0 50
38 -50.0 50
39 -50.0 50
40 -50.0 50
41 -50.0 50
42 -50.0 50
43 -50.0 50
44 -43.0 43
45 -50.0 50
46 -37.0 37
47 -11.0 11
48 -11.0 11
49 -9.0 9
50 -10.0 10
51 -11.0 11
52 -17.0 17
53 -15.0 15
54 -13.0 13
55 -15.0 15
56 -34.0 34
57 -10.0 10
58 -10.0 10
59 -13.0 13
60 -16.0 16
61 -16.0 16
62 -9.0 9
63 -9.0 9
64 -9.0 9
65 -9.0 9
66 -9.0 9
67 -9.0 9
68 -9.0 9
69 -9.0 9
0 -50.0 50
1 -50.0 50
2 -50.0 50
3 -50.0 50
4 -50.0 50
5 -50.0 50
6 -50.0 50
7 -50.0 50
8 -50.0 50
9 -44.0 44
10 -50.0 50
11 -50.0 50
12 -50.0 50
13 -50.0 50
14 -50.0 50
15 -50.0 50
16 -50.0 50
17 -50.0 50
18 -50.0 50
19 -50.0 50
20 -50.0 50
21 -50.0 50
22 -50.0 50
23 -50.0 50
24 -50.0 50
25 -50.0 50
26 -50.0 50
27 -50.0 50
28 -50.0 50
29 -20.0 20
30 -50.0 50
31 -50.0 50
32 -50.0 50
33 -50.0 50
34 -28.0 28
35 -50.0 50
36 -50.0 50
37 -50.0 50
38 -50.0 50
39 -50.0 50
40 -50.0 50
41 -50.0 50
42 -50.0 50
43 -50.0 50
44 -50.0 50
45 -23.0 23
46 -26.0 26
47 -29.0 29
48 -50.0 50
49 -50.0 50
50 -50.0 50
51 -50.0 50
52 -33.0 33
53 -50.0 50
54 -50.0 50
55 -37.0 37
56 -23.0 23
57 -17.0 17
58 -21.0 21
59 -11.0 11
60 -20.0 20
61 -16.0 16
62 -12.0 12
63 -9.0 9
64 -9.0 9
65 -9.0 9
66 -9.0 9
67 -9.0 9
68 -11.0 11
69 -12.0 12
0 -50.0 50
1 -50.0 50
2 -50.0 50
3 -50.0 50
4 -50.0 50
5 -50.0 50
6 -50.0 50
7 -50.0 50
8 -50.0 50
9 -50.0 50
10 -50.0 50
11 -50.0 50
12 -50.0 50
13 -24.0 24
14 -50.0 50
15 -50.0 50
16 -50.0 50
17 -34.0 34
18 -50.0 50
19 -50.0 50
20 -50.0 50
21 -50.0 50
22 -50.0 50
23 -50.0 50
24 -50.0 50
25 -50.0 50
26 -49.0 49
27 -50.0 50
28 -50.0 50
29 -50.0 50
30 -47.0 47
31 -50.0 50
32 -50.0 50
33 -50.0 50
34 -50.0 50
35 -50.0 50
36 -50.0 50
37 -21.0 21
38 -48.0 48
39 -14.0 14
40 -25.0 25
41 -20.0 20
42 -50.0 50
43 -50.0 50
44 -50.0 50
45 -50.0 50
46 -50.0 50
47 -41.0 41
48 -50.0 50
49 -50.0 50
50 -44.0 44
51 -50.0 50
52 -29.0 29
53 -32.0 32
54 -25.0 25
55 -24.0 24
56 -50.0 50
57 -48.0 48
58 -50.0 50
59 -50.0 50
60 -50.0 50
61 -11.0 11
62 -9.0 9
63 -9.0 9
64 -9.0 9
65 -9.0 9
66 -9.0 9
67 -9.0 9
68 -9.0 9
69 -9.0 9
0 -50.0 50
1 -26.0 26
2 -50.0 50
3 -50.0 50
4 -50.0 50
5 -50.0 50
6 -50.0 50
7 -50.0 50
8 -50.0 50
9 -50.0 50
10 -50.0 50
11 -50.0 50
12 -50.0 50
13 -50.0 50
14 -50.0 50
15 -50.0 50
16 -50.0 50
17 -50.0 50
18 -50.0 50
19 -50.0 50
20 -50.0 50
21 -50.0 50
22 -50.0 50
23 -50.0 50
24 -50.0 50
25 -50.0 50
26 -50.0 50
27 -50.0 50
28 -47.0 47
29 -50.0 50
30 -50.0 50
31 -50.0 50
32 -50.0 50
33 -50.0 50
34 -50.0 50
35 -50.0 50
36 -24.0 24
37 -50.0 50
38 -16.0 16
39 -16.0 16
40 -50.0 50
41 -43.0 43
42 -50.0 50
43 -50.0 50
44 -50.0 50
45 -18.0 18
46 -13.0 13
47 -25.0 25
48 -29.0 29
49 -50.0 50
50 -50.0 50
51 -50.0 50
52 -50.0 50
53 -50.0 50
54 -42.0 42
55 -50.0 50
56 -50.0 50
57 -50.0 50
58 -14.0 14
59 -12.0 12
60 -11.0 11
61 -11.0 11
62 -14.0 14
63 -12.0 12
64 -9.0 9
65 -9.0 9
66 -9.0 9
67 -9.0 9
68 -9.0 9
69 -9.0 9
0 -50.0 50
1 -50.0 50
2 -50.0 50
3 -50.0 50
4 -50.0 50
5 -50.0 50
6 -50.0 50
7 -50.0 50
8 -50.0 50
9 -50.0 50
10 -50.0 50
11 -38.0 38
12 -50.0 50
13 -50.0 50
14 -50.0 50
15 -50.0 50
16 -50.0 50
17 -50.0 50
18 -50.0 50
19 -50.0 50
20 -50.0 50
21 -40.0 40
22 -50.0 50
23 -50.0 50
24 -50.0 50
25 -50.0 50
26 -50.0 50
27 -50.0 50
28 -50.0 50
29 -50.0 50
30 -50.0 50
31 -50.0 50
32 -50.0 50
33 -50.0 50
34 -15.0 15
35 -50.0 50
36 -50.0 50
37 -50.0 50
38 -15.0 15
39 -40.0 40
40 -50.0 50
41 -50.0 50
42 -50.0 50
43 -50.0 50
44 -50.0 50
45 -50.0 50
46 -30.0 30
47 -12.0 12
48 -50.0 50
49 -50.0 50
50 -50.0 50
51 -12.0 12
52 -13.0 13
53 -14.0 14
54 -20.0 20
55 -13.0 13
56 -10.0 10
57 -12.0 12
58 -19.0 19
59 -50.0 50
60 -50.0 50
61 -16.0 16
62 -9.0 9
63 -9.0 9
64 -9.0 9
65 -9.0 9
66 -9.0 9
67 -9.0 9
68 -9.0 9
69 -9.0 9
0 -50.0 50
1 -50.0 50
2 -50.0 50
3 -50.0 50
4 -50.0 50
5 -50.0 50
6 -50.0 50
7 -50.0 50
8 -50.0 50
9 -50.0 50
10 -50.0 50
11 -50.0 50
12 -50.0 50
13 -50.0 50
14 -50.0 50
15 -27.0 27
16 -50.0 50
17 -50.0 50
18 -50.0 50
19 -50.0 50
20 -50.0 50
21 -42.0 42
22 -50.0 50
23 -50.0 50
24 -50.0 50
25 -50.0 50
26 -50.0 50
27 -50.0 50
28 -26.0 26
29 -50.0 50
30 -50.0 50
31 -50.0 50
32 -50.0 50
33 -50.0 50
34 -50.0 50
35 -50.0 50
36 -50.0 50
37 -50.0 50
38 -50.0 50
39 -11.0 11
40 -21.0 21
41 -24.0 24
42 -50.0 50
43 -50.0 50
44 -50.0 50
45 -50.0 50
46 -50.0 50
47 -17.0 17
48 -16.0 16
49 -18.0 18
50 -14.0 14
51 -25.0 25
52 -27.0 27
53 -50.0 50
54 -25.0 25
55 -50.0 50
56 -21.0 21
57 -14.0 14
58 -14.0 14
59 -17.0 17
60 -14.0 14
61 -11.0 11
62 -9.0 9
63 -9.0 9
64 -9.0 9
65 -9.0 9
66 -9.0 9
67 -9.0 9
68 -11.0 11
69 -9.0 9
0 -50.0 50
1 -50.0 50
2 -50.0 50
3 -50.0 50
4 -50.0 50
5 -50.0 50
6 -50.0 50
7 -50.0 50
8 -50.0 50
9 -50.0 50
10 -50.0 50
11 -50.0 50
12 -50.0 50
13 -50.0 50
14 -50.0 50
15 -50.0 50
16 -50.0 50
17 -50.0 50
18 -50.0 50
19 -50.0 50
20 -50.0 50
21 -50.0 50
22 -50.0 50
23 -50.0 50
24 -50.0 50
25 -50.0 50
26 -50.0 50
27 -50.0 50
28 -50.0 50
29 -50.0 50
30 -37.0 37
31 -50.0 50
32 -50.0 50
33 -50.0 50
34 -50.0 50
35 -50.0 50
36 -50.0 50
37 -50.0 50
38 -50.0 50
39 -20.0 20
40 -50.0 50
41 -23.0 23
42 -19.0 19
43 -29.0 29
44 -50.0 50
45 -35.0 35
46 -50.0 50
47 -18.0 18
48 -10.0 10
49 -9.0 9
50 -9.0 9
51 -11.0 11
52 -12.0 12
53 -18.0 18
54 -12.0 12
55 -50.0 50
56 -11.0 11
57 -13.0 13
58 -9.0 9
59 -15.0 15
60 -28.0 28
61 -24.0 24
62 -10.0 10
63 -9.0 9
64 -9.0 9
65 -9.0 9
66 -9.0 9
67 -9.0 9
68 -11.0 11
69 -10.0 10
0 -50.0 50
1 -50.0 50
2 -50.0 50
3 -50.0 50
4 -50.0 50
5 -50.0 50
6 -50.0 50
7 -50.0 50
8 -50.0 50
9 -50.0 50
10 -50.0 50
11 -50.0 50
12 -50.0 50
13 -50.0 50
14 -50.0 50
15 -50.0 50
16 -50.0 50
17 -50.0 50
18 -50.0 50
19 -50.0 50
20 -50.0 50
21 -50.0 50
22 -50.0 50
23 -35.0 35
24 -50.0 50
25 -31.0 31
26 -50.0 50
27 -50.0 50
28 -50.0 50
29 -50.0 50
30 -50.0 50
31 -29.0 29
32 -50.0 50
33 -50.0 50
34 -50.0 50
35 -27.0 27
36 -50.0 50
37 -50.0 50
38 -50.0 50
39 -50.0 50
40 -50.0 50
41 -19.0 19
42 -18.0 18
43 -16.0 16
44 -40.0 40
45 -50.0 50
46 -50.0 50
47 -12.0 12
48 -14.0 14
49 -24.0 24
50 -50.0 50
51 -50.0 50
52 -50.0 50
53 -50.0 50
54 -17.0 17
55 -15.0 15
56 -9.0 9
57 -10.0 10
58 -17.0 17
59 -11.0 11
60 -9.0 9
61 -9.0 9
62 -9.0 9
63 -9.0 9
64 -9.0 9
65 -9.0 9
66 -9.0 9
67 -9.0 9
68 -9.0 9
69 -9.0 9
0 -50.0 50
1 -50.0 50
2 -50.0 50
3 -50.0 50
4 -50.0 50
5 -50.0 50
6 -50.0 50
7 -50.0 50
8 -50.0 50
9 -50.0 50
10 -50.0 50
11 -50.0 50
12 -50.0 50
13 -35.0 35
14 -50.0 50
15 -50.0 50
16 -50.0 50
17 -50.0 50
18 -50.0 50
19 -50.0 50
20 -50.0 50
21 -50.0 50
22 -50.0 50
23 -50.0 50
24 -50.0 50
25 -50.0 50
26 -50.0 50
27 -50.0 50
28 -50.0 50
29 -50.0 50
30 -48.0 48
31 -50.0 50
32 -50.0 50
33 -45.0 45
34 -50.0 50
35 -50.0 50
36 -50.0 50
37 -50.0 50
38 -50.0 50
39 -50.0 50
40 -50.0 50
41 -50.0 50
42 -50.0 50
43 -50.0 50
44 -50.0 50
45 -50.0 50
46 -50.0 50
47 -50.0 50
48 -14.0 14
49 -12.0 12
50 -14.0 14
51 -13.0 13
52 -20.0 20
53 -22.0 22
54 -32.0 32
55 -22.0 22
56 -11.0 11
57 -9.0 9
58 -11.0 11
59 -9.0 9
60 -9.0 9
61 -9.0 9
62 -9.0 9
63 -11.0 11
64 -10.0 10
65 -10.0 10
66 -9.0 9
67 -9.0 9
68 -9.0 9
69 -9.0 9
0 -50.0 50
1 -50.0 50
2 -50.0 50
3 -50.0 50
4 -50.0 50
5 -50.0 50
6 -50.0 50
7 -50.0 50
8 -50.0 50
9 -50.0 50
10 -50.0 50
11 -50.0 50
12 -50.0 50
13 -50.0 50
14 -50.0 50
15 -50.0 50
16 -50.0 50
17 -50.0 50
18 -47.0 47
19 -50.0 50
20 -50.0 50
21 -50.0 50
22 -50.0 50
23 -50.0 50
24 -50.0 50
25 -50.0 50
26 -50.0 50
27 -50.0 50
28 -50.0 50
29 -50.0 50
30 -50.0 50
31 -50.0 50
32 -35.0 35
33 -50.0 50
34 -23.0 23
35 -50.0 50
36 -50.0 50
37 -50.0 50
38 -50.0 50
39 -50.0 50
40 -50.0 50
41 -18.0 18
42 -38.0 38
43 -50.0 50
44 -50.0 50
45 -50.0 50
46 -21.0 21
47 -50.0 50
48 -14.0 14
49 -11.0 11
50 -9.0 9
51 -10.0 10
52 -10.0 10
53 -9.0 9
54 -15.0 15
55 -13.0 13
56 -22.0 22
57 -28.0 28
58 -21.0 21
59 -9.0 9
60 -10.0 10
61 -9.0 9
62 -9.0 9
63 -9.0 9
64 -9.0 9
65 -11.0 11
66 -12.0 12
67 -9.0 9
68 -9.0 9
69 -9.0 9
0 -50.0 50
1 -50.0 50
2 -50.0 50
3 -50.0 50
4 -32.0 32
5 -50.0 50
6 -50.0 50
7 -50.0 50
8 -50.0 50
9 -50.0 50
10 -50.0 50
11 -50.0 50
12 -50.0 50
13 -50.0 50
14 -50.0 50
15 -50.0 50
16 -50.0 50
17 -50.0 50
18 -50.0 50
19 -50.0 50
20 -50.0 50
21 -50.0 50
22 -50.0 50
23 -44.0 44
24 -50.0 50
25 -50.0 50
26 -50.0 50
27 -50.0 50
28 -50.0 50
29 -50.0 50
30 -50.0 50
31 -50.0 50
32 -50.0 50
33 -49.0 49
34 -50.0 50
35 -50.0 50
36 -50.0 50
37 -50.0 50
38 -50.0 50
39 -17.0 17
40 -50.0 50
41 -34.0 34
42 -50.0 50
43 -42.0 42
44 -11.0 11
45 -27.0 27
46 -42.0 42
47 -43.0 43
48 -21.0 21
49 -16.0 16
50 -9.0 9
51 -9.0 9
52 -26.0 26
53 -12.0 12
54 -10.0 10
55 -12.0 12
56 -12.0 12
57 -22.0 22
58 -50.0 50
59 -18.0 18
60 -11.0 11
61 -9.0 9
62 -9.0 9
63 -9.0 9
64 -11.0 11
65 -9.0 9
66 -9.0 9
67 -9.0 9
68 -9.0 9
69 -9.0 9
0 -50.0 50
1 -50.0 50
2 -50.0 50
3 -29.0 29
4 -50.0 50
5 -50.0 50
6 -50.0 50
7 -50.0 50
8 -50.0 50
9 -50.0 50
10 -50.0 50
11 -50.0 50
12 -50.0 50
13 -50.0 50
14 -50.0 50
15 -50.0 50
16 -50.0 50
17 -50.0 50
18 -50.0 50
19 -50.0 50
20 -50.0 50
21 -50.0 50
22 -50.0 50
23 -50.0 50
24 -50.0 50
25 -50.0 50
26 -50.0 50
27 -50.0 50
28 -50.0 50
29 -50.0 50
30 -50.0 50
31 -50.0 50
32 -50.0 50
33 -50.0 50
34 -37.0 37
35 -50.0 50
36 -50.0 50
37 -50.0 50
38 -50.0 50
39 -50.0 50
40 -50.0 50
41 -50.0 50
42 -50.0 50
43 -50.0 50
44 -33.0 33
45 -50.0 50
46 -49.0 49
47 -50.0 50
48 -50.0 50
49 -50.0 50
50 -50.0 50
51 -32.0 32
52 -11.0 11
53 -13.0 13
54 -17.0 17
55 -10.0 10
56 -20.0 20
57 -9.0 9
58 -9.0 9
59 -11.0 11
60 -12.0 12
61 -12.0 12
62 -11.0 11
63 -16.0 16
64 -18.0 18
65 -9.0 9
66 -9.0 9
67 -9.0 9
68 -11.0 11
69 -9.0 9
0 -50.0 50
1 -50.0 50
2 -50.0 50
3 -50.0 50
4 -50.0 50
5 -50.0 50
6 -50.0 50
7 -50.0 50
8 -50.0 50
9 -50.0 50
10 -50.0 50
11 -50.0 50
12 -50.0 50
13 -50.0 50
14 -50.0 50
15 -50.0 50
16 -50.0 50
17 -50.0 50
18 -50.0 50
19 -50.0 50
20 -50.0 50
21 -50.0 50
22 -50.0 50
23 -50.0 50
24 -50.0 50
25 -50.0 50
26 -33.0 33
27 -50.0 50
28 -50.0 50
29 -50.0 50
30 -50.0 50
31 -50.0 50
32 -50.0 50
33 -50.0 50
34 -50.0 50
35 -50.0 50
36 -50.0 50
37 -50.0 50
38 -50.0 50
39 -11.0 11
40 -11.0 11
41 -19.0 19
42 -12.0 12
43 -9.0 9
44 -9.0 9
45 -12.0 12
46 -14.0 14
47 -35.0 35
48 -43.0 43
49 -21.0 21
50 -31.0 31
51 -50.0 50
52 -50.0 50
53 -50.0 50
54 -24.0 24
55 -24.0 24
56 -50.0 50
57 -12.0 12
58 -13.0 13
59 -14.0 14
60 -14.0 14
61 -14.0 14
62 -16.0 16
63 -15.0 15
64 -11.0 11
65 -9.0 9
66 -9.0 9
67 -9.0 9
68 -10.0 10
69 -9.0 9
0 -50.0 50
1 -50.0 50
2 -50.0 50
3 -50.0 50
4 -50.0 50
5 -50.0 50
6 -50.0 50
7 -50.0 50
8 -50.0 50
9 -50.0 50
10 -50.0 50
11 -50.0 50
12 -50.0 50
13 -50.0 50
14 -50.0 50
15 -50.0 50
16 -50.0 50
17 -50.0 50
18 -50.0 50
19 -50.0 50
20 -50.0 50
21 -50.0 50
22 -50.0 50
23 -50.0 50
24 -50.0 50
25 -50.0 50
26 -50.0 50
27 -50.0 50
28 -50.0 50
29 -26.0 26
30 -50.0 50
31 -50.0 50
32 -36.0 36
33 -50.0 50
34 -50.0 50
35 -50.0 50
36 -50.0 50
37 -50.0 50
38 -50.0 50
39 -13.0 13
40 -24.0 24
41 -50.0 50
42 -18.0 18
43 -20.0 20
44 -28.0 28
45 -50.0 50
46 -50.0 50
47 -50.0 50
48 -50.0 50
49 -50.0 50
50 -50.0 50
51 -31.0 31
52 -15.0 15
53 -21.0 21
54 -17.0 17
55 -17.0 17
56 -17.0 17
57 -18.0 18
58 -14.0 14
59 -17.0 17
60 -16.0 16
61 -29.0 29
62 -26.0 26
63 -12.0 12
64 -9.0 9
65 -9.0 9
66 -9.0 9
67 -9.0 9
68 -9.0 9
69 -11.0 11
0 -50.0 50
1 -50.0 50
2 -50.0 50
3 -50.0 50
4 -50.0 50
5 -50.0 50
6 -50.0 50
7 -50.0 50
8 -50.0 50
9 -50.0 50
10 -50.0 50
11 -50.0 50
12 -50.0 50
13 -50.0 50
14 -50.0 50
15 -50.0 50
16 -50.0 50
17 -50.0 50
18 -50.0 50
19 -50.0 50
20 -50.0 50
21 -50.0 50
22 -50.0 50
23 -50.0 50
24 -50.0 50
25 -50.0 50
26 -50.0 50
27 -50.0 50
28 -50.0 50
29 -50.0 50
30 -50.0 50
31 -50.0 50
32 -20.0 20
33 -50.0 50
34 -49.0 49
35 -50.0 50
36 -50.0 50
37 -40.0 40
38 -50.0 50
39 -50.0 50
40 -50.0 50
41 -50.0 50
42 -50.0 50
43 -28.0 28
44 -50.0 50
45 -18.0 18
46 -22.0 22
47 -38.0 38
48 -50.0 50
49 -50.0 50
50 -50.0 50
51 -50.0 50
52 -32.0 32
53 -16.0 16
54 -9.0 9
55 -14.0 14
56 -11.0 11
57 -9.0 9
58 -9.0 9
59 -9.0 9
60 -9.0 9
61 -11.0 11
62 -11.0 11
63 -11.0 11
64 -9.0 9
65 -9.0 9
66 -11.0 11
67 -12.0 12
68 -9.0 9
69 -9.0 9
0 -50.0 50
1 -50.0 50
2 -50.0 50
3 -50.0 50
4 -50.0 50
5 -50.0 50
6 -50.0 50
7 -50.0 50
8 -50.0 50
9 -50.0 50
10 -50.0 50
11 -50.0 50
12 -50.0 50
13 -50.0 50
14 -50.0 50
15 -50.0 50
16 -50.0 50
17 -50.0 50
18 -50.0 50
19 -50.0 50
20 -50.0 50
21 -50.0 50
22 -49.0 49
23 -50.0 50
24 -50.0 50
25 -50.0 50
26 -50.0 50
27 -50.0 50
28 -50.0 50
29 -50.0 50
30 -50.0 50
31 -35.0 35
32 -50.0 50
33 -50.0 50
34 -50.0 50
35 -50.0 50
36 -19.0 19
37 -50.0 50
38 -26.0 26
39 -50.0 50
40 -45.0 45
41 -50.0 50
42 -44.0 44
43 -50.0 50
44 -50.0 50
45 -50.0 50
46 -48.0 48
47 -14.0 14
48 -29.0 29
49 -16.0 16
50 -12.0 12
51 -18.0 18
52 -12.0 12
53 -9.0 9
54 -9.0 9
55 -10.0 10
56 -9.0 9
57 -9.0 9
58 -9.0 9
59 -9.0 9
60 -9.0 9
61 -9.0 9
62 -9.0 9
63 -9.0 9
64 -9.0 9
65 -9.0 9
66 -9.0 9
67 -9.0 9
68 -9.0 9
69 -9.0 9
0 -50.0 50
1 -50.0 50
2 -50.0 50
3 -50.0 50
4 -50.0 50
5 -50.0 50
6 -50.0 50
7 -50.0 50
8 -50.0 50
9 -50.0 50
10 -50.0 50
11 -50.0 50
12 -50.0 50
13 -46.0 46
14 -50.0 50
15 -50.0 50
16 -50.0 50
17 -50.0 50
18 -50.0 50
19 -50.0 50
20 -50.0 50
21 -50.0 50
22 -50.0 50
23 -50.0 50
24 -50.0 50
25 -50.0 50
26 -50.0 50
27 -50.0 50
28 -50.0 50
29 -50.0 50
30 -50.0 50
31 -50.0 50
32 -50.0 50
33 -50.0 50
34 -50.0 50
35 -50.0 50
36 -50.0 50
37 -50.0 50
38 -50.0 50
39 -50.0 50
40 -21.0 21
41 -23.0 23
42 -22.0 22
43 -50.0 50
44 -50.0 50
45 -38.0 38
46 -31.0 31
47 -50.0 50
48 -50.0 50
49 -50.0 50
50 -50.0 50
51 -50.0 50
52 -50.0 50
53 -50.0 50
54 -50.0 50
55 -50.0 50
56 -23.0 23
57 -12.0 12
58 -11.0 11
59 -10.0 10
60 -14.0 14
61 -11.0 11
62 -12.0 12
63 -11.0 11
64 -13.0 13
65 -12.0 12
66 -9.0 9
67 -9.0 9
68 -11.0 11
69 -10.0 10
0 -50.0 50
1 -50.0 50
2 -50.0 50
3 -50.0 50
4 -39.0 39
5 -50.0 50
6 -50.0 50
7 -50.0 50
8 -50.0 50
9 -50.0 50
10 -50.0 50
11 -50.0 50
12 -50.0 50
13 -50.0 50
14 -50.0 50
15 -50.0 50
16 -50.0 50
17 -50.0 50
18 -50.0 50
19 -38.0 38
20 -50.0 50
21 -50.0 50
22 -50.0 50
23 -50.0 50
24 -50.0 50
25 -50.0 50
26 -50.0 50
27 -50.0 50
28 -50.0 50
29 -50.0 50
30 -50.0 50
31 -50.0 50
32 -50.0 50
33 -50.0 50
34 -50.0 50
35 -50.0 50
36 -50.0 50
37 -50.0 50
38 -50.0 50
39 -13.0 13
40 -20.0 20
41 -16.0 16
42 -12.0 12
43 -19.0 19
44 -16.0 16
45 -50.0 50
46 -24.0 24
47 -38.0 38
48 -12.0 12
49 -10.0 10
50 -14.0 14
51 -50.0 50
52 -29.0 29
53 -16.0 16
54 -16.0 16
55 -16.0 16
56 -14.0 14
57 -14.0 14
58 -9.0 9
59 -9.0 9
60 -9.0 9
61 -9.0 9
62 -9.0 9
63 -9.0 9
64 -9.0 9
65 -9.0 9
66 -9.0 9
67 -9.0 9
68 -9.0 9
69 -9.0 9
0 -50.0 50
1 -50.0 50
2 -50.0 50
3 -50.0 50
4 -50.0 50
5 -50.0 50
6 -50.0 50
7 -50.0 50
8 -50.0 50
9 -50.0 50
10 -50.0 50
11 -50.0 50
12 -50.0 50
13 -50.0 50
14 -50.0 50
15 -50.0 50
16 -43.0 43
17 -50.0 50
18 -29.0 29
19 -50.0 50
20 -50.0 50
21 -50.0 50
22 -50.0 50
23 -50.0 50
24 -50.0 50
25 -50.0 50
26 -50.0 50
27 -50.0 50
28 -50.0 50
29 -34.0 34
30 -50.0 50
31 -50.0 50
32 -32.0 32
33 -50.0 50
34 -50.0 50
35 -50.0 50
36 -50.0 50
37 -50.0 50
38 -50.0 50
39 -12.0 12
40 -17.0 17
41 -13.0 13
42 -12.0 12
43 -9.0 9
44 -10.0 10
45 -28.0 28
46 -13.0 13
47 -10.0 10
48 -11.0 11
49 -16.0 16
50 -50.0 50
51 -18.0 18
52 -12.0 12
53 -20.0 20
54 -9.0 9
55 -10.0 10
56 -9.0 9
57 -9.0 9
58 -10.0 10
59 -9.0 9
60 -9.0 9
61 -9.0 9
62 -9.0 9
63 -9.0 9
64 -9.0 9
65 -9.0 9
66 -9.0 9
67 -9.0 9
68 -9.0 9
69 -9.0 9
0 -50.0 50
1 -50.0 50
2 -50.0 50
3 -50.0 50
4 -50.0 50
5 -50.0 50
6 -50.0 50
7 -50.0 50
8 -50.0 50
9 -50.0 50
10 -50.0 50
11 -50.0 50
12 -50.0 50
13 -50.0 50
14 -50.0 50
15 -50.0 50
16 -50.0 50
17 -50.0 50
18 -50.0 50
19 -50.0 50
20 -50.0 50
21 -50.0 50
22 -44.0 44
23 -50.0 50
24 -50.0 50
25 -50.0 50
26 -50.0 50
27 -43.0 43
28 -50.0 50
29 -50.0 50
30 -50.0 50
31 -50.0 50
32 -50.0 50
33 -50.0 50
34 -26.0 26
35 -50.0 50
36 -50.0 50
37 -50.0 50
38 -50.0 50
39 -46.0 46
40 -50.0 50
41 -50.0 50
42 -46.0 46
43 -50.0 50
44 -50.0 50
45 -34.0 34
46 -50.0 50
47 -18.0 18
48 -11.0 11
49 -24.0 24
50 -50.0 50
51 -50.0 50
52 -50.0 50
53 -50.0 50
54 -50.0 50
55 -22.0 22
56 -17.0 17
57 -12.0 12
58 -12.0 12
59 -14.0 14
60 -15.0 15
61 -16.0 16
62 -16.0 16
63 -15.0 15
64 -15.0 15
65 -14.0 14
66 -17.0 17
67 -12.0 12
68 -12.0 12
69 -11.0 11
0 -50.0 50
1 -50.0 50
2 -50.0 50
3 -50.0 50
4 -50.0 50
5 -50.0 50
6 -50.0 50
7 -50.0 50
8 -50.0 50
9 -50.0 50
10 -50.0 50
11 -50.0 50
12 -50.0 50
13 -50.0 50
14 -50.0 50
15 -50.0 50
16 -50.0 50
17 -50.0 50
18 -50.0 50
19 -36.0 36
20 -50.0 50
21 -50.0 50
22 -46.0 46
23 -50.0 50
24 -50.0 50
25 -50.0 50
26 -50.0 50
27 -50.0 50
28 -22.0 22
29 -50.0 50
30 -50.0 50
31 -50.0 50
32 -50.0 50
33 -50.0 50
34 -49.0 49
35 -50.0 50
36 -50.0 50
37 -50.0 50
38 -50.0 50
39 -44.0 44
40 -50.0 50
41 -50.0 50
42 -50.0 50
43 -27.0 27
44 -50.0 50
45 -50.0 50
46 -50.0 50
47 -50.0 50
48 -46.0 46
49 -13.0 13
50 -44.0 44
51 -10.0 10
52 -11.0 11
53 -50.0 50
54 -12.0 12
55 -11.0 11
56 -19.0 19
57 -18.0 18
58 -14.0 14
59 -18.0 18
60 -9.0 9
61 -9.0 9
62 -9.0 9
63 -11.0 11
64 -13.0 13
65 -14.0 14
66 -10.0 10
67 -9.0 9
68 -9.0 9
69 -9.0 9
0 -50.0 50
1 -50.0 50
2 -50.0 50
3 -50.0 50
4 -50.0 50
5 -50.0 50
6 -50.0 50
7 -50.0 50
8 -50.0 50
9 -50.0 50
10 -50.0 50
11 -50.0 50
12 -50.0 50
13 -39.0 39
14 -50.0 50
15 -50.0 50
16 -50.0 50
17 -50.0 50
18 -50.0 50
19 -50.0 50
20 -50.0 50
21 -50.0 50
22 -50.0 50
23 -50.0 50
24 -37.0 37
25 -50.0 50
26 -50.0 50
27 -50.0 50
28 -50.0 50
29 -50.0 50
30 -50.0 50
31 -50.0 50
32 -50.0 50
33 -50.0 50
34 -50.0 50
35 -50.0 50
36 -50.0 50
37 -49.0 49
38 -23.0 23
39 -20.0 20
40 -50.0 50
41 -47.0 47
42 -50.0 50
43 -50.0 50
44 -50.0 50
45 -50.0 50
46 -46.0 46
47 -17.0 17
48 -14.0 14
49 -20.0 20
50 -12.0 12
51 -14.0 14
52 -17.0 17
53 -21.0 21
54 -18.0 18
55 -11.0 11
56 -10.0 10
57 -11.0 11
58 -11.0 11
59 -12.0 12
60 -15.0 15
61 -15.0 15
62 -14.0 14
63 -50.0 50
64 -32.0 32
65 -15.0 15
66 -12.0 12
67 -12.0 12
68 -12.0 12
69 -12.0 12
0 -27.0 27
1 -50.0 50
2 -50.0 50
3 -50.0 50
4 -50.0 50
5 -50.0 50
6 -50.0 50
7 -50.0 50
8 -50.0 50
9 -50.0 50
10 -50.0 50
11 -50.0 50
12 -50.0 50
13 -50.0 50
14 -50.0 50
15 -50.0 50
16 -50.0 50
17 -50.0 50
18 -50.0 50
19 -50.0 50
20 -50.0 50
21 -50.0 50
22 -50.0 50
23 -50.0 50
24 -50.0 50
25 -50.0 50
26 -50.0 50
27 -50.0 50
28 -50.0 50
29 -50.0 50
30 -50.0 50
31 -39.0 39
32 -50.0 50
33 -50.0 50
34 -50.0 50
35 -50.0 50
36 -50.0 50
37 -38.0 38
38 -50.0 50
39 -26.0 26
40 -50.0 50
41 -50.0 50
42 -20.0 20
43 -50.0 50
44 -50.0 50
45 -50.0 50
46 -50.0 50
47 -50.0 50
48 -14.0 14
49 -27.0 27
50 -15.0 15
51 -9.0 9
52 -13.0 13
53 -32.0 32
54 -22.0 22
55 -24.0 24
56 -13.0 13
57 -13.0 13
58 -50.0 50
59 -50.0 50
60 -26.0 26
61 -9.0 9
62 -9.0 9
63 -11.0 11
64 -10.0 10
65 -9.0 9
66 -9.0 9
67 -9.0 9
68 -9.0 9
69 -9.0 9
0 -50.0 50
1 -50.0 50
2 -50.0 50
3 -50.0 50
4 -50.0 50
5 -50.0 50
6 -50.0 50
7 -50.0 50
8 -50.0 50
9 -50.0 50
10 -50.0 50
11 -25.0 25
12 -50.0 50
13 -50.0 50
14 -50.0 50
15 -50.0 50
16 -50.0 50
17 -50.0 50
18 -50.0 50
19 -50.0 50
20 -50.0 50
21 -50.0 50
22 -50.0 50
23 -50.0 50
24 -50.0 50
25 -50.0 50
26 -50.0 50
27 -50.0 50
28 -50.0 50
29 -50.0 50
30 -50.0 50
31 -50.0 50
32 -50.0 50
33 -16.0 16
34 -50.0 50
35 -15.0 15
36 -36.0 36
37 -50.0 50
38 -50.0 50
39 -50.0 50
40 -50.0 50
41 -50.0 50
42 -50.0 50
43 -11.0 11
44 -11.0 11
45 -50.0 50
46 -22.0 22
47 -38.0 38
48 -50.0 50
49 -50.0 50
50 -42.0 42
51 -50.0 50
52 -19.0 19
53 -18.0 18
54 -50.0 50
55 -50.0 50
56 -34.0 34
57 -13.0 13
58 -14.0 14
59 -17.0 17
60 -20.0 20
61 -9.0 9
62 -9.0 9
63 -11.0 11
64 -14.0 14
65 -11.0 11
66 -9.0 9
67 -9.0 9
68 -9.0 9
69 -9.0 9
0 -50.0 50
1 -50.0 50
2 -50.0 50
3 -50.0 50
4 -50.0 50
5 -50.0 50
6 -50.0 50
7 -50.0 50
8 -50.0 50
9 -50.0 50
10 -50.0 50
11 -50.0 50
12 -50.0 50
13 -50.0 50
14 -50.0 50
15 -50.0 50
16 -50.0 50
17 -50.0 50
18 -50.0 50
19 -50.0 50
20 -50.0 50
21 -50.0 50
22 -48.0 48
23 -50.0 50
24 -50.0 50
25 -50.0 50
26 -50.0 50
27 -50.0 50
28 -46.0 46
29 -50.0 50
30 -50.0 50
31 -50.0 50
32 -50.0 50
33 -50.0 50
34 -50.0 50
35 -50.0 50
36 -50.0 50
37 -50.0 50
38 -50.0 50
39 -50.0 50
40 -37.0 37
41 -50.0 50
42 -50.0 50
43 -33.0 33
44 -45.0 45
45 -14.0 14
46 -27.0 27
47 -9.0 9
48 -9.0 9
49 -9.0 9
50 -11.0 11
51 -10.0 10
52 -9.0 9
53 -17.0 17
54 -17.0 17
55 -50.0 50
56 -30.0 30
57 -9.0 9
58 -11.0 11
59 -9.0 9
60 -9.0 9
61 -9.0 9
62 -9.0 9
63 -9.0 9
64 -9.0 9
65 -9.0 9
66 -9.0 9
67 -9.0 9
68 -9.0 9
69 -9.0 9
0 -50.0 50
1 -50.0 50
2 -50.0 50
3 -50.0 50
4 -50.0 50
5 -50.0 50
6 -50.0 50
7 -43.0 43
8 -50.0 50
9 -50.0 50
10 -50.0 50
11 -50.0 50
12 -50.0 50
13 -50.0 50
14 -50.0 50
15 -50.0 50
16 -50.0 50
17 -50.0 50
18 -50.0 50
19 -50.0 50
20 -50.0 50
21 -50.0 50
22 -50.0 50
23 -21.0 21
24 -50.0 50
25 -50.0 50
26 -50.0 50
27 -50.0 50
28 -50.0 50
29 -50.0 50
30 -50.0 50
31 -50.0 50
32 -38.0 38
33 -50.0 50
34 -50.0 50
35 -28.0 28
36 -25.0 25
37 -50.0 50
38 -50.0 50
39 -50.0 50
40 -50.0 50
41 -50.0 50
42 -37.0 37
43 -15.0 15
44 -18.0 18
45 -50.0 50
46 -12.0 12
47 -50.0 50
48 -30.0 30
49 -29.0 29
50 -19.0 19
51 -14.0 14
52 -14.0 14
53 -11.0 11
54 -12.0 12
55 -10.0 10
56 -13.0 13
57 -17.0 17
58 -22.0 22
59 -11.0 11
60 -9.0 9
61 -9.0 9
62 -9.0 9
63 -9.0 9
64 -9.0 9
65 -9.0 9
66 -9.0 9
67 -9.0 9
68 -9.0 9
69 -9.0 9
0 -50.0 50
1 -50.0 50
2 -50.0 50
3 -50.0 50
4 -50.0 50
5 -50.0 50
6 -50.0 50
7 -50.0 50
8 -50.0 50
9 -50.0 50
10 -50.0 50
11 -50.0 50
12 -50.0 50
13 -50.0 50
14 -50.0 50
15 -50.0 50
16 -50.0 50
17 -50.0 50
18 -50.0 50
19 -50.0 50
20 -50.0 50
21 -50.0 50
22 -50.0 50
23 -50.0 50
24 -50.0 50
25 -32.0 32
26 -50.0 50
27 -50.0 50
28 -50.0 50
29 -50.0 50
30 -50.0 50
31 -50.0 50
32 -50.0 50
33 -50.0 50
34 -48.0 48
35 -50.0 50
36 -50.0 50
37 -50.0 50
38 -50.0 50
39 -50.0 50
40 -50.0 50
41 -50.0 50
42 -11.0 11
43 -19.0 19
44 -20.0 20
45 -20.0 20
46 -50.0 50
47 -49.0 49
48 -47.0 47
49 -50.0 50
50 -50.0 50
51 -50.0 50
52 -42.0 42
53 -50.0 50
54 -50.0 50
55 -16.0 16
56 -17.0 17
57 -29.0 29
58 -11.0 11
59 -11.0 11
60 -12.0 12
61 -11.0 11
62 -9.0 9
63 -11.0 11
64 -13.0 13
65 -11.0 11
66 -9.0 9
67 -9.0 9
68 -11.0 11
69 -10.0 10
0 -50.0 50
1 -50.0 50
2 -50.0 50
3 -50.0 50
4 -50.0 50
5 -50.0 50
6 -50.0 50
7 -50.0 50
8 -50.0 50
9 -50.0 50
10 -50.0 50
11 -50.0 50
12 -50.0 50
13 -50.0 50
14 -50.0 50
15 -50.0 50
16 -27.0 27
17 -50.0 50
18 -50.0 50
19 -50.0 50
20 -50.0 50
21 -50.0 50
22 -50.0 50
23 -50.0 50
24 -28.0 28
25 -50.0 50
26 -50.0 50
27 -50.0 50
28 -50.0 50
29 -50.0 50
30 -50.0 50
31 -50.0 50
32 -50.0 50
33 -28.0 28
34 -50.0 50
35 -50.0 50
36 -50.0 50
37 -50.0 50
38 -50.0 50
39 -46.0 46
40 -50.0 50
41 -50.0 50
42 -50.0 50
43 -50.0 50
44 -50.0 50
45 -50.0 50
46 -50.0 50
47 -50.0 50
48 -32.0 32
49 -18.0 18
50 -50.0 50
51 -16.0 16
52 -20.0 20
53 -20.0 20
54 -16.0 16
55 -20.0 20
56 -50.0 50
57 -11.0 11
58 -9.0 9
59 -9.0 9
60 -14.0 14
61 -14.0 14
62 -13.0 13
63 -9.0 9
64 -9.0 9
65 -9.0 9
66 -9.0 9
67 -11.0 11
68 -9.0 9
69 -11.0 11
0 -50.0 50
1 -50.0 50
2 -50.0 50
3 -50.0 50
4 -50.0 50
5 -50.0 50
6 -50.0 50
7 -50.0 50
8 -50.0 50
9 -30.0 30
10 -50.0 50
11 -50.0 50
12 -50.0 50
13 -50.0 50
14 -50.0 50
15 -50.0 50
16 -50.0 50
17 -50.0 50
18 -50.0 50
19 -50.0 50
20 -50.0 50
21 -50.0 50
22 -50.0 50
23 -50.0 50
24 -50.0 50
25 -50.0 50
26 -50.0 50
27 -50.0 50
28 -50.0 50
29 -50.0 50
30 -25.0 25
31 -50.0 50
32 -29.0 29
33 -50.0 50
34 -50.0 50
35 -50.0 50
36 -50.0 50
37 -50.0 50
38 -50.0 50
39 -50.0 50
40 -27.0 27
41 -40.0 40
42 -14.0 14
43 -19.0 19
44 -50.0 50
45 -27.0 27
46 -50.0 50
47 -50.0 50
48 -50.0 50
49 -50.0 50
50 -50.0 50
51 -18.0 18
52 -16.0 16
53 -12.0 12
54 -9.0 9
55 -16.0 16
56 -17.0 17
57 -12.0 12
58 -11.0 11
59 -9.0 9
60 -9.0 9
61 -9.0 9
62 -9.0 9
63 -9.0 9
64 -9.0 9
65 -15.0 15
66 -14.0 14
67 -14.0 14
68 -24.0 24
69 -13.0 13
0 -50.0 50
1 -50.0 50
2 -50.0 50
3 -50.0 50
4 -50.0 50
5 -50.0 50
6 -50.0 50
7 -50.0 50
8 -50.0 50
9 -50.0 50
10 -50.0 50
11 -50.0 50
12 -50.0 50
13 -37.0 37
14 -50.0 50
15 -50.0 50
16 -35.0 35
17 -50.0 50
18 -50.0 50
19 -50.0 50
20 -50.0 50
21 -50.0 50
22 -50.0 50
23 -50.0 50
24 -50.0 50
25 -50.0 50
26 -50.0 50
27 -50.0 50
28 -50.0 50
29 -50.0 50
30 -50.0 50
31 -50.0 50
32 -50.0 50
33 -50.0 50
34 -50.0 50
35 -50.0 50
36 -50.0 50
37 -50.0 50
38 -17.0 17
39 -17.0 17
40 -50.0 50
41 -10.0 10
42 -12.0 12
43 -13.0 13
44 -10.0 10
45 -11.0 11
46 -16.0 16
47 -50.0 50
48 -50.0 50
49 -50.0 50
50 -50.0 50
51 -50.0 50
52 -50.0 50
53 -32.0 32
54 -50.0 50
55 -50.0 50
56 -16.0 16
57 -16.0 16
58 -15.0 15
59 -25.0 25
60 -12.0 12
61 -11.0 11
62 -12.0 12
63 -11.0 11
64 -9.0 9
65 -9.0 9
66 -9.0 9
67 -18.0 18
68 -19.0 19
69 -17.0 17
0 -50.0 50
1 -50.0 50
2 -50.0 50
3 -50.0 50
4 -50.0 50
5 -50.0 50
6 -50.0 50
7 -50.0 50
8 -50.0 50
9 -50.0 50
10 -50.0 50
11 -50.0 50
12 -50.0 50
13 -50.0 50
14 -50.0 50
15 -50.0 50
16 -50.0 50
17 -50.0 50
18 -40.0 40
19 -50.0 50
20 -50.0 50
21 -50.0 50
22 -50.0 50
23 -50.0 50
24 -50.0 50
25 -50.0 50
26 -35.0 35
27 -50.0 50
28 -50.0 50
29 -50.0 50
30 -50.0 50
31 -50.0 50
32 -50.0 50
33 -50.0 50
34 -50.0 50
35 -50.0 50
36 -14.0 14
37 -50.0 50
38 -50.0 50
39 -24.0 24
40 -13.0 13
41 -50.0 50
42 -22.0 22
43 -50.0 50
44 -50.0 50
45 -50.0 50
46 -39.0 39
47 -50.0 50
48 -24.0 24
49 -23.0 23
50 -16.0 16
51 -50.0 50
52 -50.0 50
53 -49.0 49
54 -35.0 35
55 -9.0 9
56 -9.0 9
57 -9.0 9
58 -9.0 9
59 -9.0 9
60 -11.0 11
61 -12.0 12
62 -9.0 9
63 -9.0 9
64 -9.0 9
65 -9.0 9
66 -9.0 9
67 -9.0 9
68 -9.0 9
69 -11.0 11
0 -50.0 50
1 -50.0 50
2 -33.0 33
3 -50.0 50
4 -50.0 50
5 -50.0 50
6 -50.0 50
7 -50.0 50
8 -50.0 50
9 -50.0 50
10 -50.0 50
11 -50.0 50
12 -50.0 50
13 -50.0 50
14 -50.0 50
15 -50.0 50
16 -50.0 50
17 -50.0 50
18 -50.0 50
19 -50.0 50
20 -46.0 46
21 -50.0 50
22 -50.0 50
23 -50.0 50
24 -50.0 50
25 -50.0 50
26 -50.0 50
27 -50.0 50
28 -50.0 50
29 -50.0 50
30 -50.0 50
31 -50.0 50
32 -50.0 50
33 -50.0 50
34 -50.0 50
35 -33.0 33
36 -50.0 50
37 -48.0 48
38 -50.0 50
39 -50.0 50
40 -50.0 50
41 -47.0 47
42 -50.0 50
43 -30.0 30
44 -50.0 50
45 -50.0 50
46 -50.0 50
47 -50.0 50
48 -33.0 33
49 -50.0 50
50 -10.0 10
51 -9.0 9
52 -12.0 12
53 -23.0 23
54 -9.0 9
55 -34.0 34
56 -26.0 26
57 -9.0 9
58 -16.0 16
59 -9.0 9
60 -9.0 9
61 -9.0 9
62 -9.0 9
63 -9.0 9
64 -9.0 9
65 -11.0 11
66 -9.0 9
67 -9.0 9
68 -9.0 9
69 -11.0 11
0 -50.0 50
1 -50.0 50
2 -50.0 50
3 -50.0 50
4 -50.0 50
5 -50.0 50
6 -50.0 50
7 -50.0 50
8 -50.0 50
9 -50.0 50
10 -50.0 50
11 -50.0 50
12 -50.0 50
13 -50.0 50
14 -50.0 50
15 -50.0 50
16 -32.0 32
17 -50.0 50
18 -50.0 50
19 -50.0 50
20 -50.0 50
21 -50.0 50
22 -50.0 50
23 -50.0 50
24 -50.0 50
25 -50.0 50
26 -50.0 50
27 -50.0 50
28 -44.0 44
29 -50.0 50
30 -50.0 50
31 -50.0 50
32 -50.0 50
33 -50.0 50
34 -50.0 50
35 -50.0 50
36 -45.0 45
37 -50.0 50
38 -50.0 50
39 -50.0 50
40 -50.0 50
41 -50.0 50
42 -50.0 50
43 -50.0 50
44 -50.0 50
45 -50.0 50
46 -50.0 50
47 -17.0 17
48 -19.0 19
49 -16.0 16
50 -34.0 34
51 -15.0 15
52 -23.0 23
53 -23.0 23
54 -50.0 50
55 -38.0 38
56 -10.0 10
57 -9.0 9
58 -13.0 13
59 -10.0 10
60 -9.0 9
61 -9.0 9
62 -9.0 9
63 -9.0 9
64 -9.0 9
65 -9.0 9
66 -10.0 10
67 -9.0 9
68 -9.0 9
69 -9.0 9
0 -50.0 50
1 -50.0 50
2 -50.0 50
3 -50.0 50
4 -36.0 36
5 -50.0 50
6 -50.0 50
7 -50.0 50
8 -50.0 50
9 -50.0 50
10 -50.0 50
11 -50.0 50
12 -50.0 50
13 -50.0 50
14 -50.0 50
15 -50.0 50
16 -50.0 50
17 -50.0 50
18 -50.0 50
19 -50.0 50
20 -50.0 50
21 -50.0 50
22 -50.0 50
23 -50.0 50
24 -50.0 50
25 -50.0 50
26 -50.0 50
27 -50.0 50
28 -18.0 18
29 -17.0 17
30 -50.0 50
31 -50.0 50
32 -50.0 50
33 -50.0 50
34 -28.0 28
35 -50.0 50
36 -29.0 29
37 -50.0 50
38 -45.0 45
39 -50.0 50
40 -50.0 50
41 -50.0 50
42 -50.0 50
43 -50.0 50
44 -50.0 50
45 -50.0 50
46 -50.0 50
47 -50.0 50
48 -38.0 38
49 -50.0 50
50 -50.0 50
51 -50.0 50
52 -50.0 50
53 -29.0 29
54 -29.0 29
55 -20.0 20
56 -19.0 19
57 -9.0 9
58 -12.0 12
59 -11.0 11
60 -12.0 12
61 -16.0 16
62 -13.0 13
63 -9.0 9
64 -9.0 9
65 -9.0 9
66 -9.0 9
67 -9.0 9
68 -9.0 9
69 -9.0 9
0 -50.0 50
1 -50.0 50
2 -50.0 50
3 -50.0 50
4 -50.0 50
5 -50.0 50
6 -50.0 50
7 -50.0 50
8 -50.0 50
9 -50.0 50
10 -50.0 50
11 -50.0 50
12 -50.0 50
13 -50.0 50
14 -50.0 50
15 -50.0 50
16 -50.0 50
17 -50.0 50
18 -38.0 38
19 -50.0 50
20 -50.0 50
21 -50.0 50
22 -50.0 50
23 -50.0 50
24 -50.0 50
25 -50.0 50
26 -50.0 50
27 -50.0 50
28 -50.0 50
29 -25.0 25
30 -50.0 50
31 -50.0 50
32 -50.0 50
33 -50.0 50
34 -14.0 14
35 -50.0 50
36 -50.0 50
37 -50.0 50
38 -50.0 50
39 -27.0 27
40 -50.0 50
41 -24.0 24
42 -50.0 50
43 -16.0 16
44 -23.0 23
45 -50.0 50
46 -41.0 41
47 -50.0 50
48 -50.0 50
49 -50.0 50
50 -50.0 50
51 -30.0 30
52 -17.0 17
53 -20.0 20
54 -50.0 50
55 -39.0 39
56 -28.0 28
57 -15.0 15
58 -15.0 15
59 -14.0 14
60 -16.0 16
61 -14.0 14
62 -15.0 15
63 -20.0 20
64 -9.0 9
65 -9.0 9
66 -9.0 9
67 -9.0 9
68 -9.0 9
69 -9.0 9
0 -29.0 29
1 -50.0 50
2 -50.0 50
3 -50.0 50
4 -50.0 50
5 -50.0 50
6 -50.0 50
7 -50.0 50
8 -50.0 50
9 -50.0 50
10 -50.0 50
11 -50.0 50
12 -50.0 50
13 -50.0 50
14 -50.0 50
15 -50.0 50
16 -50.0 50
17 -34.0 34
18 -50.0 50
19 -50.0 50
20 -50.0 50
21 -50.0 50
22 -50.0 50
23 -50.0 50
24 -50.0 50
25 -50.0 50
26 -50.0 50
27 -50.0 50
28 -50.0 50
29 -50.0 50
30 -50.0 50
31 -33.0 33
32 -50.0 50
33 -22.0 22
34 -50.0 50
35 -50.0 50
36 -50.0 50
37 -50.0 50
38 -50.0 50
39 -50.0 50
40 -28.0 28
41 -50.0 50
42 -50.0 50
43 -50.0 50
44 -50.0 50
45 -44.0 44
46 -50.0 50
47 -50.0 50
48 -50.0 50
49 -50.0 50
50 -50.0 50
51 -19.0 19
52 -17.0 17
53 -23.0 23
54 -9.0 9
55 -9.0 9
56 -10.0 10
57 -16.0 16
58 -12.0 12
59 -17.0 17
60 -20.0 20
61 -12.0 12
62 -9.0 9
63 -9.0 9
64 -9.0 9
65 -9.0 9
66 -9.0 9
67 -9.0 9
68 -9.0 9
69 -9.0 9
0 -50.0 50
1 -50.0 50
2 -50.0 50
3 -30.0 30
4 -50.0 50
5 -50.0 50
6 -50.0 50
7 -50.0 50
8 -50.0 50
9 -50.0 50
10 -50.0 50
11 -50.0 50
12 -50.0 50
13 -50.0 50
14 -50.0 50
15 -50.0 50
16 -50.0 50
17 -50.0 50
18 -50.0 50
19 -50.0 50
20 -50.0 50
21 -50.0 50
22 -50.0 50
23 -50.0 50
24 -50.0 50
25 -50.0 50
26 -50.0 50
27 -44.0 44
28 -50.0 50
29 -50.0 50
30 -50.0 50
31 -50.0 50
32 -50.0 50
33 -50.0 50
34 -50.0 50
35 -46.0 46
36 -50.0 50
37 -43.0 43
38 -50.0 50
39 -50.0 50
40 -50.0 50
41 -50.0 50
42 -50.0 50
43 -37.0 37
44 -21.0 21
45 -20.0 20
46 -50.0 50
47 -50.0 50
48 -50.0 50
49 -50.0 50
50 -50.0 50
51 -50.0 50
52 -24.0 24
53 -19.0 19
54 -14.0 14
55 -12.0 12
56 -10.0 10
57 -13.0 13
58 -15.0 15
59 -30.0 30
60 -9.0 9
61 -11.0 11
62 -11.0 11
63 -10.0 10
64 -12.0 12
65 -9.0 9
66 -9.0 9
67 -9.0 9
68 -9.0 9
69 -9.0 9
0 -50.0 50
1 -50.0 50
2 -50.0 50
3 -50.0 50
4 -50.0 50
5 -50.0 50
6 -50.0 50
7 -50.0 50
8 -50.0 50
9 -50.0 50
10 -50.0 50
11 -50.0 50
12 -50.0 50
13 -50.0 50
14 -50.0 50
15 -41.0 41
16 -50.0 50
17 -50.0 50
18 -50.0 50
19 -50.0 50
20 -50.0 50
21 -50.0 50
22 -50.0 50
23 -50.0 50
24 -50.0 50
25 -50.0 50
26 -50.0 50
27 -50.0 50
28 -50.0 50
29 -50.0 50
30 -47.0 47
31 -37.0 37
32 -50.0 50
33 -50.0 50
34 -50.0 50
35 -50.0 50
36 -50.0 50
37 -50.0 50
38 -27.0 27
39 -17.0 17
40 -50.0 50
41 -50.0 50
42 -50.0 50
43 -50.0 50
44 -50.0 50
45 -50.0 50
46 -50.0 50
47 -38.0 38
48 -50.0 50
49 -32.0 32
50 -50.0 50
51 -20.0 20
52 -19.0 19
53 -27.0 27
54 -26.0 26
55 -23.0 23
56 -13.0 13
57 -9.0 9
58 -9.0 9
59 -9.0 9
60 -9.0 9
61 -9.0 9
62 -9.0 9
63 -10.0 10
64 -11.0 11
65 -10.0 10
66 -13.0 13
67 -10.0 10
68 -14.0 14
69 -22.0 22
0 -50.0 50
1 -50.0 50
2 -50.0 50
3 -50.0 50
4 -50.0 50
5 -50.0 50
6 -50.0 50
7 -50.0 50
8 -50.0 50
9 -50.0 50
10 -50.0 50
11 -50.0 50
12 -50.0 50
13 -50.0 50
14 -50.0 50
15 -50.0 50
16 -50.0 50
17 -50.0 50
18 -50.0 50
19 -50.0 50
20 -50.0 50
21 -50.0 50
22 -28.0 28
23 -50.0 50
24 -50.0 50
25 -50.0 50
26 -50.0 50
27 -50.0 50
28 -50.0 50
29 -50.0 50
30 -50.0 50
31 -50.0 50
32 -50.0 50
33 -50.0 50
34 -31.0 31
35 -50.0 50
36 -50.0 50
37 -50.0 50
38 -50.0 50
39 -50.0 50
40 -50.0 50
41 -50.0 50
42 -50.0 50
43 -15.0 15
44 -17.0 17
45 -40.0 40
46 -23.0 23
47 -26.0 26
48 -24.0 24
49 -26.0 26
50 -50.0 50
51 -50.0 50
52 -50.0 50
53 -50.0 50
54 -50.0 50
55 -50.0 50
56 -50.0 50
57 -50.0 50
58 -35.0 35
59 -11.0 11
60 -12.0 12
61 -13.0 13
62 -15.0 15
63 -12.0 12
64 -9.0 9
65 -13.0 13
66 -10.0 10
67 -10.0 10
68 -10.0 10
69 -10.0 10
0 -50.0 50
1 -50.0 50
2 -50.0 50
3 -50.0 50
4 -50.0 50
5 -50.0 50
6 -50.0 50
7 -47.0 47
8 -50.0 50
9 -50.0 50
10 -50.0 50
11 -50.0 50
12 -50.0 50
13 -50.0 50
14 -50.0 50
15 -50.0 50
16 -50.0 50
17 -50.0 50
18 -50.0 50
19 -50.0 50
20 -50.0 50
21 -50.0 50
22 -50.0 50
23 -50.0 50
24 -50.0 50
25 -50.0 50
26 -50.0 50
27 -48.0 48
28 -50.0 50
29 -50.0 50
30 -50.0 50
31 -50.0 50
32 -50.0 50
33 -50.0 50
34 -50.0 50
35 -27.0 27
36 -50.0 50
37 -50.0 50
38 -18.0 18
39 -13.0 13
40 -9.0 9
41 -13.0 13
42 -9.0 9
43 -14.0 14
44 -50.0 50
45 -30.0 30
46 -50.0 50
47 -50.0 50
48 -25.0 25
49 -18.0 18
50 -14.0 14
51 -37.0 37
52 -11.0 11
53 -13.0 13
54 -11.0 11
55 -11.0 11
56 -14.0 14
57 -14.0 14
58 -9.0 9
59 -9.0 9
60 -9.0 9
61 -9.0 9
62 -9.0 9
63 -9.0 9
64 -9.0 9
65 -9.0 9
66 -9.0 9
67 -9.0 9
68 -9.0 9
69 -9.0 9
0 -50.0 50
1 -50.0 50
2 -50.0 50
3 -50.0 50
4 -50.0 50
5 -50.0 50
6 -50.0 50
7 -50.0 50
8 -50.0 50
9 -50.0 50
10 -50.0 50
11 -50.0 50
12 -28.0 28
13 -50.0 50
14 -50.0 50
15 -50.0 50
16 -50.0 50
17 -50.0 50
18 -50.0 50
19 -50.0 50
20 -50.0 50
21 -45.0 45
22 -50.0 50
23 -50.0 50
24 -50.0 50
25 -50.0 50
26 -50.0 50
27 -50.0 50
28 -35.0 35
29 -50.0 50
30 -50.0 50
31 -50.0 50
32 -50.0 50
33 -50.0 50
34 -50.0 50
35 -50.0 50
36 -41.0 41
37 -50.0 50
38 -50.0 50
39 -50.0 50
40 -50.0 50
41 -48.0 48
42 -26.0 26
43 -11.0 11
44 -31.0 31
45 -41.0 41
46 -50.0 50
47 -23.0 23
48 -50.0 50
49 -50.0 50
50 -50.0 50
51 -50.0 50
52 -50.0 50
53 -50.0 50
54 -50.0 50
55 -13.0 13
56 -13.0 13
57 -12.0 12
58 -10.0 10
59 -9.0 9
60 -9.0 9
61 -9.0 9
62 -12.0 12
63 -13.0 13
64 -12.0 12
65 -10.0 10
66 -11.0 11
67 -12.0 12
68 -12.0 12
69 -9.0 9
0 -50.0 50
1 -50.0 50
2 -50.0 50
3 -50.0 50
4 -50.0 50
5 -50.0 50
6 -50.0 50
7 -50.0 50
8 -50.0 50
9 -50.0 50
10 -40.0 40
11 -50.0 50
12 -50.0 50
13 -50.0 50
14 -50.0 50
15 -50.0 50
16 -50.0 50
17 -50.0 50
18 -50.0 50
19 -50.0 50
20 -45.0 45
21 -50.0 50
22 -50.0 50
23 -50.0 50
24 -50.0 50
25 -43.0 43
26 -50.0 50
27 -50.0 50
28 -50.0 50
29 -50.0 50
30 -50.0 50
31 -50.0 50
32 -50.0 50
33 -49.0 49
34 -50.0 50
35 -50.0 50
36 -50.0 50
37 -50.0 50
38 -50.0 50
39 -50.0 50
40 -31.0 31
41 -50.0 50
42 -13.0 13
43 -16.0 16
44 -10.0 10
45 -22.0 22
46 -25.0 25
47 -24.0 24
48 -45.0 45
49 -50.0 50
50 -50.0 50
51 -50.0 50
52 -50.0 50
53 -50.0 50
54 -50.0 50
55 -25.0 25
56 -44.0 44
57 -12.0 12
58 -9.0 9
59 -9.0 9
60 -11.0 11
61 -9.0 9
62 -9.0 9
63 -11.0 11
64 -11.0 11
65 -9.0 9
66 -9.0 9
67 -9.0 9
68 -9.0 9
69 -11.0 11
0 -50.0 50
1 -50.0 50
2 -50.0 50
3 -50.0 50
4 -50.0 50
5 -50.0 50
6 -50.0 50
7 -50.0 50
8 -50.0 50
9 -50.0 50
10 -50.0 50
11 -50.0 50
12 -50.0 50
13 -50.0 50
14 -35.0 35
15 -50.0 50
16 -50.0 50
17 -50.0 50
18 -50.0 50
19 -50.0 50
20 -50.0 50
21 -50.0 50
22 -50.0 50
23 -50.0 50
24 -50.0 50
25 -50.0 50
26 -50.0 50
27 -50.0 50
28 -50.0 50
29 -50.0 50
30 -37.0 37
31 -50.0 50
32 -23.0 23
33 -13.0 13
34 -50.0 50
35 -15.0 15
36 -50.0 50
37 -50.0 50
38 -50.0 50
39 -50.0 50
40 -45.0 45
41 -50.0 50
42 -50.0 50
43 -50.0 50
44 -50.0 50
45 -28.0 28
46 -50.0 50
47 -18.0 18
48 -14.0 14
49 -20.0 20
50 -19.0 19
51 -13.0 13
52 -35.0 35
53 -50.0 50
54 -27.0 27
55 -50.0 50
56 -17.0 17
57 -11.0 11
58 -12.0 12
59 -15.0 15
60 -18.0 18
61 -15.0 15
62 -12.0 12
63 -12.0 12
64 -12.0 12
65 -12.0 12
66 -14.0 14
67 -10.0 10
68 -11.0 11
69 -9.0 9
0 -50.0 50
1 -50.0 50
2 -50.0 50
3 -50.0 50
4 -50.0 50
5 -50.0 50
6 -50.0 50
7 -50.0 50
8 -50.0 50
9 -50.0 50
10 -50.0 50
11 -50.0 50
12 -50.0 50
13 -50.0 50
14 -50.0 50
15 -50.0 50
16 -50.0 50
17 -50.0 50
18 -50.0 50
19 -50.0 50
20 -50.0 50
21 -50.0 50
22 -50.0 50
23 -50.0 50
24 -50.0 50
25 -50.0 50
26 -50.0 50
27 -50.0 50
28 -50.0 50
29 -50.0 50
30 -47.0 47
31 -50.0 50
32 -50.0 50
33 -50.0 50
34 -46.0 46
35 -50.0 50
36 -50.0 50
37 -50.0 50
38 -50.0 50
39 -50.0 50
40 -50.0 50
41 -50.0 50
42 -50.0 50
43 -50.0 50
44 -42.0 42
45 -50.0 50
46 -50.0 50
47 -50.0 50
48 -30.0 30
49 -14.0 14
50 -12.0 12
51 -11.0 11
52 -42.0 42
53 -17.0 17
54 -14.0 14
55 -16.0 16
56 -11.0 11
57 -10.0 10
58 -9.0 9
59 -12.0 12
60 -9.0 9
61 -16.0 16
62 -28.0 28
63 -34.0 34
64 -14.0 14
65 -9.0 9
66 -9.0 9
67 -9.0 9
68 -9.0 9
69 -9.0 9
0 -50.0 50
1 -50.0 50
2 -50.0 50
3 -50.0 50
4 -50.0 50
5 -50.0 50
6 -50.0 50
7 -50.0 50
8 -50.0 50
9 -50.0 50
10 -50.0 50
11 -50.0 50
12 -50.0 50
13 -50.0 50
14 -50.0 50
15 -50.0 50
16 -50.0 50
17 -50.0 50
18 -50.0 50
19 -50.0 50
20 -38.0 38
21 -50.0 50
22 -50.0 50
23 -50.0 50
24 -28.0 28
25 -50.0 50
26 -50.0 50
27 -50.0 50
28 -50.0 50
29 -50.0 50
30 -50.0 50
31 -50.0 50
32 -46.0 46
33 -50.0 50
34 -36.0 36
35 -50.0 50
36 -33.0 33
37 -50.0 50
38 -50.0 50
39 -50.0 50
40 -50.0 50
41 -50.0 50
42 -50.0 50
43 -42.0 42
44 -50.0 50
45 -48.0 48
46 -50.0 50
47 -50.0 50
48 -50.0 50
49 -50.0 50
50 -22.0 22
51 -10.0 10
52 -17.0 17
53 -23.0 23
54 -16.0 16
55 -48.0 48
56 -11.0 11
57 -10.0 10
58 -12.0 12
59 -9.0 9
60 -9.0 9
61 -9.0 9
62 -9.0 9
63 -9.0 9
64 -9.0 9
65 -9.0 9
66 -9.0 9
67 -9.0 9
68 -11.0 11
69 -13.0 13
0 -50.0 50
1 -50.0 50
2 -50.0 50
3 -50.0 50
4 -50.0 50
5 -50.0 50
6 -50.0 50
7 -46.0 46
8 -50.0 50
9 -50.0 50
10 -50.0 50
11 -50.0 50
12 -50.0 50
13 -50.0 50
14 -50.0 50
15 -50.0 50
16 -50.0 50
17 -50.0 50
18 -50.0 50
19 -50.0 50
20 -50.0 50
21 -50.0 50
22 -50.0 50
23 -46.0 46
24 -50.0 50
25 -50.0 50
26 -50.0 50
27 -50.0 50
28 -50.0 50
29 -50.0 50
30 -50.0 50
31 -50.0 50
32 -50.0 50
33 -50.0 50
34 -50.0 50
35 -50.0 50
36 -41.0 41
37 -50.0 50
38 -50.0 50
39 -50.0 50
40 -27.0 27
41 -22.0 22
42 -20.0 20
43 -32.0 32
44 -23.0 23
45 -27.0 27
46 -50.0 50
47 -50.0 50
48 -50.0 50
49 -50.0 50
50 -50.0 50
51 -50.0 50
52 -50.0 50
53 -50.0 50
54 -26.0 26
55 -15.0 15
56 -14.0 14
57 -20.0 20
58 -12.0 12
59 -12.0 12
60 -9.0 9
61 -9.0 9
62 -9.0 9
63 -9.0 9
64 -9.0 9
65 -9.0 9
66 -9.0 9
67 -11.0 11
68 -11.0 11
69 -9.0 9
0 -50.0 50
1 -50.0 50
2 -50.0 50
3 -50.0 50
4 -50.0 50
5 -50.0 50
6 -50.0 50
7 -50.0 50
8 -50.0 50
9 -50.0 50
10 -50.0 50
11 -50.0 50
12 -50.0 50
13 -50.0 50
14 -50.0 50
15 -31.0 31
16 -50.0 50
17 -50.0 50
18 -50.0 50
19 -50.0 50
20 -50.0 50
21 -50.0 50
22 -50.0 50
23 -50.0 50
24 -50.0 50
25 -50.0 50
26 -50.0 50
27 -50.0 50
28 -50.0 50
29 -44.0 44
30 -50.0 50
31 -26.0 26
32 -37.0 37
33 -50.0 50
34 -50.0 50
35 -50.0 50
36 -50.0 50
37 -50.0 50
38 -50.0 50
39 -50.0 50
40 -24.0 24
41 -50.0 50
42 -50.0 50
43 -15.0 15
44 -35.0 35
45 -32.0 32
46 -50.0 50
47 -15.0 15
48 -15.0 15
49 -18.0 18
50 -27.0 27
51 -37.0 37
52 -23.0 23
53 -50.0 50
54 -50.0 50
55 -50.0 50
56 -20.0 20
57 -50.0 50
58 -50.0 50
59 -50.0 50
60 -50.0 50
61 -50.0 50
62 -22.0 22
63 -9.0 9
64 -10.0 10
65 -9.0 9
66 -9.0 9
67 -9.0 9
68 -9.0 9
69 -9.0 9
