0 -50.0 50
1 -50.0 50
2 -50.0 50
3 -50.0 50
4 -50.0 50
5 -50.0 50
6 -50.0 50
7 -50.0 50
8 -48.0 48
9 -50.0 50
10 -50.0 50
11 -50.0 50
12 -50.0 50
13 -50.0 50
14 -50.0 50
15 -50.0 50
16 -50.0 50
17 -50.0 50
18 -50.0 50
19 -50.0 50
20 -50.0 50
21 -50.0 50
22 -50.0 50
23 -50.0 50
24 -50.0 50
0 -50.0 50
1 -50.0 50
2 -50.0 50
3 -50.0 50
4 -50.0 50
5 -50.0 50
6 -50.0 50
7 -50.0 50
8 -50.0 50
9 -50.0 50
10 -50.0 50
11 -50.0 50
12 -50.0 50
13 -50.0 50
14 -50.0 50
15 -50.0 50
16 -50.0 50
17 -50.0 50
18 -50.0 50
19 -50.0 50
20 -27.0 27
21 -50.0 50
22 -50.0 50
23 -50.0 50
24 -50.0 50
0 -50.0 50
1 -50.0 50
2 -50.0 50
3 -50.0 50
4 -50.0 50
5 -50.0 50
6 -50.0 50
7 -50.0 50
8 -50.0 50
9 -50.0 50
10 -50.0 50
11 -50.0 50
12 -50.0 50
13 -50.0 50
14 -50.0 50
15 -50.0 50
16 -50.0 50
17 -50.0 50
18 -50.0 50
19 -50.0 50
20 -50.0 50
21 -50.0 50
22 -50.0 50
23 -50.0 50
24 -50.0 50
0 -50.0 50
1 -50.0 50
2 -50.0 50
3 -50.0 50
4 -50.0 50
5 -50.0 50
6 -50.0 50
7 -50.0 50
8 -50.0 50
9 -50.0 50
10 -50.0 50
11 -50.0 50
12 -50.0 50
13 -50.0 50
14 -50.0 50
15 -50.0 50
16 -50.0 50
17 -50.0 50
18 -50.0 50
19 -50.0 50
20 -50.0 50
21 -50.0 50
22 -50.0 50
23 -50.0 50
24 -50.0 50
0 -50.0 50
1 -50.0 50
2 -50.0 50
3 -50.0 50
4 -50.0 50
5 -47.0 47
6 -50.0 50
7 -50.0 50
8 -50.0 50
9 -50.0 50
10 -50.0 50
11 -50.0 50
12 -50.0 50
13 -50.0 50
14 -50.0 50
15 -50.0 50
16 -50.0 50
17 -50.0 50
18 -50.0 50
19 -50.0 50
20 -50.0 50
21 -50.0 50
22 -50.0 50
23 -50.0 50
24 -50.0 50
0 -50.0 50
1 -50.0 50
2 -50.0 50
3 -50.0 50
4 -50.0 50
5 -50.0 50
6 -50.0 50
7 -50.0 50
8 -50.0 50
9 -50.0 50
10 -50.0 50
11 -50.0 50
12 -50.0 50
13 -50.0 50
14 -50.0 50
15 -50.0 50
16 -50.0 50
17 -50.0 50
18 -50.0 50
19 -50.0 50
20 -50.0 50
21 -23.0 23
22 -50.0 50
23 -50.0 50
24 -50.0 50
0 -50.0 50
1 -50.0 50
2 -50.0 50
3 -50.0 50
4 -50.0 50
5 -50.0 50
6 -50.0 50
7 -50.0 50
8 -50.0 50
9 -50.0 50
10 -50.0 50
11 -25.0 25
12 -50.0 50
13 -50.0 50
14 -50.0 50
15 -50.0 50
16 -50.0 50
17 -50.0 50
18 -50.0 50
19 -50.0 50
20 -42.0 42
21 -50.0 50
22 -50.0 50
23 -50.0 50
24 -50.0 50
0 -50.0 50
1 -50.0 50
2 -50.0 50
3 -50.0 50
4 -50.0 50
5 -50.0 50
6 -50.0 50
7 -47.0 47
8 -50.0 50
9 -50.0 50
10 -50.0 50
11 -50.0 50
12 -50.0 50
13 -50.0 50
14 -50.0 50
15 -50.0 50
16 -50.0 50
17 -50.0 50
18 -50.0 50
19 -31.0 31
20 -50.0 50
21 -50.0 50
22 -50.0 50
23 -50.0 50
24 -50.0 50
0 -50.0 50
1 -50.0 50
2 -50.0 50
3 -50.0 50
4 -50.0 50
5 -50.0 50
6 -50.0 50
7 -50.0 50
8 -33.0 33
9 -50.0 50
10 -50.0 50
11 -50.0 50
12 -50.0 50
13 -50.0 50
14 -50.0 50
15 -50.0 50
16 -50.0 50
17 -50.0 50
18 -50.0 50
19 -50.0 50
20 -50.0 50
21 -50.0 50
22 -50.0 50
23 -50.0 50
24 -50.0 50
0 -50.0 50
1 -50.0 50
2 -50.0 50
3 -50.0 50
4 -50.0 50
5 -50.0 50
6 -50.0 50
7 -50.0 50
8 -50.0 50
9 -50.0 50
10 -41.0 41
11 -50.0 50
12 -50.0 50
13 -50.0 50
14 -50.0 50
15 -50.0 50
16 -50.0 50
17 -50.0 50
18 -50.0 50
19 -50.0 50
20 -50.0 50
21 -50.0 50
22 -29.0 29
23 -50.0 50
24 -50.0 50
0 -50.0 50
1 -50.0 50
2 -50.0 50
3 -50.0 50
4 -50.0 50
5 -50.0 50
6 -50.0 50
7 -50.0 50
8 -50.0 50
9 -50.0 50
10 -50.0 50
11 -50.0 50
12 -50.0 50
13 -50.0 50
14 -50.0 50
15 -50.0 50
16 -50.0 50
17 -50.0 50
18 -50.0 50
19 -50.0 50
20 -50.0 50
21 -50.0 50
22 -50.0 50
23 -50.0 50
24 -50.0 50
0 -50.0 50
1 -50.0 50
2 -41.0 41
3 -50.0 50
4 -50.0 50
5 -50.0 50
6 -50.0 50
7 -50.0 50
8 -50.0 50
9 -50.0 50
10 -50.0 50
11 -50.0 50
12 -50.0 50
13 -50.0 50
14 -50.0 50
15 -50.0 50
16 -50.0 50
17 -50.0 50
18 -50.0 50
19 -50.0 50
20 -50.0 50
21 -50.0 50
22 -50.0 50
23 -50.0 50
24 -50.0 50
0 -50.0 50
1 -50.0 50
2 -50.0 50
3 -50.0 50
4 -50.0 50
5 -50.0 50
6 -50.0 50
7 -50.0 50
8 -50.0 50
9 -50.0 50
10 -50.0 50
11 -50.0 50
12 -50.0 50
13 -50.0 50
14 -50.0 50
15 -50.0 50
16 -50.0 50
17 -48.0 48
18 -50.0 50
19 -50.0 50
20 -50.0 50
21 -50.0 50
22 -50.0 50
23 -50.0 50
24 -50.0 50
0 -50.0 50
1 -50.0 50
2 -50.0 50
3 -50.0 50
4 -50.0 50
5 -50.0 50
6 -50.0 50
7 -50.0 50
8 -50.0 50
9 -50.0 50
10 -50.0 50
11 -50.0 50
12 -50.0 50
13 -50.0 50
14 -50.0 50
15 -50.0 50
16 -50.0 50
17 -29.0 29
18 -50.0 50
19 -50.0 50
20 -50.0 50
21 -50.0 50
22 -50.0 50
23 -50.0 50
24 -50.0 50
0 -50.0 50
1 -50.0 50
2 -50.0 50
3 -50.0 50
4 -50.0 50
5 -50.0 50
6 -50.0 50
7 -50.0 50
8 -50.0 50
9 -50.0 50
10 -50.0 50
11 -50.0 50
12 -50.0 50
13 -50.0 50
14 -50.0 50
15 -50.0 50
16 -50.0 50
17 -50.0 50
18 -50.0 50
19 -50.0 50
20 -50.0 50
21 -50.0 50
22 -50.0 50
23 -50.0 50
24 -50.0 50
0 -50.0 50
1 -50.0 50
2 -50.0 50
3 -50.0 50
4 -16.0 16
5 -50.0 50
6 -50.0 50
7 -50.0 50
8 -50.0 50
9 -50.0 50
10 -50.0 50
11 -50.0 50
12 -50.0 50
13 -50.0 50
14 -50.0 50
15 -50.0 50
16 -44.0 44
17 -50.0 50
18 -50.0 50
19 -50.0 50
20 -50.0 50
21 -50.0 50
22 -50.0 50
23 -50.0 50
24 -50.0 50
0 -50.0 50
1 -50.0 50
2 -50.0 50
3 -50.0 50
4 -50.0 50
5 -50.0 50
6 -50.0 50
7 -50.0 50
8 -50.0 50
9 -50.0 50
10 -50.0 50
11 -50.0 50
12 -50.0 50
13 -50.0 50
14 -50.0 50
15 -30.0 30
16 -48.0 48
17 -50.0 50
18 -50.0 50
19 -50.0 50
20 -50.0 50
21 -50.0 50
22 -50.0 50
23 -50.0 50
24 -50.0 50
0 -50.0 50
1 -50.0 50
2 -50.0 50
3 -50.0 50
4 -50.0 50
5 -50.0 50
6 -50.0 50
7 -50.0 50
8 -50.0 50
9 -50.0 50
10 -37.0 37
11 -50.0 50
12 -50.0 50
13 -50.0 50
14 -50.0 50
15 -50.0 50
16 -50.0 50
17 -50.0 50
18 -50.0 50
19 -50.0 50
20 -50.0 50
21 -50.0 50
22 -50.0 50
23 -50.0 50
24 -50.0 50
0 -50.0 50
1 -50.0 50
2 -50.0 50
3 -50.0 50
4 -50.0 50
5 -50.0 50
6 -50.0 50
7 -50.0 50
8 -50.0 50
9 -27.0 27
10 -50.0 50
11 -50.0 50
12 -50.0 50
13 -50.0 50
14 -50.0 50
15 -50.0 50
16 -50.0 50
17 -50.0 50
18 -50.0 50
19 -35.0 35
20 -50.0 50
21 -50.0 50
22 -50.0 50
23 -50.0 50
24 -50.0 50
0 -50.0 50
1 -50.0 50
2 -50.0 50
3 -50.0 50
4 -50.0 50
5 -50.0 50
6 -50.0 50
7 -50.0 50
8 -50.0 50
9 -50.0 50
10 -50.0 50
11 -50.0 50
12 -50.0 50
13 -50.0 50
14 -27.0 27
15 -50.0 50
16 -50.0 50
17 -50.0 50
18 -50.0 50
19 -50.0 50
20 -50.0 50
21 -50.0 50
22 -50.0 50
23 -50.0 50
24 -50.0 50
0 -50.0 50
1 -50.0 50
2 -50.0 50
3 -50.0 50
4 -50.0 50
5 -50.0 50
6 -50.0 50
7 -50.0 50
8 -50.0 50
9 -50.0 50
10 -50.0 50
11 -50.0 50
12 -50.0 50
13 -50.0 50
14 -50.0 50
15 -50.0 50
16 -50.0 50
17 -50.0 50
18 -50.0 50
19 -50.0 50
20 -50.0 50
21 -50.0 50
22 -50.0 50
23 -50.0 50
24 -50.0 50
0 -50.0 50
1 -50.0 50
2 -50.0 50
3 -50.0 50
4 -50.0 50
5 -50.0 50
6 -50.0 50
7 -50.0 50
8 -50.0 50
9 -50.0 50
10 -50.0 50
11 -50.0 50
12 -50.0 50
13 -50.0 50
14 -50.0 50
15 -50.0 50
16 -50.0 50
17 -50.0 50
18 -50.0 50
19 -50.0 50
20 -46.0 46
21 -50.0 50
22 -50.0 50
23 -50.0 50
24 -50.0 50
0 -50.0 50
1 -50.0 50
2 -50.0 50
3 -50.0 50
4 -50.0 50
5 -50.0 50
6 -50.0 50
7 -50.0 50
8 -50.0 50
9 -50.0 50
10 -50.0 50
11 -50.0 50
12 -50.0 50
13 -50.0 50
14 -50.0 50
15 -50.0 50
16 -50.0 50
17 -50.0 50
18 -50.0 50
19 -41.0 41
20 -50.0 50
21 -50.0 50
22 -50.0 50
23 -50.0 50
24 -50.0 50
0 -50.0 50
1 -50.0 50
2 -50.0 50
3 -50.0 50
4 -50.0 50
5 -50.0 50
6 -50.0 50
7 -50.0 50
8 -50.0 50
9 -50.0 50
10 -50.0 50
11 -50.0 50
12 -50.0 50
13 -50.0 50
14 -50.0 50
15 -50.0 50
16 -50.0 50
17 -36.0 36
18 -50.0 50
19 -50.0 50
20 -50.0 50
21 -50.0 50
22 -50.0 50
23 -50.0 50
24 -36.0 36
0 -50.0 50
1 -50.0 50
2 -50.0 50
3 -50.0 50
4 -50.0 50
5 -50.0 50
6 -50.0 50
7 -50.0 50
8 -50.0 50
9 -50.0 50
10 -50.0 50
11 -50.0 50
12 -50.0 50
13 -50.0 50
14 -50.0 50
15 -50.0 50
16 -50.0 50
17 -50.0 50
18 -50.0 50
19 -43.0 43
20 -50.0 50
21 -50.0 50
22 -50.0 50
23 -50.0 50
24 -23.0 23
0 -50.0 50
1 -50.0 50
2 -50.0 50
3 -50.0 50
4 -50.0 50
5 -50.0 50
6 -50.0 50
7 -50.0 50
8 -50.0 50
9 -50.0 50
10 -50.0 50
11 -50.0 50
12 -50.0 50
13 -50.0 50
14 -50.0 50
15 -50.0 50
16 -50.0 50
17 -27.0 27
18 -50.0 50
19 -50.0 50
20 -50.0 50
21 -50.0 50
22 -50.0 50
23 -50.0 50
24 -50.0 50
0 -50.0 50
1 -50.0 50
2 -50.0 50
3 -50.0 50
4 -50.0 50
5 -50.0 50
6 -50.0 50
7 -50.0 50
8 -21.0 21
9 -50.0 50
10 -50.0 50
11 -50.0 50
12 -50.0 50
13 -50.0 50
14 -50.0 50
15 -50.0 50
16 -50.0 50
17 -50.0 50
18 -50.0 50
19 -50.0 50
20 -35.0 35
21 -50.0 50
22 -50.0 50
23 -50.0 50
24 -50.0 50
0 -50.0 50
1 -50.0 50
2 -50.0 50
3 -50.0 50
4 -50.0 50
5 -50.0 50
6 -50.0 50
7 -50.0 50
8 -50.0 50
9 -50.0 50
10 -50.0 50
11 -34.0 34
12 -50.0 50
13 -50.0 50
14 -50.0 50
15 -50.0 50
16 -50.0 50
17 -50.0 50
18 -50.0 50
19 -50.0 50
20 -50.0 50
21 -50.0 50
22 -50.0 50
23 -50.0 50
24 -50.0 50
0 -50.0 50
1 -50.0 50
2 -50.0 50
3 -50.0 50
4 -50.0 50
5 -50.0 50
6 -50.0 50
7 -50.0 50
8 -50.0 50
9 -50.0 50
10 -50.0 50
11 -50.0 50
12 -50.0 50
13 -50.0 50
14 -50.0 50
15 -50.0 50
16 -50.0 50
17 -50.0 50
18 -50.0 50
19 -50.0 50
20 -50.0 50
21 -30.0 30
22 -50.0 50
23 -50.0 50
24 -50.0 50
0 -50.0 50
1 -50.0 50
2 -50.0 50
3 -50.0 50
4 -50.0 50
5 -50.0 50
6 -50.0 50
7 -50.0 50
8 -50.0 50
9 -50.0 50
10 -50.0 50
11 -50.0 50
12 -35.0 35
13 -50.0 50
14 -50.0 50
15 -50.0 50
16 -50.0 50
17 -50.0 50
18 -50.0 50
19 -32.0 32
20 -50.0 50
21 -50.0 50
22 -50.0 50
23 -50.0 50
24 -50.0 50
0 -50.0 50
1 -50.0 50
2 -50.0 50
3 -50.0 50
4 -50.0 50
5 -50.0 50
6 -50.0 50
7 -50.0 50
8 -50.0 50
9 -50.0 50
10 -50.0 50
11 -50.0 50
12 -50.0 50
13 -50.0 50
14 -50.0 50
15 -29.0 29
16 -50.0 50
17 -50.0 50
18 -50.0 50
19 -50.0 50
20 -50.0 50
21 -50.0 50
22 -50.0 50
23 -50.0 50
24 -50.0 50
0 -50.0 50
1 -50.0 50
2 -50.0 50
3 -50.0 50
4 -50.0 50
5 -50.0 50
6 -50.0 50
7 -28.0 28
8 -50.0 50
9 -50.0 50
10 -50.0 50
11 -50.0 50
12 -50.0 50
13 -50.0 50
14 -50.0 50
15 -50.0 50
16 -50.0 50
17 -50.0 50
18 -50.0 50
19 -50.0 50
20 -50.0 50
21 -50.0 50
22 -50.0 50
23 -50.0 50
24 -50.0 50
0 -50.0 50
1 -50.0 50
2 -50.0 50
3 -50.0 50
4 -50.0 50
5 -50.0 50
6 -50.0 50
7 -18.0 18
8 -50.0 50
9 -50.0 50
10 -50.0 50
11 -50.0 50
12 -50.0 50
13 -50.0 50
14 -50.0 50
15 -50.0 50
16 -50.0 50
17 -50.0 50
18 -50.0 50
19 -50.0 50
20 -50.0 50
21 -45.0 45
22 -50.0 50
23 -50.0 50
24 -50.0 50
0 -50.0 50
1 -50.0 50
2 -50.0 50
3 -46.0 46
4 -50.0 50
5 -50.0 50
6 -50.0 50
7 -50.0 50
8 -50.0 50
9 -50.0 50
10 -50.0 50
11 -50.0 50
12 -50.0 50
13 -50.0 50
14 -50.0 50
15 -50.0 50
16 -50.0 50
17 -50.0 50
18 -50.0 50
19 -50.0 50
20 -50.0 50
21 -50.0 50
22 -50.0 50
23 -50.0 50
24 -50.0 50
0 -50.0 50
1 -50.0 50
2 -50.0 50
3 -50.0 50
4 -50.0 50
5 -50.0 50
6 -50.0 50
7 -50.0 50
8 -50.0 50
9 -50.0 50
10 -50.0 50
11 -50.0 50
12 -50.0 50
13 -50.0 50
14 -33.0 33
15 -50.0 50
16 -50.0 50
17 -50.0 50
18 -50.0 50
19 -24.0 24
20 -50.0 50
21 -50.0 50
22 -50.0 50
23 -50.0 50
24 -50.0 50
0 -36.0 36
1 -50.0 50
2 -50.0 50
3 -50.0 50
4 -50.0 50
5 -50.0 50
6 -50.0 50
7 -50.0 50
8 -50.0 50
9 -50.0 50
10 -50.0 50
11 -50.0 50
12 -50.0 50
13 -50.0 50
14 -50.0 50
15 -50.0 50
16 -50.0 50
17 -50.0 50
18 -50.0 50
19 -50.0 50
20 -50.0 50
21 -50.0 50
22 -50.0 50
23 -40.0 40
24 -50.0 50
0 -50.0 50
1 -50.0 50
2 -50.0 50
3 -50.0 50
4 -50.0 50
5 -50.0 50
6 -50.0 50
7 -50.0 50
8 -50.0 50
9 -50.0 50
10 -50.0 50
11 -50.0 50
12 -50.0 50
13 -50.0 50
14 -50.0 50
15 -50.0 50
16 -50.0 50
17 -50.0 50
18 -50.0 50
19 -18.0 18
20 -50.0 50
21 -50.0 50
22 -50.0 50
23 -50.0 50
24 -50.0 50
0 -50.0 50
1 -50.0 50
2 -50.0 50
3 -50.0 50
4 -50.0 50
5 -50.0 50
6 -50.0 50
7 -50.0 50
8 -50.0 50
9 -50.0 50
10 -48.0 48
11 -50.0 50
12 -50.0 50
13 -50.0 50
14 -50.0 50
15 -50.0 50
16 -50.0 50
17 -50.0 50
18 -50.0 50
19 -50.0 50
20 -50.0 50
21 -50.0 50
22 -50.0 50
23 -50.0 50
24 -50.0 50
0 -50.0 50
1 -50.0 50
2 -50.0 50
3 -50.0 50
4 -42.0 42
5 -50.0 50
6 -50.0 50
7 -50.0 50
8 -50.0 50
9 -50.0 50
10 -50.0 50
11 -50.0 50
12 -50.0 50
13 -50.0 50
14 -50.0 50
15 -50.0 50
16 -50.0 50
17 -50.0 50
18 -50.0 50
19 -50.0 50
20 -42.0 42
21 -50.0 50
22 -50.0 50
23 -50.0 50
24 -50.0 50
0 -50.0 50
1 -50.0 50
2 -50.0 50
3 -50.0 50
4 -50.0 50
5 -50.0 50
6 -50.0 50
7 -50.0 50
8 -50.0 50
9 -50.0 50
10 -50.0 50
11 -50.0 50
12 -50.0 50
13 -50.0 50
14 -50.0 50
15 -33.0 33
16 -50.0 50
17 -50.0 50
18 -50.0 50
19 -50.0 50
20 -50.0 50
21 -50.0 50
22 -50.0 50
23 -50.0 50
24 -50.0 50
0 -50.0 50
1 -50.0 50
2 -50.0 50
3 -50.0 50
4 -48.0 48
5 -50.0 50
6 -50.0 50
7 -50.0 50
8 -50.0 50
9 -50.0 50
10 -50.0 50
11 -50.0 50
12 -50.0 50
13 -50.0 50
14 -50.0 50
15 -50.0 50
16 -50.0 50
17 -50.0 50
18 -50.0 50
19 -50.0 50
20 -46.0 46
21 -50.0 50
22 -50.0 50
23 -50.0 50
24 -50.0 50
0 -50.0 50
1 -50.0 50
2 -50.0 50
3 -50.0 50
4 -50.0 50
5 -50.0 50
6 -50.0 50
7 -50.0 50
8 -50.0 50
9 -50.0 50
10 -50.0 50
11 -50.0 50
12 -50.0 50
13 -50.0 50
14 -50.0 50
15 -50.0 50
16 -50.0 50
17 -50.0 50
18 -50.0 50
19 -50.0 50
20 -50.0 50
21 -50.0 50
22 -50.0 50
23 -50.0 50
24 -50.0 50
0 -50.0 50
1 -50.0 50
2 -50.0 50
3 -50.0 50
4 -50.0 50
5 -50.0 50
6 -50.0 50
7 -50.0 50
8 -50.0 50
9 -50.0 50
10 -50.0 50
11 -50.0 50
12 -50.0 50
13 -50.0 50
14 -50.0 50
15 -50.0 50
16 -50.0 50
17 -50.0 50
18 -50.0 50
19 -39.0 39
20 -50.0 50
21 -50.0 50
22 -50.0 50
23 -50.0 50
24 -50.0 50
0 -50.0 50
1 -50.0 50
2 -50.0 50
3 -50.0 50
4 -50.0 50
5 -50.0 50
6 -50.0 50
7 -50.0 50
8 -50.0 50
9 -50.0 50
10 -42.0 42
11 -50.0 50
12 -50.0 50
13 -50.0 50
14 -50.0 50
15 -50.0 50
16 -50.0 50
17 -50.0 50
18 -50.0 50
19 -50.0 50
20 -50.0 50
21 -50.0 50
22 -50.0 50
23 -50.0 50
24 -50.0 50
0 -50.0 50
1 -50.0 50
2 -50.0 50
3 -50.0 50
4 -29.0 29
5 -50.0 50
6 -50.0 50
7 -50.0 50
8 -50.0 50
9 -50.0 50
10 -50.0 50
11 -50.0 50
12 -50.0 50
13 -50.0 50
14 -50.0 50
15 -50.0 50
16 -50.0 50
17 -50.0 50
18 -50.0 50
19 -50.0 50
20 -50.0 50
21 -45.0 45
22 -50.0 50
23 -50.0 50
24 -50.0 50
0 -50.0 50
1 -50.0 50
2 -50.0 50
3 -50.0 50
4 -50.0 50
5 -50.0 50
6 -50.0 50
7 -50.0 50
8 -50.0 50
9 -34.0 34
10 -50.0 50
11 -50.0 50
12 -50.0 50
13 -50.0 50
14 -50.0 50
15 -50.0 50
16 -50.0 50
17 -50.0 50
18 -47.0 47
19 -50.0 50
20 -50.0 50
21 -50.0 50
22 -50.0 50
23 -50.0 50
24 -50.0 50
0 -50.0 50
1 -50.0 50
2 -50.0 50
3 -50.0 50
4 -50.0 50
5 -50.0 50
6 -50.0 50
7 -50.0 50
8 -50.0 50
9 -50.0 50
10 -50.0 50
11 -50.0 50
12 -50.0 50
13 -50.0 50
14 -50.0 50
15 -50.0 50
16 -50.0 50
17 -50.0 50
18 -50.0 50
19 -50.0 50
20 -50.0 50
21 -50.0 50
22 -23.0 23
23 -50.0 50
24 -50.0 50
0 -50.0 50
1 -50.0 50
2 -50.0 50
3 -50.0 50
4 -50.0 50
5 -50.0 50
6 -50.0 50
7 -50.0 50
8 -50.0 50
9 -50.0 50
10 -50.0 50
11 -50.0 50
12 -50.0 50
13 -50.0 50
14 -50.0 50
15 -50.0 50
16 -50.0 50
17 -50.0 50
18 -48.0 48
19 -50.0 50
20 -50.0 50
21 -50.0 50
22 -50.0 50
23 -50.0 50
24 -28.0 28
0 -50.0 50
1 -50.0 50
2 -50.0 50
3 -50.0 50
4 -50.0 50
5 -50.0 50
6 -50.0 50
7 -50.0 50
8 -50.0 50
9 -50.0 50
10 -50.0 50
11 -50.0 50
12 -50.0 50
13 -50.0 50
14 -50.0 50
15 -50.0 50
16 -50.0 50
17 -50.0 50
18 -50.0 50
19 -50.0 50
20 -50.0 50
21 -50.0 50
22 -50.0 50
23 -50.0 50
24 -50.0 50
0 -50.0 50
1 -50.0 50
2 -50.0 50
3 -50.0 50
4 -50.0 50
5 -50.0 50
6 -50.0 50
7 -50.0 50
8 -35.0 35
9 -50.0 50
10 -50.0 50
11 -50.0 50
12 -50.0 50
13 -50.0 50
14 -50.0 50
15 -50.0 50
16 -50.0 50
17 -50.0 50
18 -50.0 50
19 -50.0 50
20 -50.0 50
21 -50.0 50
22 -50.0 50
23 -50.0 50
24 -50.0 50
0 -50.0 50
1 -50.0 50
2 -50.0 50
3 -50.0 50
4 -50.0 50
5 -50.0 50
6 -50.0 50
7 -50.0 50
8 -50.0 50
9 -50.0 50
10 -50.0 50
11 -50.0 50
12 -50.0 50
13 -50.0 50
14 -50.0 50
15 -50.0 50
16 -50.0 50
17 -50.0 50
18 -50.0 50
19 -50.0 50
20 -23.0 23
21 -50.0 50
22 -50.0 50
23 -50.0 50
24 -45.0 45
0 -50.0 50
1 -50.0 50
2 -50.0 50
3 -50.0 50
4 -50.0 50
5 -50.0 50
6 -50.0 50
7 -50.0 50
8 -50.0 50
9 -50.0 50
10 -50.0 50
11 -50.0 50
12 -50.0 50
13 -50.0 50
14 -50.0 50
15 -50.0 50
16 -50.0 50
17 -50.0 50
18 -50.0 50
19 -50.0 50
20 -50.0 50
21 -50.0 50
22 -50.0 50
23 -50.0 50
24 -50.0 50
0 -50.0 50
1 -50.0 50
2 -50.0 50
3 -50.0 50
4 -50.0 50
5 -50.0 50
6 -50.0 50
7 -50.0 50
8 -50.0 50
9 -50.0 50
10 -50.0 50
11 -50.0 50
12 -50.0 50
13 -50.0 50
14 -45.0 45
15 -50.0 50
16 -50.0 50
17 -50.0 50
18 -50.0 50
19 -50.0 50
20 -50.0 50
21 -50.0 50
22 -50.0 50
23 -50.0 50
24 -50.0 50
0 -50.0 50
1 -50.0 50
2 -50.0 50
3 -50.0 50
4 -50.0 50
5 -50.0 50
6 -50.0 50
7 -50.0 50
8 -50.0 50
9 -50.0 50
10 -50.0 50
11 -50.0 50
12 -50.0 50
13 -50.0 50
14 -50.0 50
15 -50.0 50
16 -50.0 50
17 -50.0 50
18 -34.0 34
19 -50.0 50
20 -50.0 50
21 -50.0 50
22 -50.0 50
23 -50.0 50
24 -50.0 50
0 -50.0 50
1 -50.0 50
2 -50.0 50
3 -50.0 50
4 -50.0 50
5 -50.0 50
6 -50.0 50
7 -50.0 50
8 -44.0 44
9 -50.0 50
10 -50.0 50
11 -50.0 50
12 -50.0 50
13 -50.0 50
14 -50.0 50
15 -50.0 50
16 -50.0 50
17 -47.0 47
18 -50.0 50
19 -50.0 50
20 -50.0 50
21 -50.0 50
22 -50.0 50
23 -50.0 50
24 -50.0 50
0 -50.0 50
1 -50.0 50
2 -50.0 50
3 -50.0 50
4 -50.0 50
5 -50.0 50
6 -50.0 50
7 -50.0 50
8 -50.0 50
9 -50.0 50
10 -50.0 50
11 -50.0 50
12 -50.0 50
13 -50.0 50
14 -50.0 50
15 -50.0 50
16 -50.0 50
17 -50.0 50
18 -50.0 50
19 -50.0 50
20 -28.0 28
21 -45.0 45
22 -50.0 50
23 -50.0 50
24 -50.0 50
0 -50.0 50
1 -50.0 50
2 -50.0 50
3 -50.0 50
4 -50.0 50
5 -50.0 50
6 -50.0 50
7 -50.0 50
8 -50.0 50
9 -30.0 30
10 -50.0 50
11 -50.0 50
12 -50.0 50
13 -50.0 50
14 -50.0 50
15 -50.0 50
16 -50.0 50
17 -50.0 50
18 -50.0 50
19 -50.0 50
20 -42.0 42
21 -50.0 50
22 -50.0 50
23 -50.0 50
24 -50.0 50
0 -50.0 50
1 -50.0 50
2 -50.0 50
3 -50.0 50
4 -50.0 50
5 -50.0 50
6 -50.0 50
7 -50.0 50
8 -50.0 50
9 -50.0 50
10 -22.0 22
11 -50.0 50
12 -50.0 50
13 -50.0 50
14 -50.0 50
15 -50.0 50
16 -50.0 50
17 -50.0 50
18 -50.0 50
19 -50.0 50
20 -50.0 50
21 -50.0 50
22 -50.0 50
23 -50.0 50
24 -50.0 50
0 -50.0 50
1 -50.0 50
2 -50.0 50
3 -50.0 50
4 -50.0 50
5 -50.0 50
6 -50.0 50
7 -50.0 50
8 -50.0 50
9 -50.0 50
10 -50.0 50
11 -50.0 50
12 -50.0 50
13 -50.0 50
14 -50.0 50
15 -50.0 50
16 -50.0 50
17 -38.0 38
18 -50.0 50
19 -50.0 50
20 -50.0 50
21 -50.0 50
22 -50.0 50
23 -50.0 50
24 -50.0 50
0 -50.0 50
1 -50.0 50
2 -50.0 50
3 -50.0 50
4 -50.0 50
5 -50.0 50
6 -50.0 50
7 -50.0 50
8 -50.0 50
9 -50.0 50
10 -50.0 50
11 -50.0 50
12 -50.0 50
13 -50.0 50
14 -50.0 50
15 -25.0 25
16 -50.0 50
17 -50.0 50
18 -50.0 50
19 -50.0 50
20 -50.0 50
21 -50.0 50
22 -50.0 50
23 -50.0 50
24 -50.0 50
0 -50.0 50
1 -50.0 50
2 -50.0 50
3 -50.0 50
4 -50.0 50
5 -50.0 50
6 -50.0 50
7 -50.0 50
8 -50.0 50
9 -50.0 50
10 -50.0 50
11 -50.0 50
12 -50.0 50
13 -50.0 50
14 -50.0 50
15 -50.0 50
16 -25.0 25
17 -50.0 50
18 -50.0 50
19 -50.0 50
20 -50.0 50
21 -50.0 50
22 -50.0 50
23 -50.0 50
24 -50.0 50
0 -50.0 50
1 -50.0 50
2 -50.0 50
3 -50.0 50
4 -50.0 50
5 -50.0 50
6 -50.0 50
7 -50.0 50
8 -50.0 50
9 -50.0 50
10 -50.0 50
11 -50.0 50
12 -50.0 50
13 -50.0 50
14 -50.0 50
15 -50.0 50
16 -41.0 41
17 -50.0 50
18 -50.0 50
19 -50.0 50
20 -50.0 50
21 -50.0 50
22 -50.0 50
23 -50.0 50
24 -50.0 50
0 -50.0 50
1 -50.0 50
2 -50.0 50
3 -50.0 50
4 -50.0 50
5 -50.0 50
6 -50.0 50
7 -50.0 50
8 -50.0 50
9 -50.0 50
10 -50.0 50
11 -50.0 50
12 -50.0 50
13 -21.0 21
14 -50.0 50
15 -50.0 50
16 -50.0 50
17 -50.0 50
18 -50.0 50
19 -50.0 50
20 -43.0 43
21 -50.0 50
22 -50.0 50
23 -50.0 50
24 -50.0 50
0 -50.0 50
1 -50.0 50
2 -50.0 50
3 -50.0 50
4 -50.0 50
5 -50.0 50
6 -50.0 50
7 -50.0 50
8 -50.0 50
9 -50.0 50
10 -50.0 50
11 -50.0 50
12 -50.0 50
13 -50.0 50
14 -50.0 50
15 -50.0 50
16 -50.0 50
17 -50.0 50
18 -50.0 50
19 -50.0 50
20 -50.0 50
21 -50.0 50
22 -50.0 50
23 -50.0 50
24 -50.0 50
0 -50.0 50
1 -50.0 50
2 -50.0 50
3 -50.0 50
4 -33.0 33
5 -50.0 50
6 -50.0 50
7 -50.0 50
8 -50.0 50
9 -50.0 50
10 -50.0 50
11 -50.0 50
12 -50.0 50
13 -50.0 50
14 -50.0 50
15 -50.0 50
16 -50.0 50
17 -50.0 50
18 -50.0 50
19 -50.0 50
20 -50.0 50
21 -50.0 50
22 -50.0 50
23 -47.0 47
24 -50.0 50
0 -50.0 50
1 -50.0 50
2 -50.0 50
3 -50.0 50
4 -50.0 50
5 -50.0 50
6 -50.0 50
7 -50.0 50
8 -50.0 50
9 -50.0 50
10 -50.0 50
11 -24.0 24
12 -50.0 50
13 -50.0 50
14 -50.0 50
15 -50.0 50
16 -50.0 50
17 -32.0 32
18 -50.0 50
19 -50.0 50
20 -50.0 50
21 -50.0 50
22 -50.0 50
23 -50.0 50
24 -50.0 50
0 -50.0 50
1 -50.0 50
2 -50.0 50
3 -50.0 50
4 -50.0 50
5 -50.0 50
6 -50.0 50
7 -39.0 39
8 -50.0 50
9 -50.0 50
10 -50.0 50
11 -50.0 50
12 -50.0 50
13 -50.0 50
14 -50.0 50
15 -50.0 50
16 -50.0 50
17 -50.0 50
18 -50.0 50
19 -50.0 50
20 -50.0 50
21 -50.0 50
22 -50.0 50
23 -50.0 50
24 -50.0 50
0 -50.0 50
1 -50.0 50
2 -50.0 50
3 -50.0 50
4 -34.0 34
5 -50.0 50
6 -50.0 50
7 -50.0 50
8 -50.0 50
9 -50.0 50
10 -50.0 50
11 -50.0 50
12 -50.0 50
13 -50.0 50
14 -50.0 50
15 -50.0 50
16 -50.0 50
17 -50.0 50
18 -43.0 43
19 -50.0 50
20 -50.0 50
21 -50.0 50
22 -50.0 50
23 -50.0 50
24 -50.0 50
0 -50.0 50
1 -50.0 50
2 -50.0 50
3 -50.0 50
4 -50.0 50
5 -50.0 50
6 -50.0 50
7 -50.0 50
8 -50.0 50
9 -50.0 50
10 -50.0 50
11 -50.0 50
12 -50.0 50
13 -50.0 50
14 -50.0 50
15 -50.0 50
16 -50.0 50
17 -50.0 50
18 -50.0 50
19 -50.0 50
20 -30.0 30
21 -50.0 50
22 -46.0 46
23 -50.0 50
24 -50.0 50
0 -50.0 50
1 -50.0 50
2 -50.0 50
3 -50.0 50
4 -50.0 50
5 -50.0 50
6 -50.0 50
7 -50.0 50
8 -50.0 50
9 -50.0 50
10 -50.0 50
11 -50.0 50
12 -50.0 50
13 -50.0 50
14 -50.0 50
15 -50.0 50
16 -50.0 50
17 -50.0 50
18 -50.0 50
19 -50.0 50
20 -50.0 50
21 -50.0 50
22 -50.0 50
23 -43.0 43
24 -50.0 50
0 -50.0 50
1 -50.0 50
2 -50.0 50
3 -50.0 50
4 -50.0 50
5 -50.0 50
6 -50.0 50
7 -50.0 50
8 -50.0 50
9 -35.0 35
10 -50.0 50
11 -50.0 50
12 -50.0 50
13 -50.0 50
14 -50.0 50
15 -50.0 50
16 -50.0 50
17 -50.0 50
18 -50.0 50
19 -50.0 50
20 -50.0 50
21 -50.0 50
22 -50.0 50
23 -50.0 50
24 -50.0 50
0 -50.0 50
1 -50.0 50
2 -50.0 50
3 -50.0 50
4 -37.0 37
5 -50.0 50
6 -50.0 50
7 -50.0 50
8 -50.0 50
9 -50.0 50
10 -50.0 50
11 -50.0 50
12 -50.0 50
13 -50.0 50
14 -50.0 50
15 -50.0 50
16 -50.0 50
17 -50.0 50
18 -50.0 50
19 -50.0 50
20 -50.0 50
21 -50.0 50
22 -50.0 50
23 -50.0 50
24 -26.0 26
0 -50.0 50
1 -50.0 50
2 -50.0 50
3 -50.0 50
4 -50.0 50
5 -50.0 50
6 -50.0 50
7 -50.0 50
8 -41.0 41
9 -50.0 50
10 -50.0 50
11 -50.0 50
12 -50.0 50
13 -50.0 50
14 -50.0 50
15 -50.0 50
16 -50.0 50
17 -50.0 50
18 -50.0 50
19 -50.0 50
20 -50.0 50
21 -50.0 50
22 -50.0 50
23 -50.0 50
24 -50.0 50
0 -50.0 50
1 -50.0 50
2 -50.0 50
3 -50.0 50
4 -50.0 50
5 -50.0 50
6 -50.0 50
7 -50.0 50
8 -50.0 50
9 -50.0 50
10 -50.0 50
11 -50.0 50
12 -50.0 50
13 -39.0 39
14 -50.0 50
15 -50.0 50
16 -50.0 50
17 -50.0 50
18 -50.0 50
19 -50.0 50
20 -50.0 50
21 -50.0 50
22 -50.0 50
23 -50.0 50
24 -50.0 50
0 -50.0 50
1 -50.0 50
2 -50.0 50
3 -50.0 50
4 -50.0 50
5 -50.0 50
6 -50.0 50
7 -50.0 50
8 -50.0 50
9 -48.0 48
10 -50.0 50
11 -50.0 50
12 -50.0 50
13 -50.0 50
14 -50.0 50
15 -50.0 50
16 -50.0 50
17 -50.0 50
18 -50.0 50
19 -49.0 49
20 -50.0 50
21 -50.0 50
22 -50.0 50
23 -50.0 50
24 -50.0 50
0 -50.0 50
1 -50.0 50
2 -50.0 50
3 -50.0 50
4 -50.0 50
5 -50.0 50
6 -50.0 50
7 -50.0 50
8 -50.0 50
9 -50.0 50
10 -50.0 50
11 -50.0 50
12 -50.0 50
13 -50.0 50
14 -50.0 50
15 -50.0 50
16 -50.0 50
17 -50.0 50
18 -50.0 50
19 -50.0 50
20 -35.0 35
21 -50.0 50
22 -50.0 50
23 -50.0 50
24 -50.0 50
0 -50.0 50
1 -50.0 50
2 -50.0 50
3 -50.0 50
4 -50.0 50
5 -50.0 50
6 -50.0 50
7 -50.0 50
8 -50.0 50
9 -50.0 50
10 -50.0 50
11 -50.0 50
12 -50.0 50
13 -50.0 50
14 -50.0 50
15 -50.0 50
16 -50.0 50
17 -50.0 50
18 -50.0 50
19 -50.0 50
20 -27.0 27
21 -41.0 41
22 -50.0 50
23 -50.0 50
24 -40.0 40
0 -50.0 50
1 -50.0 50
2 -50.0 50
3 -50.0 50
4 -50.0 50
5 -50.0 50
6 -50.0 50
7 -50.0 50
8 -50.0 50
9 -50.0 50
10 -50.0 50
11 -50.0 50
12 -50.0 50
13 -25.0 25
14 -50.0 50
15 -50.0 50
16 -50.0 50
17 -50.0 50
18 -50.0 50
19 -50.0 50
20 -50.0 50
21 -50.0 50
22 -50.0 50
23 -50.0 50
24 -50.0 50
0 -50.0 50
1 -50.0 50
2 -50.0 50
3 -50.0 50
4 -50.0 50
5 -50.0 50
6 -50.0 50
7 -50.0 50
8 -50.0 50
9 -50.0 50
10 -50.0 50
11 -50.0 50
12 -50.0 50
13 -50.0 50
14 -50.0 50
15 -50.0 50
16 -50.0 50
17 -50.0 50
18 -50.0 50
19 -50.0 50
20 -50.0 50
21 -50.0 50
22 -50.0 50
23 -27.0 27
24 -50.0 50
0 -50.0 50
1 -50.0 50
2 -50.0 50
3 -50.0 50
4 -50.0 50
5 -50.0 50
6 -50.0 50
7 -50.0 50
8 -36.0 36
9 -50.0 50
10 -50.0 50
11 -50.0 50
12 -50.0 50
13 -50.0 50
14 -50.0 50
15 -50.0 50
16 -50.0 50
17 -50.0 50
18 -50.0 50
19 -50.0 50
20 -50.0 50
21 -50.0 50
22 -50.0 50
23 -50.0 50
24 -50.0 50
0 -23.0 23
1 -50.0 50
2 -50.0 50
3 -50.0 50
4 -50.0 50
5 -50.0 50
6 -50.0 50
7 -50.0 50
8 -50.0 50
9 -50.0 50
10 -50.0 50
11 -50.0 50
12 -50.0 50
13 -50.0 50
14 -50.0 50
15 -50.0 50
16 -50.0 50
17 -50.0 50
18 -50.0 50
19 -50.0 50
20 -50.0 50
21 -50.0 50
22 -50.0 50
23 -50.0 50
24 -38.0 38
0 -50.0 50
1 -50.0 50
2 -50.0 50
3 -50.0 50
4 -50.0 50
5 -50.0 50
6 -50.0 50
7 -50.0 50
8 -50.0 50
9 -50.0 50
10 -50.0 50
11 -50.0 50
12 -50.0 50
13 -50.0 50
14 -50.0 50
15 -50.0 50
16 -50.0 50
17 -50.0 50
18 -50.0 50
19 -50.0 50
20 -36.0 36
21 -50.0 50
22 -50.0 50
23 -50.0 50
24 -50.0 50
0 -50.0 50
1 -50.0 50
2 -50.0 50
3 -50.0 50
4 -50.0 50
5 -50.0 50
6 -50.0 50
7 -50.0 50
8 -50.0 50
9 -50.0 50
10 -50.0 50
11 -50.0 50
12 -50.0 50
13 -40.0 40
14 -50.0 50
15 -50.0 50
16 -50.0 50
17 -50.0 50
18 -50.0 50
19 -50.0 50
20 -50.0 50
21 -50.0 50
22 -50.0 50
23 -50.0 50
24 -50.0 50
0 -50.0 50
1 -50.0 50
2 -50.0 50
3 -50.0 50
4 -50.0 50
5 -50.0 50
6 -50.0 50
7 -50.0 50
8 -50.0 50
9 -50.0 50
10 -50.0 50
11 -50.0 50
12 -50.0 50
13 -50.0 50
14 -50.0 50
15 -50.0 50
16 -50.0 50
17 -50.0 50
18 -50.0 50
19 -50.0 50
20 -50.0 50
21 -32.0 32
22 -50.0 50
23 -49.0 49
24 -50.0 50
0 -50.0 50
1 -50.0 50
2 -50.0 50
3 -50.0 50
4 -50.0 50
5 -50.0 50
6 -50.0 50
7 -50.0 50
8 -50.0 50
9 -50.0 50
10 -50.0 50
11 -50.0 50
12 -50.0 50
13 -50.0 50
14 -50.0 50
15 -50.0 50
16 -50.0 50
17 -22.0 22
18 -50.0 50
19 -50.0 50
20 -50.0 50
21 -50.0 50
22 -50.0 50
23 -50.0 50
24 -50.0 50
0 -50.0 50
1 -50.0 50
2 -50.0 50
3 -50.0 50
4 -50.0 50
5 -50.0 50
6 -50.0 50
7 -50.0 50
8 -50.0 50
9 -50.0 50
10 -50.0 50
11 -50.0 50
12 -50.0 50
13 -50.0 50
14 -50.0 50
15 -50.0 50
16 -50.0 50
17 -50.0 50
18 -50.0 50
19 -50.0 50
20 -50.0 50
21 -50.0 50
22 -50.0 50
23 -50.0 50
24 -50.0 50
0 -50.0 50
1 -50.0 50
2 -50.0 50
3 -50.0 50
4 -50.0 50
5 -50.0 50
6 -50.0 50
7 -50.0 50
8 -50.0 50
9 -50.0 50
10 -50.0 50
11 -50.0 50
12 -50.0 50
13 -50.0 50
14 -50.0 50
15 -35.0 35
16 -50.0 50
17 -50.0 50
18 -50.0 50
19 -50.0 50
20 -50.0 50
21 -50.0 50
22 -50.0 50
23 -50.0 50
24 -50.0 50
0 -50.0 50
1 -50.0 50
2 -50.0 50
3 -50.0 50
4 -50.0 50
5 -50.0 50
6 -50.0 50
7 -50.0 50
8 -50.0 50
9 -45.0 45
10 -50.0 50
11 -50.0 50
12 -50.0 50
13 -50.0 50
14 -50.0 50
15 -50.0 50
16 -50.0 50
17 -50.0 50
18 -50.0 50
19 -50.0 50
20 -50.0 50
21 -50.0 50
22 -50.0 50
23 -35.0 35
24 -50.0 50
0 -50.0 50
1 -50.0 50
2 -50.0 50
3 -50.0 50
4 -50.0 50
5 -50.0 50
6 -50.0 50
7 -50.0 50
8 -50.0 50
9 -50.0 50
10 -50.0 50
11 -43.0 43
12 -50.0 50
13 -50.0 50
14 -50.0 50
15 -50.0 50
16 -50.0 50
17 -50.0 50
18 -50.0 50
19 -50.0 50
20 -50.0 50
21 -50.0 50
22 -50.0 50
23 -50.0 50
24 -50.0 50
0 -50.0 50
1 -50.0 50
2 -50.0 50
3 -50.0 50
4 -50.0 50
5 -50.0 50
6 -50.0 50
7 -50.0 50
8 -50.0 50
9 -50.0 50
10 -50.0 50
11 -50.0 50
12 -44.0 44
13 -50.0 50
14 -50.0 50
15 -50.0 50
16 -50.0 50
17 -50.0 50
18 -50.0 50
19 -50.0 50
20 -50.0 50
21 -50.0 50
22 -50.0 50
23 -50.0 50
24 -50.0 50
0 -50.0 50
1 -50.0 50
2 -50.0 50
3 -50.0 50
4 -50.0 50
5 -50.0 50
6 -50.0 50
7 -50.0 50
8 -40.0 40
9 -50.0 50
10 -50.0 50
11 -50.0 50
12 -50.0 50
13 -50.0 50
14 -50.0 50
15 -50.0 50
16 -50.0 50
17 -50.0 50
18 -50.0 50
19 -50.0 50
20 -50.0 50
21 -50.0 50
22 -50.0 50
23 -50.0 50
24 -50.0 50
0 -50.0 50
1 -50.0 50
2 -50.0 50
3 -50.0 50
4 -50.0 50
5 -50.0 50
6 -50.0 50
7 -50.0 50
8 -50.0 50
9 -50.0 50
10 -50.0 50
11 -50.0 50
12 -50.0 50
13 -50.0 50
14 -50.0 50
15 -50.0 50
16 -36.0 36
17 -50.0 50
18 -50.0 50
19 -50.0 50
20 -50.0 50
21 -50.0 50
22 -50.0 50
23 -50.0 50
24 -50.0 50
0 -50.0 50
1 -50.0 50
2 -50.0 50
3 -32.0 32
4 -50.0 50
5 -50.0 50
6 -50.0 50
7 -50.0 50
8 -50.0 50
9 -50.0 50
10 -50.0 50
11 -50.0 50
12 -50.0 50
13 -50.0 50
14 -50.0 50
15 -50.0 50
16 -50.0 50
17 -50.0 50
18 -50.0 50
19 -50.0 50
20 -50.0 50
21 -50.0 50
22 -50.0 50
23 -50.0 50
24 -50.0 50
0 -50.0 50
1 -50.0 50
2 -50.0 50
3 -50.0 50
4 -50.0 50
5 -50.0 50
6 -50.0 50
7 -50.0 50
8 -50.0 50
9 -50.0 50
10 -50.0 50
11 -50.0 50
12 -50.0 50
13 -50.0 50
14 -50.0 50
15 -50.0 50
16 -50.0 50
17 -30.0 30
18 -50.0 50
19 -50.0 50
20 -50.0 50
21 -50.0 50
22 -50.0 50
23 -50.0 50
24 -50.0 50
0 -50.0 50
1 -50.0 50
2 -50.0 50
3 -50.0 50
4 -50.0 50
5 -50.0 50
6 -26.0 26
7 -50.0 50
8 -50.0 50
9 -50.0 50
10 -50.0 50
11 -50.0 50
12 -50.0 50
13 -50.0 50
14 -50.0 50
15 -50.0 50
16 -50.0 50
17 -50.0 50
18 -50.0 50
19 -50.0 50
20 -50.0 50
21 -50.0 50
22 -50.0 50
23 -50.0 50
24 -50.0 50
0 -50.0 50
1 -50.0 50
2 -50.0 50
3 -50.0 50
4 -50.0 50
5 -50.0 50
6 -50.0 50
7 -50.0 50
8 -50.0 50
9 -50.0 50
10 -50.0 50
11 -50.0 50
12 -50.0 50
13 -50.0 50
14 -50.0 50
15 -50.0 50
16 -50.0 50
17 -50.0 50
18 -50.0 50
19 -46.0 46
20 -50.0 50
21 -50.0 50
22 -50.0 50
23 -50.0 50
24 -50.0 50
0 -50.0 50
1 -50.0 50
2 -50.0 50
3 -50.0 50
4 -50.0 50
5 -50.0 50
6 -50.0 50
7 -50.0 50
8 -50.0 50
9 -50.0 50
10 -50.0 50
11 -50.0 50
12 -50.0 50
13 -50.0 50
14 -50.0 50
15 -50.0 50
16 -50.0 50
17 -50.0 50
18 -50.0 50
19 -50.0 50
20 -16.0 16
21 -31.0 31
22 -50.0 50
23 -50.0 50
24 -50.0 50
0 -50.0 50
1 -50.0 50
2 -50.0 50
3 -50.0 50
4 -50.0 50
5 -50.0 50
6 -50.0 50
7 -50.0 50
8 -50.0 50
9 -50.0 50
10 -50.0 50
11 -50.0 50
12 -50.0 50
13 -50.0 50
14 -50.0 50
15 -50.0 50
16 -50.0 50
17 -50.0 50
18 -50.0 50
19 -50.0 50
20 -50.0 50
21 -50.0 50
22 -50.0 50
23 -50.0 50
24 -50.0 50
0 -50.0 50
1 -50.0 50
2 -50.0 50
3 -50.0 50
4 -50.0 50
5 -50.0 50
6 -50.0 50
7 -50.0 50
8 -50.0 50
9 -50.0 50
10 -50.0 50
11 -50.0 50
12 -50.0 50
13 -50.0 50
14 -50.0 50
15 -50.0 50
16 -50.0 50
17 -50.0 50
18 -50.0 50
19 -50.0 50
20 -43.0 43
21 -50.0 50
22 -38.0 38
23 -50.0 50
24 -50.0 50
0 -50.0 50
1 -50.0 50
2 -50.0 50
3 -50.0 50
4 -50.0 50
5 -50.0 50
6 -50.0 50
7 -50.0 50
8 -50.0 50
9 -50.0 50
10 -50.0 50
11 -50.0 50
12 -32.0 32
13 -50.0 50
14 -50.0 50
15 -50.0 50
16 -36.0 36
17 -50.0 50
18 -50.0 50
19 -50.0 50
20 -50.0 50
21 -50.0 50
22 -50.0 50
23 -50.0 50
24 -50.0 50
