0 -35.0 35
1 -50.0 50
2 -50.0 50
3 -50.0 50
4 -19.0 19
5 -50.0 50
6 -17.0 17
7 -28.0 28
8 -50.0 50
9 -50.0 50
10 -29.0 29
11 -8.0 8
12 -7.0 7
13 -7.0 7
14 -7.0 7
15 -7.0 7
16 -7.0 7
17 -7.0 7
0 -50.0 50
1 -32.0 32
2 -50.0 50
3 -50.0 50
4 -36.0 36
5 -50.0 50
6 -25.0 25
7 -18.0 18
8 -13.0 13
9 -12.0 12
10 -10.0 10
11 -8.0 8
12 -25.0 25
13 -9.0 9
14 -14.0 14
15 -11.0 11
16 -7.0 7
17 -9.0 9
0 -50.0 50
1 -31.0 31
2 -50.0 50
3 -29.0 29
4 -50.0 50
5 -39.0 39
6 -40.0 40
7 -26.0 26
8 -12.0 12
9 -10.0 10
10 -27.0 27
11 -50.0 50
12 -24.0 24
13 -25.0 25
14 -13.0 13
15 -14.0 14
16 -17.0 17
17 -10.0 10
0 -50.0 50
1 -50.0 50
2 -50.0 50
3 -50.0 50
4 -38.0 38
5 -13.0 13
6 -22.0 22
7 -35.0 35
8 -41.0 41
9 -28.0 28
10 -28.0 28
11 -14.0 14
12 -7.0 7
13 -10.0 10
14 -8.0 8
15 -10.0 10
16 -7.0 7
17 -9.0 9
0 -45.0 45
1 -50.0 50
2 -50.0 50
3 -50.0 50
4 -50.0 50
5 -40.0 40
6 -24.0 24
7 -22.0 22
8 -7.0 7
9 -9.0 9
10 -17.0 17
11 -9.0 9
12 -7.0 7
13 -8.0 8
14 -8.0 8
15 -7.0 7
16 -7.0 7
17 -7.0 7
0 -50.0 50
1 -43.0 43
2 -50.0 50
3 -50.0 50
4 -10.0 10
5 -19.0 19
6 -25.0 25
7 -22.0 22
8 -50.0 50
9 -43.0 43
10 -20.0 20
11 -13.0 13
12 -25.0 25
13 -16.0 16
14 -7.0 7
15 -18.0 18
16 -7.0 7
17 -9.0 9
0 -50.0 50
1 -23.0 23
2 -50.0 50
3 -34.0 34
4 -50.0 50
5 -24.0 24
6 -50.0 50
7 -50.0 50
8 -50.0 50
9 -18.0 18
10 -11.0 11
11 -9.0 9
12 -7.0 7
13 -10.0 10
14 -13.0 13
15 -7.0 7
16 -7.0 7
17 -7.0 7
0 -50.0 50
1 -50.0 50
2 -33.0 33
3 -50.0 50
4 -39.0 39
5 -50.0 50
6 -30.0 30
7 -34.0 34
8 -24.0 24
9 -15.0 15
10 -7.0 7
11 -9.0 9
12 -11.0 11
13 -15.0 15
14 -7.0 7
15 -26.0 26
16 -25.0 25
17 -45.0 45
0 -50.0 50
1 -50.0 50
2 -50.0 50
3 -42.0 42
4 -43.0 43
5 -30.0 30
6 -39.0 39
7 -24.0 24
8 -14.0 14
9 -12.0 12
10 -7.0 7
11 -16.0 16
12 -50.0 50
13 -20.0 20
14 -10.0 10
15 -7.0 7
16 -8.0 8
17 -7.0 7
0 -50.0 50
1 -50.0 50
2 -50.0 50
3 -50.0 50
4 -28.0 28
5 -12.0 12
6 -7.0 7
7 -18.0 18
8 -27.0 27
9 -28.0 28
10 -11.0 11
11 -48.0 48
12 -38.0 38
13 -9.0 9
14 -8.0 8
15 -7.0 7
16 -8.0 8
17 -7.0 7
0 -50.0 50
1 -44.0 44
2 -50.0 50
3 -50.0 50
4 -31.0 31
5 -26.0 26
6 -14.0 14
7 -19.0 19
8 -9.0 9
9 -50.0 50
10 -50.0 50
11 -50.0 50
12 -17.0 17
13 -12.0 12
14 -12.0 12
15 -17.0 17
16 -15.0 15
17 -10.0 10
0 -50.0 50
1 -38.0 38
2 -50.0 50
3 -50.0 50
4 -50.0 50
5 -50.0 50
6 -22.0 22
7 -24.0 24
8 -12.0 12
9 -10.0 10
10 -13.0 13
11 -9.0 9
12 -11.0 11
13 -13.0 13
14 -12.0 12
15 -9.0 9
16 -7.0 7
17 -8.0 8
0 -50.0 50
1 -50.0 50
2 -43.0 43
3 -40.0 40
4 -34.0 34
5 -50.0 50
6 -32.0 32
7 -45.0 45
8 -8.0 8
9 -50.0 50
10 -14.0 14
11 -24.0 24
12 -16.0 16
13 -7.0 7
14 -7.0 7
15 -7.0 7
16 -7.0 7
17 -7.0 7
0 -50.0 50
1 -25.0 25
2 -50.0 50
3 -34.0 34
4 -48.0 48
5 -45.0 45
6 -50.0 50
7 -21.0 21
8 -50.0 50
9 -35.0 35
10 -10.0 10
11 -7.0 7
12 -10.0 10
13 -7.0 7
14 -9.0 9
15 -9.0 9
16 -7.0 7
17 -9.0 9
0 -50.0 50
1 -50.0 50
2 -18.0 18
3 -50.0 50
4 -50.0 50
5 -46.0 46
6 -16.0 16
7 -18.0 18
8 -16.0 16
9 -30.0 30
10 -28.0 28
11 -29.0 29
12 -50.0 50
13 -28.0 28
14 -50.0 50
15 -16.0 16
16 -17.0 17
17 -15.0 15
0 -50.0 50
1 -50.0 50
2 -50.0 50
3 -50.0 50
4 -50.0 50
5 -23.0 23
6 -21.0 21
7 -15.0 15
8 -23.0 23
9 -23.0 23
10 -50.0 50
11 -19.0 19
12 -37.0 37
13 -7.0 7
14 -7.0 7
15 -8.0 8
16 -8.0 8
17 -7.0 7
0 -50.0 50
1 -42.0 42
2 -50.0 50
3 -42.0 42
4 -50.0 50
5 -50.0 50
6 -41.0 41
7 -39.0 39
8 -28.0 28
9 -16.0 16
10 -13.0 13
11 -12.0 12
12 -7.0 7
13 -9.0 9
14 -7.0 7
15 -9.0 9
16 -7.0 7
17 -7.0 7
0 -50.0 50
1 -16.0 16
2 -50.0 50
3 -50.0 50
4 -50.0 50
5 -20.0 20
6 -50.0 50
7 -31.0 31
8 -26.0 26
9 -23.0 23
10 -10.0 10
11 -9.0 9
12 -10.0 10
13 -12.0 12
14 -50.0 50
15 -9.0 9
16 -10.0 10
17 -7.0 7
0 -26.0 26
1 -50.0 50
2 -50.0 50
3 -50.0 50
4 -34.0 34
5 -50.0 50
6 -33.0 33
7 -49.0 49
8 -10.0 10
9 -38.0 38
10 -11.0 11
11 -9.0 9
12 -11.0 11
13 -9.0 9
14 -13.0 13
15 -7.0 7
16 -7.0 7
17 -7.0 7
0 -50.0 50
1 -40.0 40
2 -50.0 50
3 -24.0 24
4 -42.0 42
5 -50.0 50
6 -44.0 44
7 -50.0 50
8 -24.0 24
9 -14.0 14
10 -7.0 7
11 -8.0 8
12 -8.0 8
13 -7.0 7
14 -7.0 7
15 -9.0 9
16 -7.0 7
17 -7.0 7
