0 -50.0 50
1 -40.0 40
2 -19.0 19
3 -50.0 50
4 -50.0 50
5 -50.0 50
6 -20.0 20
7 -50.0 50
8 -25.0 25
9 -14.0 14
10 -16.0 16
11 -18.0 18
12 -7.0 7
13 -7.0 7
0 -30.0 30
1 -50.0 50
2 -50.0 50
3 -50.0 50
4 -50.0 50
5 -15.0 15
6 -49.0 49
7 -17.0 17
8 -17.0 17
9 -28.0 28
10 -50.0 50
11 -26.0 26
12 -30.0 30
13 -13.0 13
0 -50.0 50
1 -50.0 50
2 -50.0 50
3 -48.0 48
4 -37.0 37
5 -16.0 16
6 -26.0 26
7 -44.0 44
8 -27.0 27
9 -42.0 42
10 -19.0 19
11 -8.0 8
12 -7.0 7
13 -12.0 12
0 -50.0 50
1 -39.0 39
2 -50.0 50
3 -50.0 50
4 -50.0 50
5 -29.0 29
6 -35.0 35
7 -37.0 37
8 -10.0 10
9 -10.0 10
10 -14.0 14
11 -13.0 13
12 -12.0 12
13 -8.0 8
0 -42.0 42
1 -50.0 50
2 -50.0 50
3 -29.0 29
4 -50.0 50
5 -50.0 50
6 -19.0 19
7 -12.0 12
8 -30.0 30
9 -13.0 13
10 -8.0 8
11 -7.0 7
12 -9.0 9
13 -7.0 7
0 -33.0 33
1 -50.0 50
2 -50.0 50
3 -50.0 50
4 -40.0 40
5 -32.0 32
6 -50.0 50
7 -33.0 33
8 -19.0 19
9 -12.0 12
10 -12.0 12
11 -8.0 8
12 -17.0 17
13 -12.0 12
0 -50.0 50
1 -42.0 42
2 -50.0 50
3 -11.0 11
4 -50.0 50
5 -50.0 50
6 -50.0 50
7 -49.0 49
8 -34.0 34
9 -17.0 17
10 -15.0 15
11 -11.0 11
12 -7.0 7
13 -7.0 7
0 -50.0 50
1 -50.0 50
2 -29.0 29
3 -50.0 50
4 -50.0 50
5 -33.0 33
6 -42.0 42
7 -39.0 39
8 -17.0 17
9 -12.0 12
10 -8.0 8
11 -13.0 13
12 -15.0 15
13 -7.0 7
0 -50.0 50
1 -34.0 34
2 -43.0 43
3 -50.0 50
4 -19.0 19
5 -50.0 50
6 -27.0 27
7 -50.0 50
8 -12.0 12
9 -14.0 14
10 -17.0 17
11 -13.0 13
12 -11.0 11
13 -7.0 7
0 -50.0 50
1 -42.0 42
2 -50.0 50
3 -50.0 50
4 -45.0 45
5 -24.0 24
6 -19.0 19
7 -26.0 26
8 -50.0 50
9 -34.0 34
10 -27.0 27
11 -50.0 50
12 -34.0 34
13 -9.0 9
0 -50.0 50
1 -50.0 50
2 -40.0 40
3 -50.0 50
4 -50.0 50
5 -44.0 44
6 -43.0 43
7 -19.0 19
8 -12.0 12
9 -8.0 8
10 -8.0 8
11 -9.0 9
12 -7.0 7
13 -8.0 8
0 -50.0 50
1 -50.0 50
2 -50.0 50
3 -30.0 30
4 -50.0 50
5 -39.0 39
6 -36.0 36
7 -32.0 32
8 -38.0 38
9 -28.0 28
10 -12.0 12
11 -21.0 21
12 -7.0 7
13 -7.0 7
0 -50.0 50
1 -50.0 50
2 -28.0 28
3 -39.0 39
4 -50.0 50
5 -26.0 26
6 -21.0 21
7 -14.0 14
8 -19.0 19
9 -25.0 25
10 -17.0 17
11 -20.0 20
12 -50.0 50
13 -23.0 23
0 -50.0 50
1 -50.0 50
2 -50.0 50
3 -50.0 50
4 -24.0 24
5 -38.0 38
6 -47.0 47
7 -24.0 24
8 -18.0 18
9 -13.0 13
10 -7.0 7
11 -12.0 12
12 -12.0 12
13 -9.0 9
0 -50.0 50
1 -50.0 50
2 -35.0 35
3 -50.0 50
4 -44.0 44
5 -50.0 50
6 -50.0 50
7 -11.0 11
8 -8.0 8
9 -13.0 13
10 -11.0 11
11 -7.0 7
12 -7.0 7
13 -9.0 9
0 -50.0 50
1 -50.0 50
2 -50.0 50
3 -48.0 48
4 -20.0 20
5 -21.0 21
6 -29.0 29
7 -29.0 29
8 -23.0 23
9 -50.0 50
10 -50.0 50
11 -24.0 24
12 -20.0 20
13 -9.0 9
0 -50.0 50
1 -50.0 50
2 -15.0 15
3 -27.0 27
4 -50.0 50
5 -50.0 50
6 -32.0 32
7 -50.0 50
8 -26.0 26
9 -14.0 14
10 -15.0 15
11 -13.0 13
12 -7.0 7
13 -7.0 7
0 -50.0 50
1 -50.0 50
2 -50.0 50
3 -50.0 50
4 -26.0 26
5 -17.0 17
6 -27.0 27
7 -50.0 50
8 -24.0 24
9 -21.0 21
10 -13.0 13
11 -12.0 12
12 -27.0 27
13 -15.0 15
0 -50.0 50
1 -50.0 50
2 -25.0 25
3 -50.0 50
4 -50.0 50
5 -50.0 50
6 -41.0 41
7 -27.0 27
8 -19.0 19
9 -14.0 14
10 -7.0 7
11 -7.0 7
12 -7.0 7
13 -7.0 7
0 -50.0 50
1 -50.0 50
2 -40.0 40
3 -38.0 38
4 -50.0 50
5 -9.0 9
6 -13.0 13
7 -22.0 22
8 -50.0 50
9 -27.0 27
10 -18.0 18
11 -32.0 32
12 -15.0 15
13 -7.0 7
