0 -50.0 50
1 -24.0 24
2 -50.0 50
3 -50.0 50
4 -10.0 10
5 -26.0 26
6 -50.0 50
7 -50.0 50
8 -24.0 24
9 -44.0 44
10 -10.0 10
11 -14.0 14
12 -12.0 12
13 -7.0 7
14 -9.0 9
15 -9.0 9
0 -35.0 35
1 -50.0 50
2 -50.0 50
3 -50.0 50
4 -31.0 31
5 -50.0 50
6 -27.0 27
7 -18.0 18
8 -50.0 50
9 -22.0 22
10 -15.0 15
11 -12.0 12
12 -12.0 12
13 -9.0 9
14 -7.0 7
15 -9.0 9
0 -50.0 50
1 -50.0 50
2 -44.0 44
3 -50.0 50
4 -48.0 48
5 -13.0 13
6 -19.0 19
7 -24.0 24
8 -50.0 50
9 -11.0 11
10 -9.0 9
11 -18.0 18
12 -11.0 11
13 -8.0 8
14 -7.0 7
15 -8.0 8
0 -50.0 50
1 -50.0 50
2 -50.0 50
3 -28.0 28
4 -36.0 36
5 -50.0 50
6 -50.0 50
7 -29.0 29
8 -36.0 36
9 -17.0 17
10 -10.0 10
11 -18.0 18
12 -9.0 9
13 -9.0 9
14 -7.0 7
15 -7.0 7
0 -50.0 50
1 -50.0 50
2 -50.0 50
3 -30.0 30
4 -49.0 49
5 -50.0 50
6 -29.0 29
7 -14.0 14
8 -50.0 50
9 -39.0 39
10 -18.0 18
11 -12.0 12
12 -12.0 12
13 -18.0 18
14 -16.0 16
15 -7.0 7
0 -50.0 50
1 -50.0 50
2 -50.0 50
3 -33.0 33
4 -30.0 30
5 -43.0 43
6 -50.0 50
7 -29.0 29
8 -19.0 19
9 -14.0 14
10 -17.0 17
11 -11.0 11
12 -14.0 14
13 -10.0 10
14 -7.0 7
15 -7.0 7
0 -26.0 26
1 -50.0 50
2 -50.0 50
3 -50.0 50
4 -50.0 50
5 -42.0 42
6 -30.0 30
7 -40.0 40
8 -14.0 14
9 -9.0 9
10 -8.0 8
11 -7.0 7
12 -11.0 11
13 -7.0 7
14 -7.0 7
15 -7.0 7
0 -50.0 50
1 -50.0 50
2 -21.0 21
3 -50.0 50
4 -50.0 50
5 -20.0 20
6 -43.0 43
7 -10.0 10
8 -24.0 24
9 -50.0 50
10 -50.0 50
11 -24.0 24
12 -13.0 13
13 -9.0 9
14 -7.0 7
15 -7.0 7
0 -50.0 50
1 -24.0 24
2 -50.0 50
3 -42.0 42
4 -50.0 50
5 -50.0 50
6 -20.0 20
7 -50.0 50
8 -7.0 7
9 -10.0 10
10 -10.0 10
11 -9.0 9
12 -28.0 28
13 -9.0 9
14 -11.0 11
15 -7.0 7
0 -50.0 50
1 -50.0 50
2 -50.0 50
3 -50.0 50
4 -17.0 17
5 -21.0 21
6 -33.0 33
7 -50.0 50
8 -32.0 32
9 -26.0 26
10 -15.0 15
11 -24.0 24
12 -16.0 16
13 -16.0 16
14 -7.0 7
15 -7.0 7
0 -41.0 41
1 -50.0 50
2 -50.0 50
3 -50.0 50
4 -50.0 50
5 -44.0 44
6 -17.0 17
7 -8.0 8
8 -13.0 13
9 -11.0 11
10 -18.0 18
11 -9.0 9
12 -9.0 9
13 -11.0 11
14 -9.0 9
15 -7.0 7
0 -50.0 50
1 -41.0 41
2 -50.0 50
3 -50.0 50
4 -34.0 34
5 -50.0 50
6 -19.0 19
7 -19.0 19
8 -13.0 13
9 -12.0 12
10 -11.0 11
11 -38.0 38
12 -25.0 25
13 -25.0 25
14 -50.0 50
15 -24.0 24
0 -50.0 50
1 -50.0 50
2 -50.0 50
3 -50.0 50
4 -32.0 32
5 -24.0 24
6 -14.0 14
7 -11.0 11
8 -11.0 11
9 -11.0 11
10 -12.0 12
11 -21.0 21
12 -50.0 50
13 -25.0 25
14 -7.0 7
15 -7.0 7
0 -50.0 50
1 -50.0 50
2 -37.0 37
3 -23.0 23
4 -50.0 50
5 -35.0 35
6 -41.0 41
7 -50.0 50
8 -48.0 48
9 -10.0 10
10 -9.0 9
11 -8.0 8
12 -11.0 11
13 -7.0 7
14 -7.0 7
15 -9.0 9
0 -25.0 25
1 -50.0 50
2 -50.0 50
3 -37.0 37
4 -50.0 50
5 -50.0 50
6 -50.0 50
7 -50.0 50
8 -21.0 21
9 -9.0 9
10 -13.0 13
11 -10.0 10
12 -7.0 7
13 -9.0 9
14 -7.0 7
15 -7.0 7
0 -49.0 49
1 -50.0 50
2 -34.0 34
3 -50.0 50
4 -50.0 50
5 -50.0 50
6 -24.0 24
7 -16.0 16
8 -11.0 11
9 -11.0 11
10 -14.0 14
11 -10.0 10
12 -17.0 17
13 -16.0 16
14 -50.0 50
15 -43.0 43
0 -50.0 50
1 -47.0 47
2 -50.0 50
3 -50.0 50
4 -50.0 50
5 -31.0 31
6 -28.0 28
7 -50.0 50
8 -12.0 12
9 -8.0 8
10 -10.0 10
11 -9.0 9
12 -7.0 7
13 -7.0 7
14 -7.0 7
15 -7.0 7
0 -15.0 15
1 -50.0 50
2 -50.0 50
3 -42.0 42
4 -48.0 48
5 -50.0 50
6 -36.0 36
7 -34.0 34
8 -50.0 50
9 -26.0 26
10 -20.0 20
11 -10.0 10
12 -7.0 7
13 -8.0 8
14 -28.0 28
15 -7.0 7
0 -50.0 50
1 -37.0 37
2 -50.0 50
3 -23.0 23
4 -50.0 50
5 -38.0 38
6 -50.0 50
7 -18.0 18
8 -13.0 13
9 -11.0 11
10 -12.0 12
11 -34.0 34
12 -26.0 26
13 -20.0 20
14 -10.0 10
15 -11.0 11
0 -50.0 50
1 -50.0 50
2 -25.0 25
3 -42.0 42
4 -32.0 32
5 -50.0 50
6 -50.0 50
7 -50.0 50
8 -11.0 11
9 -20.0 20
10 -10.0 10
11 -14.0 14
12 -12.0 12
13 -7.0 7
14 -9.0 9
15 -16.0 16
0 -50.0 50
1 -50.0 50
2 -50.0 50
3 -25.0 25
4 -50.0 50
5 -36.0 36
6 -27.0 27
7 -14.0 14
8 -9.0 9
9 -12.0 12
10 -14.0 14
11 -43.0 43
12 -28.0 28
13 -11.0 11
14 -10.0 10
15 -9.0 9
0 -50.0 50
1 -50.0 50
2 -50.0 50
3 -50.0 50
4 -50.0 50
5 -13.0 13
6 -21.0 21
7 -17.0 17
8 -50.0 50
9 -23.0 23
10 -27.0 27
11 -11.0 11
12 -23.0 23
13 -7.0 7
14 -7.0 7
15 -7.0 7
0 -28.0 28
1 -50.0 50
2 -50.0 50
3 -47.0 47
4 -50.0 50
5 -50.0 50
6 -50.0 50
7 -18.0 18
8 -13.0 13
9 -8.0 8
10 -7.0 7
11 -9.0 9
12 -9.0 9
13 -9.0 9
14 -9.0 9
15 -7.0 7
0 -50.0 50
1 -50.0 50
2 -34.0 34
3 -28.0 28
4 -50.0 50
5 -50.0 50
6 -20.0 20
7 -17.0 17
8 -19.0 19
9 -30.0 30
10 -30.0 30
11 -16.0 16
12 -10.0 10
13 -7.0 7
14 -7.0 7
15 -7.0 7
0 -50.0 50
1 -50.0 50
2 -50.0 50
3 -18.0 18
4 -50.0 50
5 -25.0 25
6 -12.0 12
7 -25.0 25
8 -28.0 28
9 -50.0 50
10 -50.0 50
11 -16.0 16
12 -10.0 10
13 -13.0 13
14 -19.0 19
15 -7.0 7
0 -50.0 50
1 -50.0 50
2 -48.0 48
3 -37.0 37
4 -50.0 50
5 -44.0 44
6 -50.0 50
7 -23.0 23
8 -7.0 7
9 -12.0 12
10 -21.0 21
11 -26.0 26
12 -16.0 16
13 -16.0 16
14 -43.0 43
15 -15.0 15
0 -50.0 50
1 -50.0 50
2 -50.0 50
3 -50.0 50
4 -50.0 50
5 -27.0 27
6 -50.0 50
7 -37.0 37
8 -17.0 17
9 -12.0 12
10 -17.0 17
11 -7.0 7
12 -9.0 9
13 -12.0 12
14 -10.0 10
15 -7.0 7
0 -50.0 50
1 -50.0 50
2 -23.0 23
3 -50.0 50
4 -50.0 50
5 -50.0 50
6 -19.0 19
7 -13.0 13
8 -50.0 50
9 -50.0 50
10 -28.0 28
11 -10.0 10
12 -9.0 9
13 -8.0 8
14 -7.0 7
15 -7.0 7
0 -50.0 50
1 -42.0 42
2 -50.0 50
3 -32.0 32
4 -50.0 50
5 -50.0 50
6 -32.0 32
7 -39.0 39
8 -17.0 17
9 -20.0 20
10 -15.0 15
11 -13.0 13
12 -7.0 7
13 -7.0 7
14 -7.0 7
15 -9.0 9
0 -50.0 50
1 -50.0 50
2 -23.0 23
3 -50.0 50
4 -50.0 50
5 -37.0 37
6 -50.0 50
7 -20.0 20
8 -17.0 17
9 -10.0 10
10 -7.0 7
11 -8.0 8
12 -9.0 9
13 -15.0 15
14 -12.0 12
15 -7.0 7
0 -50.0 50
1 -30.0 30
2 -50.0 50
3 -46.0 46
4 -50.0 50
5 -38.0 38
6 -41.0 41
7 -23.0 23
8 -11.0 11
9 -10.0 10
10 -7.0 7
11 -8.0 8
12 -8.0 8
13 -7.0 7
14 -8.0 8
15 -14.0 14
0 -30.0 30
1 -50.0 50
2 -50.0 50
3 -50.0 50
4 -36.0 36
5 -35.0 35
6 -28.0 28
7 -14.0 14
8 -12.0 12
9 -24.0 24
10 -40.0 40
11 -19.0 19
12 -14.0 14
13 -25.0 25
14 -11.0 11
15 -7.0 7
0 -43.0 43
1 -50.0 50
2 -50.0 50
3 -50.0 50
4 -15.0 15
5 -28.0 28
6 -19.0 19
7 -27.0 27
8 -50.0 50
9 -50.0 50
10 -7.0 7
11 -7.0 7
12 -9.0 9
13 -7.0 7
14 -9.0 9
15 -17.0 17
0 -44.0 44
1 -50.0 50
2 -35.0 35
3 -50.0 50
4 -37.0 37
5 -50.0 50
6 -30.0 30
7 -14.0 14
8 -18.0 18
9 -14.0 14
10 -14.0 14
11 -13.0 13
12 -9.0 9
13 -17.0 17
14 -46.0 46
15 -11.0 11
0 -50.0 50
1 -29.0 29
2 -50.0 50
3 -50.0 50
4 -46.0 46
5 -37.0 37
6 -13.0 13
7 -13.0 13
8 -15.0 15
9 -32.0 32
10 -9.0 9
11 -10.0 10
12 -10.0 10
13 -48.0 48
14 -14.0 14
15 -10.0 10
0 -50.0 50
1 -50.0 50
2 -29.0 29
3 -50.0 50
4 -50.0 50
5 -50.0 50
6 -38.0 38
7 -14.0 14
8 -14.0 14
9 -16.0 16
10 -12.0 12
11 -7.0 7
12 -7.0 7
13 -39.0 39
14 -20.0 20
15 -17.0 17
0 -50.0 50
1 -35.0 35
2 -50.0 50
3 -48.0 48
4 -46.0 46
5 -47.0 47
6 -37.0 37
7 -18.0 18
8 -13.0 13
9 -50.0 50
10 -29.0 29
11 -21.0 21
12 -8.0 8
13 -7.0 7
14 -7.0 7
15 -7.0 7
0 -50.0 50
1 -50.0 50
2 -50.0 50
3 -18.0 18
4 -50.0 50
5 -16.0 16
6 -28.0 28
7 -37.0 37
8 -37.0 37
9 -13.0 13
10 -15.0 15
11 -31.0 31
12 -18.0 18
13 -28.0 28
14 -12.0 12
15 -19.0 19
0 -50.0 50
1 -50.0 50
2 -31.0 31
3 -29.0 29
4 -50.0 50
5 -12.0 12
6 -23.0 23
7 -50.0 50
8 -50.0 50
9 -17.0 17
10 -19.0 19
11 -20.0 20
12 -14.0 14
13 -7.0 7
14 -7.0 7
15 -8.0 8
0 -32.0 32
1 -50.0 50
2 -50.0 50
3 -50.0 50
4 -19.0 19
5 -50.0 50
6 -28.0 28
7 -21.0 21
8 -35.0 35
9 -23.0 23
10 -9.0 9
11 -10.0 10
12 -9.0 9
13 -7.0 7
14 -7.0 7
15 -7.0 7
0 -50.0 50
1 -50.0 50
2 -50.0 50
3 -25.0 25
4 -26.0 26
5 -34.0 34
6 -50.0 50
7 -31.0 31
8 -27.0 27
9 -17.0 17
10 -12.0 12
11 -11.0 11
12 -9.0 9
13 -8.0 8
14 -7.0 7
15 -9.0 9
0 -36.0 36
1 -50.0 50
2 -50.0 50
3 -42.0 42
4 -50.0 50
5 -19.0 19
6 -50.0 50
7 -33.0 33
8 -13.0 13
9 -9.0 9
10 -9.0 9
11 -10.0 10
12 -21.0 21
13 -14.0 14
14 -9.0 9
15 -8.0 8
0 -50.0 50
1 -41.0 41
2 -50.0 50
3 -50.0 50
4 -37.0 37
5 -50.0 50
6 -26.0 26
7 -15.0 15
8 -14.0 14
9 -9.0 9
10 -7.0 7
11 -11.0 11
12 -16.0 16
13 -10.0 10
14 -14.0 14
15 -15.0 15
0 -50.0 50
1 -50.0 50
2 -27.0 27
3 -50.0 50
4 -29.0 29
5 -41.0 41
6 -36.0 36
7 -50.0 50
8 -15.0 15
9 -18.0 18
10 -12.0 12
11 -7.0 7
12 -9.0 9
13 -7.0 7
14 -48.0 48
15 -9.0 9
0 -50.0 50
1 -50.0 50
2 -50.0 50
3 -40.0 40
4 -32.0 32
5 -31.0 31
6 -26.0 26
7 -15.0 15
8 -27.0 27
9 -50.0 50
10 -14.0 14
11 -9.0 9
12 -11.0 11
13 -7.0 7
14 -8.0 8
15 -11.0 11
0 -50.0 50
1 -42.0 42
2 -50.0 50
3 -50.0 50
4 -50.0 50
5 -50.0 50
6 -43.0 43
7 -15.0 15
8 -14.0 14
9 -11.0 11
10 -8.0 8
11 -11.0 11
12 -13.0 13
13 -7.0 7
14 -9.0 9
15 -12.0 12
0 -50.0 50
1 -50.0 50
2 -42.0 42
3 -50.0 50
4 -50.0 50
5 -50.0 50
6 -15.0 15
7 -17.0 17
8 -13.0 13
9 -10.0 10
10 -9.0 9
11 -9.0 9
12 -17.0 17
13 -33.0 33
14 -7.0 7
15 -7.0 7
0 -30.0 30
1 -50.0 50
2 -50.0 50
3 -50.0 50
4 -50.0 50
5 -50.0 50
6 -36.0 36
7 -20.0 20
8 -16.0 16
9 -7.0 7
10 -9.0 9
11 -10.0 10
12 -14.0 14
13 -7.0 7
14 -7.0 7
15 -9.0 9
0 -50.0 50
1 -50.0 50
2 -50.0 50
3 -22.0 22
4 -35.0 35
5 -50.0 50
6 -41.0 41
7 -19.0 19
8 -32.0 32
9 -24.0 24
10 -13.0 13
11 -11.0 11
12 -20.0 20
13 -9.0 9
14 -13.0 13
15 -12.0 12
0 -50.0 50
1 -50.0 50
2 -50.0 50
3 -38.0 38
4 -16.0 16
5 -50.0 50
6 -50.0 50
7 -26.0 26
8 -28.0 28
9 -13.0 13
10 -44.0 44
11 -12.0 12
12 -7.0 7
13 -7.0 7
14 -7.0 7
15 -7.0 7
0 -50.0 50
1 -50.0 50
2 -50.0 50
3 -50.0 50
4 -35.0 35
5 -13.0 13
6 -24.0 24
7 -23.0 23
8 -29.0 29
9 -11.0 11
10 -9.0 9
11 -14.0 14
12 -10.0 10
13 -12.0 12
14 -8.0 8
15 -21.0 21
0 -50.0 50
1 -42.0 42
2 -50.0 50
3 -50.0 50
4 -9.0 9
5 -34.0 34
6 -50.0 50
7 -50.0 50
8 -12.0 12
9 -11.0 11
10 -28.0 28
11 -13.0 13
12 -9.0 9
13 -15.0 15
14 -12.0 12
15 -9.0 9
0 -35.0 35
1 -50.0 50
2 -50.0 50
3 -50.0 50
4 -25.0 25
5 -50.0 50
6 -48.0 48
7 -29.0 29
8 -9.0 9
9 -9.0 9
10 -12.0 12
11 -13.0 13
12 -7.0 7
13 -7.0 7
14 -7.0 7
15 -7.0 7
0 -50.0 50
1 -50.0 50
2 -50.0 50
3 -48.0 48
4 -46.0 46
5 -35.0 35
6 -19.0 19
7 -49.0 49
8 -33.0 33
9 -21.0 21
10 -31.0 31
11 -20.0 20
12 -14.0 14
13 -13.0 13
14 -12.0 12
15 -11.0 11
0 -50.0 50
1 -50.0 50
2 -50.0 50
3 -26.0 26
4 -50.0 50
5 -47.0 47
6 -36.0 36
7 -26.0 26
8 -26.0 26
9 -25.0 25
10 -18.0 18
11 -50.0 50
12 -14.0 14
13 -13.0 13
14 -10.0 10
15 -12.0 12
0 -50.0 50
1 -50.0 50
2 -38.0 38
3 -36.0 36
4 -39.0 39
5 -21.0 21
6 -49.0 49
7 -50.0 50
8 -40.0 40
9 -39.0 39
10 -7.0 7
11 -9.0 9
12 -7.0 7
13 -7.0 7
14 -33.0 33
15 -7.0 7
0 -50.0 50
1 -50.0 50
2 -50.0 50
3 -31.0 31
4 -50.0 50
5 -50.0 50
6 -22.0 22
7 -9.0 9
8 -11.0 11
9 -12.0 12
10 -9.0 9
11 -8.0 8
12 -10.0 10
13 -18.0 18
14 -12.0 12
15 -7.0 7
0 -50.0 50
1 -47.0 47
2 -50.0 50
3 -50.0 50
4 -50.0 50
5 -50.0 50
6 -37.0 37
7 -38.0 38
8 -14.0 14
9 -10.0 10
10 -9.0 9
11 -10.0 10
12 -7.0 7
13 -9.0 9
14 -10.0 10
15 -7.0 7
0 -50.0 50
1 -28.0 28
2 -50.0 50
3 -50.0 50
4 -50.0 50
5 -35.0 35
6 -37.0 37
7 -43.0 43
8 -10.0 10
9 -10.0 10
10 -7.0 7
11 -8.0 8
12 -7.0 7
13 -7.0 7
14 -8.0 8
15 -11.0 11
0 -50.0 50
1 -50.0 50
2 -50.0 50
3 -50.0 50
4 -50.0 50
5 -8.0 8
6 -25.0 25
7 -12.0 12
8 -20.0 20
9 -50.0 50
10 -42.0 42
11 -23.0 23
12 -7.0 7
13 -7.0 7
14 -9.0 9
15 -7.0 7
0 -50.0 50
1 -50.0 50
2 -50.0 50
3 -50.0 50
4 -19.0 19
5 -50.0 50
6 -18.0 18
7 -21.0 21
8 -20.0 20
9 -15.0 15
10 -9.0 9
11 -9.0 9
12 -9.0 9
13 -13.0 13
14 -13.0 13
15 -15.0 15
0 -50.0 50
1 -50.0 50
2 -50.0 50
3 -21.0 21
4 -34.0 34
5 -42.0 42
6 -50.0 50
7 -38.0 38
8 -30.0 30
9 -12.0 12
10 -35.0 35
11 -7.0 7
12 -11.0 11
13 -12.0 12
14 -10.0 10
15 -7.0 7
0 -50.0 50
1 -50.0 50
2 -40.0 40
3 -50.0 50
4 -35.0 35
5 -50.0 50
6 -16.0 16
7 -22.0 22
8 -27.0 27
9 -50.0 50
10 -50.0 50
11 -17.0 17
12 -8.0 8
13 -8.0 8
14 -9.0 9
15 -13.0 13
0 -50.0 50
1 -50.0 50
2 -50.0 50
3 -35.0 35
4 -50.0 50
5 -50.0 50
6 -16.0 16
7 -13.0 13
8 -29.0 29
9 -50.0 50
10 -41.0 41
11 -9.0 9
12 -7.0 7
13 -8.0 8
14 -8.0 8
15 -7.0 7
0 -50.0 50
1 -50.0 50
2 -50.0 50
3 -27.0 27
4 -42.0 42
5 -20.0 20
6 -50.0 50
7 -50.0 50
8 -8.0 8
9 -12.0 12
10 -22.0 22
11 -13.0 13
12 -9.0 9
13 -9.0 9
14 -7.0 7
15 -10.0 10
0 -50.0 50
1 -40.0 40
2 -50.0 50
3 -50.0 50
4 -50.0 50
5 -26.0 26
6 -50.0 50
7 -13.0 13
8 -9.0 9
9 -8.0 8
10 -9.0 9
11 -8.0 8
12 -11.0 11
13 -17.0 17
14 -22.0 22
15 -7.0 7
0 -43.0 43
1 -50.0 50
2 -50.0 50
3 -32.0 32
4 -50.0 50
5 -33.0 33
6 -50.0 50
7 -50.0 50
8 -28.0 28
9 -7.0 7
10 -8.0 8
11 -7.0 7
12 -11.0 11
13 -8.0 8
14 -11.0 11
15 -10.0 10
0 -50.0 50
1 -50.0 50
2 -20.0 20
3 -50.0 50
4 -50.0 50
5 -10.0 10
6 -42.0 42
7 -38.0 38
8 -50.0 50
9 -22.0 22
10 -50.0 50
11 -45.0 45
12 -11.0 11
13 -10.0 10
14 -10.0 10
15 -12.0 12
0 -50.0 50
1 -50.0 50
2 -27.0 27
3 -50.0 50
4 -36.0 36
5 -26.0 26
6 -50.0 50
7 -50.0 50
8 -36.0 36
9 -23.0 23
10 -15.0 15
11 -11.0 11
12 -9.0 9
13 -8.0 8
14 -9.0 9
15 -15.0 15
0 -50.0 50
1 -50.0 50
2 -50.0 50
3 -14.0 14
4 -50.0 50
5 -50.0 50
6 -34.0 34
7 -12.0 12
8 -7.0 7
9 -7.0 7
10 -8.0 8
11 -9.0 9
12 -27.0 27
13 -20.0 20
14 -26.0 26
15 -9.0 9
0 -50.0 50
1 -50.0 50
2 -23.0 23
3 -50.0 50
4 -50.0 50
5 -31.0 31
6 -23.0 23
7 -50.0 50
8 -43.0 43
9 -32.0 32
10 -47.0 47
11 -16.0 16
12 -9.0 9
13 -10.0 10
14 -11.0 11
15 -11.0 11
0 -50.0 50
1 -29.0 29
2 -50.0 50
3 -50.0 50
4 -43.0 43
5 -50.0 50
6 -17.0 17
7 -10.0 10
8 -8.0 8
9 -24.0 24
10 -16.0 16
11 -15.0 15
12 -15.0 15
13 -12.0 12
14 -12.0 12
15 -12.0 12
0 -50.0 50
1 -50.0 50
2 -23.0 23
3 -22.0 22
4 -50.0 50
5 -50.0 50
6 -41.0 41
7 -27.0 27
8 -43.0 43
9 -21.0 21
10 -19.0 19
11 -12.0 12
12 -10.0 10
13 -16.0 16
14 -7.0 7
15 -7.0 7
0 -50.0 50
1 -45.0 45
2 -50.0 50
3 -50.0 50
4 -50.0 50
5 -38.0 38
6 -16.0 16
7 -8.0 8
8 -10.0 10
9 -18.0 18
10 -7.0 7
11 -15.0 15
12 -10.0 10
13 -7.0 7
14 -10.0 10
15 -7.0 7
0 -50.0 50
1 -50.0 50
2 -22.0 22
3 -50.0 50
4 -41.0 41
5 -50.0 50
6 -19.0 19
7 -19.0 19
8 -50.0 50
9 -46.0 46
10 -28.0 28
11 -17.0 17
12 -7.0 7
13 -7.0 7
14 -7.0 7
15 -7.0 7
0 -50.0 50
1 -50.0 50
2 -50.0 50
3 -38.0 38
4 -50.0 50
5 -9.0 9
6 -17.0 17
7 -38.0 38
8 -20.0 20
9 -18.0 18
10 -45.0 45
11 -23.0 23
12 -7.0 7
13 -7.0 7
14 -20.0 20
15 -7.0 7
0 -48.0 48
1 -50.0 50
2 -50.0 50
3 -34.0 34
4 -32.0 32
5 -50.0 50
6 -28.0 28
7 -19.0 19
8 -28.0 28
9 -13.0 13
10 -10.0 10
11 -7.0 7
12 -9.0 9
13 -10.0 10
14 -9.0 9
15 -7.0 7
0 -50.0 50
1 -50.0 50
2 -50.0 50
3 -44.0 44
4 -29.0 29
5 -12.0 12
6 -18.0 18
7 -50.0 50
8 -21.0 21
9 -25.0 25
10 -44.0 44
11 -25.0 25
12 -19.0 19
13 -14.0 14
14 -9.0 9
15 -10.0 10
0 -50.0 50
1 -50.0 50
2 -42.0 42
3 -50.0 50
4 -48.0 48
5 -10.0 10
6 -13.0 13
7 -7.0 7
8 -15.0 15
9 -19.0 19
10 -50.0 50
11 -36.0 36
12 -50.0 50
13 -42.0 42
14 -13.0 13
15 -12.0 12
0 -50.0 50
1 -13.0 13
2 -50.0 50
3 -50.0 50
4 -50.0 50
5 -14.0 14
6 -25.0 25
7 -50.0 50
8 -25.0 25
9 -7.0 7
10 -23.0 23
11 -7.0 7
12 -8.0 8
13 -17.0 17
14 -18.0 18
15 -9.0 9
0 -43.0 43
1 -50.0 50
2 -50.0 50
3 -23.0 23
4 -40.0 40
5 -50.0 50
6 -45.0 45
7 -31.0 31
8 -44.0 44
9 -19.0 19
10 -15.0 15
11 -7.0 7
12 -7.0 7
13 -7.0 7
14 -7.0 7
15 -7.0 7
0 -50.0 50
1 -50.0 50
2 -36.0 36
3 -36.0 36
4 -50.0 50
5 -44.0 44
6 -20.0 20
7 -50.0 50
8 -35.0 35
9 -17.0 17
10 -9.0 9
11 -10.0 10
12 -9.0 9
13 -7.0 7
14 -9.0 9
15 -11.0 11
0 -50.0 50
1 -50.0 50
2 -14.0 14
3 -26.0 26
4 -42.0 42
5 -50.0 50
6 -22.0 22
7 -50.0 50
8 -38.0 38
9 -33.0 33
10 -19.0 19
11 -8.0 8
12 -9.0 9
13 -7.0 7
14 -7.0 7
15 -9.0 9
0 -50.0 50
1 -50.0 50
2 -50.0 50
3 -43.0 43
4 -50.0 50
5 -40.0 40
6 -14.0 14
7 -7.0 7
8 -8.0 8
9 -11.0 11
10 -9.0 9
11 -21.0 21
12 -11.0 11
13 -9.0 9
14 -7.0 7
15 -7.0 7
0 -50.0 50
1 -48.0 48
2 -50.0 50
3 -20.0 20
4 -50.0 50
5 -41.0 41
6 -50.0 50
7 -31.0 31
8 -24.0 24
9 -10.0 10
10 -11.0 11
11 -12.0 12
12 -10.0 10
13 -10.0 10
14 -11.0 11
15 -7.0 7
0 -50.0 50
1 -50.0 50
2 -37.0 37
3 -32.0 32
4 -50.0 50
5 -50.0 50
6 -35.0 35
7 -31.0 31
8 -15.0 15
9 -15.0 15
10 -42.0 42
11 -10.0 10
12 -12.0 12
13 -12.0 12
14 -10.0 10
15 -9.0 9
0 -50.0 50
1 -25.0 25
2 -50.0 50
3 -50.0 50
4 -25.0 25
5 -50.0 50
6 -37.0 37
7 -36.0 36
8 -18.0 18
9 -50.0 50
10 -16.0 16
11 -13.0 13
12 -11.0 11
13 -12.0 12
14 -12.0 12
15 -12.0 12
0 -27.0 27
1 -50.0 50
2 -48.0 48
3 -50.0 50
4 -50.0 50
5 -50.0 50
6 -20.0 20
7 -15.0 15
8 -12.0 12
9 -12.0 12
10 -12.0 12
11 -7.0 7
12 -50.0 50
13 -17.0 17
14 -8.0 8
15 -7.0 7
0 -50.0 50
1 -50.0 50
2 -50.0 50
3 -50.0 50
4 -28.0 28
5 -50.0 50
6 -19.0 19
7 -27.0 27
8 -16.0 16
9 -50.0 50
10 -24.0 24
11 -7.0 7
12 -7.0 7
13 -18.0 18
14 -7.0 7
15 -13.0 13
0 -37.0 37
1 -50.0 50
2 -50.0 50
3 -30.0 30
4 -50.0 50
5 -50.0 50
6 -15.0 15
7 -14.0 14
8 -15.0 15
9 -14.0 14
10 -12.0 12
11 -11.0 11
12 -11.0 11
13 -11.0 11
14 -50.0 50
15 -50.0 50
0 -50.0 50
1 -50.0 50
2 -47.0 47
3 -50.0 50
4 -50.0 50
5 -50.0 50
6 -18.0 18
7 -14.0 14
8 -17.0 17
9 -22.0 22
10 -15.0 15
11 -8.0 8
12 -9.0 9
13 -9.0 9
14 -16.0 16
15 -17.0 17
0 -50.0 50
1 -50.0 50
2 -50.0 50
3 -50.0 50
4 -18.0 18
5 -25.0 25
6 -50.0 50
7 -35.0 35
8 -18.0 18
9 -17.0 17
10 -15.0 15
11 -21.0 21
12 -9.0 9
13 -7.0 7
14 -7.0 7
15 -7.0 7
0 -50.0 50
1 -50.0 50
2 -50.0 50
3 -12.0 12
4 -40.0 40
5 -50.0 50
6 -50.0 50
7 -16.0 16
8 -30.0 30
9 -19.0 19
10 -18.0 18
11 -11.0 11
12 -7.0 7
13 -9.0 9
14 -7.0 7
15 -7.0 7
0 -50.0 50
1 -50.0 50
2 -44.0 44
3 -50.0 50
4 -43.0 43
5 -47.0 47
6 -28.0 28
7 -39.0 39
8 -10.0 10
9 -11.0 11
10 -33.0 33
11 -13.0 13
12 -14.0 14
13 -19.0 19
14 -10.0 10
15 -7.0 7
0 -50.0 50
1 -50.0 50
2 -50.0 50
3 -49.0 49
4 -50.0 50
5 -36.0 36
6 -20.0 20
7 -12.0 12
8 -31.0 31
9 -21.0 21
10 -9.0 9
11 -12.0 12
12 -12.0 12
13 -7.0 7
14 -7.0 7
15 -9.0 9
0 -50.0 50
1 -50.0 50
2 -50.0 50
3 -28.0 28
4 -41.0 41
5 -25.0 25
6 -25.0 25
7 -42.0 42
8 -30.0 30
9 -24.0 24
10 -19.0 19
11 -7.0 7
12 -9.0 9
13 -14.0 14
14 -50.0 50
15 -7.0 7
0 -12.0 12
1 -50.0 50
2 -50.0 50
3 -50.0 50
4 -50.0 50
5 -23.0 23
6 -40.0 40
7 -50.0 50
8 -18.0 18
9 -12.0 12
10 -14.0 14
11 -10.0 10
12 -10.0 10
13 -7.0 7
14 -19.0 19
15 -14.0 14
0 -50.0 50
1 -38.0 38
2 -25.0 25
3 -50.0 50
4 -50.0 50
5 -43.0 43
6 -47.0 47
7 -23.0 23
8 -11.0 11
9 -10.0 10
10 -12.0 12
11 -19.0 19
12 -15.0 15
13 -38.0 38
14 -20.0 20
15 -11.0 11
0 -26.0 26
1 -50.0 50
2 -50.0 50
3 -50.0 50
4 -24.0 24
5 -39.0 39
6 -50.0 50
7 -50.0 50
8 -23.0 23
9 -20.0 20
10 -10.0 10
11 -13.0 13
12 -10.0 10
13 -14.0 14
14 -20.0 20
15 -7.0 7
0 -50.0 50
1 -27.0 27
2 -50.0 50
3 -17.0 17
4 -42.0 42
5 -50.0 50
6 -28.0 28
7 -50.0 50
8 -12.0 12
9 -17.0 17
10 -10.0 10
11 -8.0 8
12 -20.0 20
13 -7.0 7
14 -7.0 7
15 -9.0 9
