0 -50.0 50
1 -50.0 50
2 -41.0 41
3 -44.0 44
4 -50.0 50
5 -39.0 39
6 -19.0 19
7 -19.0 19
8 -50.0 50
9 -13.0 13
10 -11.0 11
11 -7.0 7
12 -8.0 8
13 -10.0 10
14 -9.0 9
15 -15.0 15
16 -8.0 8
17 -10.0 10
18 -7.0 7
19 -9.0 9
20 -7.0 7
21 -7.0 7
22 -7.0 7
23 -7.0 7
24 -7.0 7
25 -7.0 7
0 -50.0 50
1 -40.0 40
2 -50.0 50
3 -50.0 50
4 -23.0 23
5 -50.0 50
6 -50.0 50
7 -17.0 17
8 -43.0 43
9 -17.0 17
10 -12.0 12
11 -8.0 8
12 -12.0 12
13 -32.0 32
14 -14.0 14
15 -7.0 7
16 -7.0 7
17 -7.0 7
18 -7.0 7
19 -10.0 10
20 -9.0 9
21 -7.0 7
22 -7.0 7
23 -11.0 11
24 -7.0 7
25 -7.0 7
0 -50.0 50
1 -29.0 29
2 -40.0 40
3 -50.0 50
4 -50.0 50
5 -50.0 50
6 -26.0 26
7 -46.0 46
8 -50.0 50
9 -21.0 21
10 -11.0 11
11 -12.0 12
12 -8.0 8
13 -7.0 7
14 -7.0 7
15 -8.0 8
16 -7.0 7
17 -12.0 12
18 -7.0 7
19 -10.0 10
20 -7.0 7
21 -7.0 7
22 -7.0 7
23 -7.0 7
24 -7.0 7
25 -7.0 7
0 -50.0 50
1 -22.0 22
2 -50.0 50
3 -50.0 50
4 -50.0 50
5 -45.0 45
6 -24.0 24
7 -10.0 10
8 -8.0 8
9 -15.0 15
10 -16.0 16
11 -10.0 10
12 -9.0 9
13 -11.0 11
14 -12.0 12
15 -7.0 7
16 -10.0 10
17 -8.0 8
18 -34.0 34
19 -17.0 17
20 -9.0 9
21 -8.0 8
22 -8.0 8
23 -7.0 7
24 -7.0 7
25 -7.0 7
0 -50.0 50
1 -50.0 50
2 -36.0 36
3 -50.0 50
4 -37.0 37
5 -32.0 32
6 -50.0 50
7 -50.0 50
8 -18.0 18
9 -17.0 17
10 -10.0 10
11 -15.0 15
12 -19.0 19
13 -7.0 7
14 -7.0 7
15 -8.0 8
16 -8.0 8
17 -9.0 9
18 -7.0 7
19 -8.0 8
20 -8.0 8
21 -7.0 7
22 -9.0 9
23 -7.0 7
24 -8.0 8
25 -7.0 7
0 -50.0 50
1 -50.0 50
2 -47.0 47
3 -32.0 32
4 -21.0 21
5 -50.0 50
6 -50.0 50
7 -22.0 22
8 -9.0 9
9 -12.0 12
10 -23.0 23
11 -7.0 7
12 -35.0 35
13 -8.0 8
14 -7.0 7
15 -7.0 7
16 -9.0 9
17 -8.0 8
18 -8.0 8
19 -7.0 7
20 -7.0 7
21 -7.0 7
22 -7.0 7
23 -10.0 10
24 -10.0 10
25 -12.0 12
0 -50.0 50
1 -50.0 50
2 -50.0 50
3 -30.0 30
4 -50.0 50
5 -16.0 16
6 -33.0 33
7 -27.0 27
8 -32.0 32
9 -15.0 15
10 -13.0 13
11 -10.0 10
12 -26.0 26
13 -11.0 11
14 -8.0 8
15 -8.0 8
16 -22.0 22
17 -20.0 20
18 -16.0 16
19 -20.0 20
20 -13.0 13
21 -7.0 7
22 -7.0 7
23 -7.0 7
24 -7.0 7
25 -7.0 7
0 -20.0 20
1 -50.0 50
2 -22.0 22
3 -50.0 50
4 -50.0 50
5 -50.0 50
6 -50.0 50
7 -36.0 36
8 -9.0 9
9 -18.0 18
10 -19.0 19
11 -50.0 50
12 -19.0 19
13 -10.0 10
14 -12.0 12
15 -8.0 8
16 -7.0 7
17 -7.0 7
18 -8.0 8
19 -8.0 8
20 -7.0 7
21 -11.0 11
22 -7.0 7
23 -7.0 7
24 -7.0 7
25 -7.0 7
0 -40.0 40
1 -50.0 50
2 -50.0 50
3 -50.0 50
4 -50.0 50
5 -29.0 29
6 -16.0 16
7 -20.0 20
8 -12.0 12
9 -7.0 7
10 -11.0 11
11 -11.0 11
12 -9.0 9
13 -15.0 15
14 -43.0 43
15 -18.0 18
16 -13.0 13
17 -7.0 7
18 -10.0 10
19 -10.0 10
20 -10.0 10
21 -11.0 11
22 -8.0 8
23 -7.0 7
24 -7.0 7
25 -7.0 7
0 -50.0 50
1 -50.0 50
2 -50.0 50
3 -49.0 49
4 -24.0 24
5 -26.0 26
6 -50.0 50
7 -11.0 11
8 -9.0 9
9 -11.0 11
10 -25.0 25
11 -21.0 21
12 -13.0 13
13 -10.0 10
14 -7.0 7
15 -7.0 7
16 -16.0 16
17 -7.0 7
18 -7.0 7
19 -7.0 7
20 -8.0 8
21 -24.0 24
22 -9.0 9
23 -7.0 7
24 -7.0 7
25 -7.0 7
0 -50.0 50
1 -50.0 50
2 -50.0 50
3 -50.0 50
4 -30.0 30
5 -31.0 31
6 -26.0 26
7 -38.0 38
8 -13.0 13
9 -8.0 8
10 -9.0 9
11 -7.0 7
12 -14.0 14
13 -9.0 9
14 -11.0 11
15 -14.0 14
16 -50.0 50
17 -34.0 34
18 -16.0 16
19 -10.0 10
20 -16.0 16
21 -9.0 9
22 -7.0 7
23 -7.0 7
24 -7.0 7
25 -9.0 9
0 -50.0 50
1 -50.0 50
2 -24.0 24
3 -50.0 50
4 -25.0 25
5 -42.0 42
6 -50.0 50
7 -31.0 31
8 -16.0 16
9 -14.0 14
10 -11.0 11
11 -46.0 46
12 -18.0 18
13 -11.0 11
14 -42.0 42
15 -12.0 12
16 -11.0 11
17 -7.0 7
18 -7.0 7
19 -19.0 19
20 -7.0 7
21 -7.0 7
22 -7.0 7
23 -7.0 7
24 -7.0 7
25 -7.0 7
0 -50.0 50
1 -19.0 19
2 -50.0 50
3 -50.0 50
4 -18.0 18
5 -33.0 33
6 -50.0 50
7 -24.0 24
8 -20.0 20
9 -12.0 12
10 -17.0 17
11 -50.0 50
12 -10.0 10
13 -8.0 8
14 -9.0 9
15 -16.0 16
16 -20.0 20
17 -11.0 11
18 -7.0 7
19 -7.0 7
20 -8.0 8
21 -7.0 7
22 -7.0 7
23 -7.0 7
24 -9.0 9
25 -7.0 7
0 -36.0 36
1 -50.0 50
2 -50.0 50
3 -50.0 50
4 -50.0 50
5 -33.0 33
6 -19.0 19
7 -10.0 10
8 -9.0 9
9 -7.0 7
10 -20.0 20
11 -17.0 17
12 -11.0 11
13 -8.0 8
14 -7.0 7
15 -9.0 9
16 -9.0 9
17 -8.0 8
18 -7.0 7
19 -9.0 9
20 -7.0 7
21 -8.0 8
22 -7.0 7
23 -7.0 7
24 -7.0 7
25 -9.0 9
0 -50.0 50
1 -50.0 50
2 -50.0 50
3 -19.0 19
4 -50.0 50
5 -22.0 22
6 -50.0 50
7 -50.0 50
8 -25.0 25
9 -10.0 10
10 -10.0 10
11 -9.0 9
12 -13.0 13
13 -15.0 15
14 -7.0 7
15 -7.0 7
16 -8.0 8
17 -11.0 11
18 -13.0 13
19 -10.0 10
20 -9.0 9
21 -14.0 14
22 -21.0 21
23 -11.0 11
24 -13.0 13
25 -7.0 7
0 -50.0 50
1 -50.0 50
2 -50.0 50
3 -50.0 50
4 -29.0 29
5 -50.0 50
6 -14.0 14
7 -10.0 10
8 -13.0 13
9 -20.0 20
10 -14.0 14
11 -21.0 21
12 -50.0 50
13 -8.0 8
14 -8.0 8
15 -7.0 7
16 -7.0 7
17 -8.0 8
18 -7.0 7
19 -7.0 7
20 -7.0 7
21 -7.0 7
22 -9.0 9
23 -7.0 7
24 -7.0 7
25 -7.0 7
0 -19.0 19
1 -50.0 50
2 -50.0 50
3 -50.0 50
4 -50.0 50
5 -26.0 26
6 -33.0 33
7 -50.0 50
8 -41.0 41
9 -14.0 14
10 -17.0 17
11 -16.0 16
12 -9.0 9
13 -7.0 7
14 -8.0 8
15 -7.0 7
16 -7.0 7
17 -7.0 7
18 -8.0 8
19 -8.0 8
20 -7.0 7
21 -7.0 7
22 -7.0 7
23 -7.0 7
24 -7.0 7
25 -7.0 7
0 -50.0 50
1 -50.0 50
2 -50.0 50
3 -47.0 47
4 -27.0 27
5 -50.0 50
6 -42.0 42
7 -19.0 19
8 -13.0 13
9 -11.0 11
10 -9.0 9
11 -8.0 8
12 -13.0 13
13 -7.0 7
14 -7.0 7
15 -9.0 9
16 -10.0 10
17 -7.0 7
18 -8.0 8
19 -12.0 12
20 -12.0 12
21 -7.0 7
22 -7.0 7
23 -7.0 7
24 -8.0 8
25 -7.0 7
0 -50.0 50
1 -50.0 50
2 -50.0 50
3 -27.0 27
4 -50.0 50
5 -26.0 26
6 -32.0 32
7 -24.0 24
8 -50.0 50
9 -15.0 15
10 -10.0 10
11 -40.0 40
12 -12.0 12
13 -9.0 9
14 -8.0 8
15 -12.0 12
16 -9.0 9
17 -7.0 7
18 -9.0 9
19 -7.0 7
20 -8.0 8
21 -7.0 7
22 -7.0 7
23 -7.0 7
24 -7.0 7
25 -7.0 7
0 -50.0 50
1 -50.0 50
2 -35.0 35
3 -30.0 30
4 -50.0 50
5 -50.0 50
6 -33.0 33
7 -31.0 31
8 -13.0 13
9 -17.0 17
10 -33.0 33
11 -30.0 30
12 -8.0 8
13 -7.0 7
14 -7.0 7
15 -8.0 8
16 -7.0 7
17 -10.0 10
18 -18.0 18
19 -26.0 26
20 -11.0 11
21 -7.0 7
22 -7.0 7
23 -7.0 7
24 -7.0 7
25 -7.0 7
0 -50.0 50
1 -50.0 50
2 -50.0 50
3 -50.0 50
4 -50.0 50
5 -50.0 50
6 -20.0 20
7 -20.0 20
8 -7.0 7
9 -8.0 8
10 -7.0 7
11 -8.0 8
12 -13.0 13
13 -24.0 24
14 -15.0 15
15 -18.0 18
16 -7.0 7
17 -8.0 8
18 -7.0 7
19 -8.0 8
20 -7.0 7
21 -7.0 7
22 -7.0 7
23 -7.0 7
24 -7.0 7
25 -7.0 7
0 -50.0 50
1 -50.0 50
2 -49.0 49
3 -50.0 50
4 -22.0 22
5 -42.0 42
6 -32.0 32
7 -16.0 16
8 -19.0 19
9 -50.0 50
10 -18.0 18
11 -7.0 7
12 -7.0 7
13 -22.0 22
14 -20.0 20
15 -9.0 9
16 -7.0 7
17 -7.0 7
18 -11.0 11
19 -7.0 7
20 -7.0 7
21 -7.0 7
22 -8.0 8
23 -7.0 7
24 -7.0 7
25 -7.0 7
0 -47.0 47
1 -50.0 50
2 -50.0 50
3 -42.0 42
4 -29.0 29
5 -38.0 38
6 -12.0 12
7 -10.0 10
8 -50.0 50
9 -44.0 44
10 -50.0 50
11 -34.0 34
12 -20.0 20
13 -9.0 9
14 -9.0 9
15 -7.0 7
16 -7.0 7
17 -10.0 10
18 -7.0 7
19 -8.0 8
20 -7.0 7
21 -8.0 8
22 -7.0 7
23 -7.0 7
24 -7.0 7
25 -7.0 7
0 -50.0 50
1 -50.0 50
2 -41.0 41
3 -19.0 19
4 -40.0 40
5 -50.0 50
6 -21.0 21
7 -36.0 36
8 -7.0 7
9 -7.0 7
10 -7.0 7
11 -14.0 14
12 -7.0 7
13 -23.0 23
14 -9.0 9
15 -7.0 7
16 -9.0 9
17 -7.0 7
18 -8.0 8
19 -7.0 7
20 -7.0 7
21 -8.0 8
22 -13.0 13
23 -32.0 32
24 -7.0 7
25 -7.0 7
0 -37.0 37
1 -50.0 50
2 -50.0 50
3 -50.0 50
4 -10.0 10
5 -21.0 21
6 -50.0 50
7 -39.0 39
8 -17.0 17
9 -12.0 12
10 -13.0 13
11 -14.0 14
12 -37.0 37
13 -18.0 18
14 -10.0 10
15 -11.0 11
16 -8.0 8
17 -11.0 11
18 -7.0 7
19 -7.0 7
20 -12.0 12
21 -10.0 10
22 -7.0 7
23 -7.0 7
24 -7.0 7
25 -7.0 7
0 -50.0 50
1 -50.0 50
2 -50.0 50
3 -50.0 50
4 -19.0 19
5 -50.0 50
6 -36.0 36
7 -14.0 14
8 -20.0 20
9 -15.0 15
10 -7.0 7
11 -13.0 13
12 -22.0 22
13 -19.0 19
14 -22.0 22
15 -10.0 10
16 -19.0 19
17 -14.0 14
18 -13.0 13
19 -8.0 8
20 -7.0 7
21 -7.0 7
22 -7.0 7
23 -7.0 7
24 -7.0 7
25 -7.0 7
0 -50.0 50
1 -50.0 50
2 -50.0 50
3 -19.0 19
4 -47.0 47
5 -39.0 39
6 -50.0 50
7 -14.0 14
8 -11.0 11
9 -7.0 7
10 -12.0 12
11 -17.0 17
12 -11.0 11
13 -10.0 10
14 -9.0 9
15 -9.0 9
16 -34.0 34
17 -28.0 28
18 -13.0 13
19 -10.0 10
20 -7.0 7
21 -7.0 7
22 -7.0 7
23 -7.0 7
24 -7.0 7
25 -7.0 7
0 -50.0 50
1 -49.0 49
2 -50.0 50
3 -43.0 43
4 -50.0 50
5 -50.0 50
6 -13.0 13
7 -11.0 11
8 -13.0 13
9 -11.0 11
10 -10.0 10
11 -7.0 7
12 -8.0 8
13 -19.0 19
14 -25.0 25
15 -12.0 12
16 -7.0 7
17 -8.0 8
18 -8.0 8
19 -9.0 9
20 -7.0 7
21 -8.0 8
22 -7.0 7
23 -7.0 7
24 -7.0 7
25 -7.0 7
0 -50.0 50
1 -41.0 41
2 -41.0 41
3 -50.0 50
4 -50.0 50
5 -26.0 26
6 -50.0 50
7 -23.0 23
8 -11.0 11
9 -50.0 50
10 -22.0 22
11 -8.0 8
12 -10.0 10
13 -7.0 7
14 -11.0 11
15 -9.0 9
16 -13.0 13
17 -10.0 10
18 -9.0 9
19 -12.0 12
20 -7.0 7
21 -7.0 7
22 -7.0 7
23 -16.0 16
24 -12.0 12
25 -7.0 7
0 -50.0 50
1 -24.0 24
2 -35.0 35
3 -50.0 50
4 -50.0 50
5 -45.0 45
6 -50.0 50
7 -14.0 14
8 -9.0 9
9 -15.0 15
10 -50.0 50
11 -22.0 22
12 -15.0 15
13 -16.0 16
14 -10.0 10
15 -7.0 7
16 -7.0 7
17 -9.0 9
18 -12.0 12
19 -11.0 11
20 -7.0 7
21 -7.0 7
22 -7.0 7
23 -7.0 7
24 -9.0 9
25 -7.0 7
0 -50.0 50
1 -44.0 44
2 -50.0 50
3 -50.0 50
4 -34.0 34
5 -50.0 50
6 -21.0 21
7 -23.0 23
8 -22.0 22
9 -16.0 16
10 -7.0 7
11 -14.0 14
12 -7.0 7
13 -9.0 9
14 -10.0 10
15 -8.0 8
16 -8.0 8
17 -9.0 9
18 -7.0 7
19 -9.0 9
20 -8.0 8
21 -9.0 9
22 -8.0 8
23 -7.0 7
24 -8.0 8
25 -7.0 7
0 -50.0 50
1 -30.0 30
2 -50.0 50
3 -50.0 50
4 -12.0 12
5 -29.0 29
6 -50.0 50
7 -19.0 19
8 -20.0 20
9 -17.0 17
10 -50.0 50
11 -12.0 12
12 -11.0 11
13 -12.0 12
14 -11.0 11
15 -13.0 13
16 -11.0 11
17 -13.0 13
18 -10.0 10
19 -21.0 21
20 -7.0 7
21 -7.0 7
22 -7.0 7
23 -7.0 7
24 -7.0 7
25 -7.0 7
0 -50.0 50
1 -50.0 50
2 -50.0 50
3 -45.0 45
4 -50.0 50
5 -25.0 25
6 -21.0 21
7 -43.0 43
8 -25.0 25
9 -11.0 11
10 -9.0 9
11 -7.0 7
12 -9.0 9
13 -11.0 11
14 -12.0 12
15 -7.0 7
16 -12.0 12
17 -15.0 15
18 -20.0 20
19 -8.0 8
20 -7.0 7
21 -7.0 7
22 -7.0 7
23 -7.0 7
24 -7.0 7
25 -7.0 7
0 -50.0 50
1 -29.0 29
2 -50.0 50
3 -50.0 50
4 -50.0 50
5 -41.0 41
6 -13.0 13
7 -7.0 7
8 -22.0 22
9 -12.0 12
10 -50.0 50
11 -42.0 42
12 -12.0 12
13 -12.0 12
14 -10.0 10
15 -13.0 13
16 -9.0 9
17 -10.0 10
18 -16.0 16
19 -8.0 8
20 -9.0 9
21 -8.0 8
22 -7.0 7
23 -7.0 7
24 -7.0 7
25 -7.0 7
0 -50.0 50
1 -50.0 50
2 -26.0 26
3 -50.0 50
4 -50.0 50
5 -36.0 36
6 -50.0 50
7 -7.0 7
8 -9.0 9
9 -11.0 11
10 -11.0 11
11 -13.0 13
12 -15.0 15
13 -14.0 14
14 -16.0 16
15 -50.0 50
16 -7.0 7
17 -8.0 8
18 -7.0 7
19 -8.0 8
20 -7.0 7
21 -9.0 9
22 -8.0 8
23 -8.0 8
24 -7.0 7
25 -7.0 7
0 -50.0 50
1 -50.0 50
2 -50.0 50
3 -50.0 50
4 -45.0 45
5 -33.0 33
6 -28.0 28
7 -14.0 14
8 -25.0 25
9 -34.0 34
10 -21.0 21
11 -12.0 12
12 -14.0 14
13 -15.0 15
14 -8.0 8
15 -16.0 16
16 -12.0 12
17 -7.0 7
18 -15.0 15
19 -15.0 15
20 -7.0 7
21 -8.0 8
22 -7.0 7
23 -8.0 8
24 -7.0 7
25 -7.0 7
0 -50.0 50
1 -50.0 50
2 -50.0 50
3 -50.0 50
4 -38.0 38
5 -50.0 50
6 -15.0 15
7 -15.0 15
8 -20.0 20
9 -32.0 32
10 -25.0 25
11 -8.0 8
12 -8.0 8
13 -8.0 8
14 -9.0 9
15 -9.0 9
16 -12.0 12
17 -17.0 17
18 -12.0 12
19 -7.0 7
20 -9.0 9
21 -8.0 8
22 -12.0 12
23 -9.0 9
24 -7.0 7
25 -7.0 7
0 -50.0 50
1 -50.0 50
2 -50.0 50
3 -50.0 50
4 -27.0 27
5 -15.0 15
6 -50.0 50
7 -16.0 16
8 -16.0 16
9 -16.0 16
10 -13.0 13
11 -28.0 28
12 -35.0 35
13 -11.0 11
14 -11.0 11
15 -7.0 7
16 -8.0 8
17 -7.0 7
18 -7.0 7
19 -7.0 7
20 -7.0 7
21 -8.0 8
22 -8.0 8
23 -9.0 9
24 -7.0 7
25 -12.0 12
0 -49.0 49
1 -50.0 50
2 -50.0 50
3 -22.0 22
4 -50.0 50
5 -20.0 20
6 -30.0 30
7 -50.0 50
8 -31.0 31
9 -32.0 32
10 -20.0 20
11 -11.0 11
12 -11.0 11
13 -34.0 34
14 -23.0 23
15 -14.0 14
16 -33.0 33
17 -8.0 8
18 -30.0 30
19 -25.0 25
20 -13.0 13
21 -9.0 9
22 -7.0 7
23 -7.0 7
24 -7.0 7
25 -7.0 7
0 -50.0 50
1 -50.0 50
2 -50.0 50
3 -50.0 50
4 -50.0 50
5 -50.0 50
6 -35.0 35
7 -26.0 26
8 -16.0 16
9 -11.0 11
10 -7.0 7
11 -7.0 7
12 -9.0 9
13 -12.0 12
14 -8.0 8
15 -8.0 8
16 -8.0 8
17 -14.0 14
18 -12.0 12
19 -12.0 12
20 -8.0 8
21 -10.0 10
22 -14.0 14
23 -7.0 7
24 -7.0 7
25 -7.0 7
