0 -50.0 50
1 -50.0 50
2 -50.0 50
3 -43.0 43
4 -34.0 34
5 -16.0 16
6 -21.0 21
7 -50.0 50
8 -24.0 24
9 -15.0 15
0 -50.0 50
1 -50.0 50
2 -50.0 50
3 -23.0 23
4 -50.0 50
5 -50.0 50
6 -20.0 20
7 -17.0 17
8 -9.0 9
9 -7.0 7
0 -50.0 50
1 -50.0 50
2 -50.0 50
3 -14.0 14
4 -22.0 22
5 -35.0 35
6 -25.0 25
7 -45.0 45
8 -18.0 18
9 -11.0 11
0 -40.0 40
1 -50.0 50
2 -50.0 50
3 -18.0 18
4 -50.0 50
5 -50.0 50
6 -50.0 50
7 -50.0 50
8 -25.0 25
9 -12.0 12
0 -50.0 50
1 -50.0 50
2 -45.0 45
3 -28.0 28
4 -50.0 50
5 -50.0 50
6 -20.0 20
7 -50.0 50
8 -34.0 34
9 -29.0 29
0 -34.0 34
1 -50.0 50
2 -50.0 50
3 -12.0 12
4 -50.0 50
5 -50.0 50
6 -32.0 32
7 -40.0 40
8 -15.0 15
9 -9.0 9
0 -50.0 50
1 -50.0 50
2 -29.0 29
3 -37.0 37
4 -50.0 50
5 -23.0 23
6 -50.0 50
7 -50.0 50
8 -23.0 23
9 -10.0 10
0 -29.0 29
1 -50.0 50
2 -50.0 50
3 -50.0 50
4 -50.0 50
5 -42.0 42
6 -38.0 38
7 -24.0 24
8 -8.0 8
9 -14.0 14
0 -50.0 50
1 -28.0 28
2 -50.0 50
3 -33.0 33
4 -50.0 50
5 -50.0 50
6 -31.0 31
7 -17.0 17
8 -30.0 30
9 -14.0 14
0 -50.0 50
1 -50.0 50
2 -50.0 50
3 -24.0 24
4 -44.0 44
5 -50.0 50
6 -15.0 15
7 -30.0 30
8 -45.0 45
9 -16.0 16
0 -35.0 35
1 -50.0 50
2 -34.0 34
3 -50.0 50
4 -50.0 50
5 -50.0 50
6 -13.0 13
7 -11.0 11
8 -40.0 40
9 -50.0 50
0 -50.0 50
1 -37.0 37
2 -50.0 50
3 -29.0 29
4 -40.0 40
5 -50.0 50
6 -9.0 9
7 -10.0 10
8 -50.0 50
9 -27.0 27
0 -50.0 50
1 -50.0 50
2 -20.0 20
3 -45.0 45
4 -50.0 50
5 -50.0 50
6 -23.0 23
7 -30.0 30
8 -14.0 14
9 -14.0 14
0 -50.0 50
1 -50.0 50
2 -16.0 16
3 -38.0 38
4 -50.0 50
5 -50.0 50
6 -34.0 34
7 -28.0 28
8 -10.0 10
9 -9.0 9
0 -50.0 50
1 -34.0 34
2 -46.0 46
3 -50.0 50
4 -30.0 30
5 -50.0 50
6 -50.0 50
7 -37.0 37
8 -21.0 21
9 -19.0 19
0 -50.0 50
1 -50.0 50
2 -50.0 50
3 -41.0 41
4 -50.0 50
5 -15.0 15
6 -33.0 33
7 -17.0 17
8 -8.0 8
9 -14.0 14
0 -50.0 50
1 -41.0 41
2 -50.0 50
3 -21.0 21
4 -35.0 35
5 -50.0 50
6 -50.0 50
7 -45.0 45
8 -26.0 26
9 -9.0 9
0 -50.0 50
1 -41.0 41
2 -50.0 50
3 -47.0 47
4 -50.0 50
5 -37.0 37
6 -8.0 8
7 -8.0 8
8 -16.0 16
9 -10.0 10
0 -50.0 50
1 -50.0 50
2 -50.0 50
3 -50.0 50
4 -16.0 16
5 -33.0 33
6 -39.0 39
7 -38.0 38
8 -36.0 36
9 -32.0 32
0 -50.0 50
1 -45.0 45
2 -50.0 50
3 -22.0 22
4 -50.0 50
5 -50.0 50
6 -43.0 43
7 -36.0 36
8 -30.0 30
9 -17.0 17
0 -50.0 50
1 -50.0 50
2 -50.0 50
3 -50.0 50
4 -11.0 11
5 -21.0 21
6 -22.0 22
7 -50.0 50
8 -50.0 50
9 -47.0 47
0 -50.0 50
1 -50.0 50
2 -50.0 50
3 -44.0 44
4 -50.0 50
5 -31.0 31
6 -22.0 22
7 -15.0 15
8 -12.0 12
9 -23.0 23
0 -50.0 50
1 -50.0 50
2 -42.0 42
3 -50.0 50
4 -45.0 45
5 -44.0 44
6 -19.0 19
7 -13.0 13
8 -18.0 18
9 -7.0 7
0 -50.0 50
1 -50.0 50
2 -50.0 50
3 -45.0 45
4 -23.0 23
5 -28.0 28
6 -50.0 50
7 -18.0 18
8 -24.0 24
9 -28.0 28
0 -50.0 50
1 -50.0 50
2 -27.0 27
3 -37.0 37
4 -50.0 50
5 -36.0 36
6 -50.0 50
7 -20.0 20
8 -43.0 43
9 -24.0 24
0 -36.0 36
1 -50.0 50
2 -50.0 50
3 -50.0 50
4 -32.0 32
5 -50.0 50
6 -44.0 44
7 -27.0 27
8 -15.0 15
9 -12.0 12
0 -50.0 50
1 -50.0 50
2 -50.0 50
3 -50.0 50
4 -26.0 26
5 -50.0 50
6 -50.0 50
7 -21.0 21
8 -26.0 26
9 -17.0 17
0 -50.0 50
1 -34.0 34
2 -46.0 46
3 -50.0 50
4 -50.0 50
5 -44.0 44
6 -31.0 31
7 -28.0 28
8 -23.0 23
9 -7.0 7
0 -50.0 50
1 -50.0 50
2 -34.0 34
3 -40.0 40
4 -35.0 35
5 -50.0 50
6 -17.0 17
7 -18.0 18
8 -14.0 14
9 -50.0 50
0 -29.0 29
1 -50.0 50
2 -50.0 50
3 -50.0 50
4 -32.0 32
5 -50.0 50
6 -26.0 26
7 -44.0 44
8 -17.0 17
9 -30.0 30
0 -50.0 50
1 -50.0 50
2 -28.0 28
3 -27.0 27
4 -50.0 50
5 -50.0 50
6 -29.0 29
7 -15.0 15
8 -9.0 9
9 -11.0 11
0 -50.0 50
1 -43.0 43
2 -50.0 50
3 -50.0 50
4 -44.0 44
5 -50.0 50
6 -12.0 12
7 -11.0 11
8 -9.0 9
9 -11.0 11
0 -25.0 25
1 -50.0 50
2 -50.0 50
3 -44.0 44
4 -50.0 50
5 -50.0 50
6 -20.0 20
7 -44.0 44
8 -50.0 50
9 -12.0 12
0 -26.0 26
1 -50.0 50
2 -50.0 50
3 -50.0 50
4 -13.0 13
5 -50.0 50
6 -50.0 50
7 -23.0 23
8 -9.0 9
9 -21.0 21
0 -50.0 50
1 -42.0 42
2 -50.0 50
3 -19.0 19
4 -50.0 50
5 -45.0 45
6 -41.0 41
7 -28.0 28
8 -25.0 25
9 -50.0 50
0 -50.0 50
1 -44.0 44
2 -50.0 50
3 -50.0 50
4 -50.0 50
5 -42.0 42
6 -50.0 50
7 -25.0 25
8 -26.0 26
9 -7.0 7
0 -50.0 50
1 -35.0 35
2 -50.0 50
3 -45.0 45
4 -16.0 16
5 -32.0 32
6 -50.0 50
7 -25.0 25
8 -50.0 50
9 -24.0 24
0 -50.0 50
1 -50.0 50
2 -50.0 50
3 -15.0 15
4 -50.0 50
5 -38.0 38
6 -33.0 33
7 -12.0 12
8 -50.0 50
9 -12.0 12
0 -50.0 50
1 -19.0 19
2 -50.0 50
3 -50.0 50
4 -40.0 40
5 -50.0 50
6 -32.0 32
7 -17.0 17
8 -19.0 19
9 -28.0 28
0 -50.0 50
1 -50.0 50
2 -50.0 50
3 -39.0 39
4 -50.0 50
5 -50.0 50
6 -30.0 30
7 -21.0 21
8 -31.0 31
9 -18.0 18
0 -50.0 50
1 -28.0 28
2 -39.0 39
3 -50.0 50
4 -50.0 50
5 -50.0 50
6 -50.0 50
7 -35.0 35
8 -11.0 11
9 -8.0 8
0 -50.0 50
1 -50.0 50
2 -27.0 27
3 -50.0 50
4 -24.0 24
5 -32.0 32
6 -50.0 50
7 -50.0 50
8 -21.0 21
9 -50.0 50
0 -50.0 50
1 -50.0 50
2 -38.0 38
3 -50.0 50
4 -50.0 50
5 -30.0 30
6 -16.0 16
7 -11.0 11
8 -9.0 9
9 -30.0 30
0 -23.0 23
1 -50.0 50
2 -50.0 50
3 -50.0 50
4 -49.0 49
5 -49.0 49
6 -27.0 27
7 -50.0 50
8 -42.0 42
9 -25.0 25
0 -50.0 50
1 -41.0 41
2 -50.0 50
3 -19.0 19
4 -50.0 50
5 -50.0 50
6 -46.0 46
7 -17.0 17
8 -8.0 8
9 -7.0 7
0 -30.0 30
1 -50.0 50
2 -50.0 50
3 -27.0 27
4 -50.0 50
5 -50.0 50
6 -33.0 33
7 -50.0 50
8 -18.0 18
9 -9.0 9
0 -50.0 50
1 -50.0 50
2 -50.0 50
3 -50.0 50
4 -50.0 50
5 -28.0 28
6 -34.0 34
7 -34.0 34
8 -16.0 16
9 -33.0 33
0 -50.0 50
1 -44.0 44
2 -34.0 34
3 -50.0 50
4 -50.0 50
5 -39.0 39
6 -27.0 27
7 -25.0 25
8 -26.0 26
9 -17.0 17
0 -50.0 50
1 -50.0 50
2 -14.0 14
3 -50.0 50
4 -34.0 34
5 -50.0 50
6 -38.0 38
7 -21.0 21
8 -43.0 43
9 -22.0 22
0 -47.0 47
1 -50.0 50
2 -48.0 48
3 -50.0 50
4 -41.0 41
5 -32.0 32
6 -21.0 21
7 -50.0 50
8 -50.0 50
9 -28.0 28
0 -50.0 50
1 -50.0 50
2 -42.0 42
3 -50.0 50
4 -50.0 50
5 -35.0 35
6 -23.0 23
7 -17.0 17
8 -21.0 21
9 -50.0 50
0 -50.0 50
1 -50.0 50
2 -27.0 27
3 -50.0 50
4 -50.0 50
5 -50.0 50
6 -34.0 34
7 -34.0 34
8 -30.0 30
9 -7.0 7
0 -34.0 34
1 -50.0 50
2 -50.0 50
3 -25.0 25
4 -50.0 50
5 -50.0 50
6 -35.0 35
7 -41.0 41
8 -13.0 13
9 -11.0 11
0 -50.0 50
1 -50.0 50
2 -50.0 50
3 -50.0 50
4 -13.0 13
5 -31.0 31
6 -32.0 32
7 -50.0 50
8 -17.0 17
9 -11.0 11
0 -50.0 50
1 -50.0 50
2 -28.0 28
3 -50.0 50
4 -50.0 50
5 -50.0 50
6 -50.0 50
7 -50.0 50
8 -22.0 22
9 -17.0 17
0 -50.0 50
1 -29.0 29
2 -50.0 50
3 -30.0 30
4 -50.0 50
5 -35.0 35
6 -50.0 50
7 -44.0 44
8 -21.0 21
9 -12.0 12
0 -33.0 33
1 -50.0 50
2 -50.0 50
3 -50.0 50
4 -50.0 50
5 -50.0 50
6 -29.0 29
7 -11.0 11
8 -24.0 24
9 -12.0 12
0 -50.0 50
1 -41.0 41
2 -50.0 50
3 -27.0 27
4 -23.0 23
5 -50.0 50
6 -50.0 50
7 -50.0 50
8 -15.0 15
9 -7.0 7
0 -50.0 50
1 -32.0 32
2 -50.0 50
3 -50.0 50
4 -18.0 18
5 -50.0 50
6 -21.0 21
7 -38.0 38
8 -39.0 39
9 -12.0 12
0 -50.0 50
1 -50.0 50
2 -50.0 50
3 -25.0 25
4 -46.0 46
5 -41.0 41
6 -24.0 24
7 -21.0 21
8 -15.0 15
9 -50.0 50
0 -50.0 50
1 -28.0 28
2 -50.0 50
3 -41.0 41
4 -50.0 50
5 -30.0 30
6 -50.0 50
7 -32.0 32
8 -20.0 20
9 -10.0 10
0 -50.0 50
1 -50.0 50
2 -50.0 50
3 -50.0 50
4 -26.0 26
5 -20.0 20
6 -17.0 17
7 -15.0 15
8 -15.0 15
9 -26.0 26
0 -50.0 50
1 -50.0 50
2 -36.0 36
3 -50.0 50
4 -50.0 50
5 -50.0 50
6 -50.0 50
7 -32.0 32
8 -21.0 21
9 -27.0 27
0 -35.0 35
1 -50.0 50
2 -50.0 50
3 -50.0 50
4 -50.0 50
5 -47.0 47
6 -34.0 34
7 -28.0 28
8 -50.0 50
9 -19.0 19
0 -50.0 50
1 -10.0 10
2 -50.0 50
3 -50.0 50
4 -50.0 50
5 -21.0 21
6 -43.0 43
7 -48.0 48
8 -50.0 50
9 -13.0 13
0 -50.0 50
1 -24.0 24
2 -50.0 50
3 -50.0 50
4 -40.0 40
5 -20.0 20
6 -50.0 50
7 -39.0 39
8 -27.0 27
9 -9.0 9
0 -50.0 50
1 -50.0 50
2 -50.0 50
3 -40.0 40
4 -50.0 50
5 -28.0 28
6 -45.0 45
7 -17.0 17
8 -10.0 10
9 -11.0 11
0 -21.0 21
1 -50.0 50
2 -50.0 50
3 -45.0 45
4 -50.0 50
5 -50.0 50
6 -23.0 23
7 -12.0 12
8 -12.0 12
9 -10.0 10
0 -50.0 50
1 -50.0 50
2 -50.0 50
3 -33.0 33
4 -49.0 49
5 -7.0 7
6 -8.0 8
7 -36.0 36
8 -13.0 13
9 -11.0 11
0 -50.0 50
1 -43.0 43
2 -50.0 50
3 -50.0 50
4 -33.0 33
5 -43.0 43
6 -50.0 50
7 -50.0 50
8 -34.0 34
9 -14.0 14
0 -50.0 50
1 -50.0 50
2 -36.0 36
3 -50.0 50
4 -50.0 50
5 -43.0 43
6 -13.0 13
7 -50.0 50
8 -44.0 44
9 -7.0 7
0 -50.0 50
1 -50.0 50
2 -41.0 41
3 -50.0 50
4 -50.0 50
5 -39.0 39
6 -22.0 22
7 -16.0 16
8 -12.0 12
9 -11.0 11
0 -50.0 50
1 -50.0 50
2 -30.0 30
3 -50.0 50
4 -9.0 9
5 -31.0 31
6 -50.0 50
7 -27.0 27
8 -12.0 12
9 -9.0 9
0 -50.0 50
1 -50.0 50
2 -44.0 44
3 -50.0 50
4 -44.0 44
5 -27.0 27
6 -36.0 36
7 -50.0 50
8 -19.0 19
9 -7.0 7
0 -50.0 50
1 -50.0 50
2 -50.0 50
3 -23.0 23
4 -50.0 50
5 -42.0 42
6 -50.0 50
7 -48.0 48
8 -25.0 25
9 -7.0 7
0 -50.0 50
1 -50.0 50
2 -50.0 50
3 -47.0 47
4 -49.0 49
5 -8.0 8
6 -10.0 10
7 -30.0 30
8 -13.0 13
9 -10.0 10
0 -50.0 50
1 -50.0 50
2 -50.0 50
3 -50.0 50
4 -50.0 50
5 -14.0 14
6 -25.0 25
7 -25.0 25
8 -42.0 42
9 -8.0 8
0 -50.0 50
1 -50.0 50
2 -41.0 41
3 -34.0 34
4 -50.0 50
5 -16.0 16
6 -9.0 9
7 -8.0 8
8 -20.0 20
9 -35.0 35
0 -50.0 50
1 -50.0 50
2 -50.0 50
3 -32.0 32
4 -45.0 45
5 -31.0 31
6 -20.0 20
7 -50.0 50
8 -34.0 34
9 -13.0 13
0 -50.0 50
1 -44.0 44
2 -50.0 50
3 -50.0 50
4 -33.0 33
5 -50.0 50
6 -47.0 47
7 -15.0 15
8 -16.0 16
9 -10.0 10
0 -50.0 50
1 -50.0 50
2 -45.0 45
3 -34.0 34
4 -50.0 50
5 -50.0 50
6 -19.0 19
7 -13.0 13
8 -26.0 26
9 -9.0 9
0 -50.0 50
1 -50.0 50
2 -45.0 45
3 -27.0 27
4 -50.0 50
5 -50.0 50
6 -50.0 50
7 -16.0 16
8 -15.0 15
9 -29.0 29
0 -50.0 50
1 -15.0 15
2 -50.0 50
3 -50.0 50
4 -50.0 50
5 -31.0 31
6 -28.0 28
7 -22.0 22
8 -21.0 21
9 -12.0 12
0 -50.0 50
1 -50.0 50
2 -50.0 50
3 -48.0 48
4 -48.0 48
5 -50.0 50
6 -46.0 46
7 -14.0 14
8 -11.0 11
9 -13.0 13
0 -50.0 50
1 -50.0 50
2 -25.0 25
3 -32.0 32
4 -50.0 50
5 -35.0 35
6 -50.0 50
7 -49.0 49
8 -26.0 26
9 -20.0 20
0 -50.0 50
1 -22.0 22
2 -50.0 50
3 -50.0 50
4 -39.0 39
5 -50.0 50
6 -22.0 22
7 -19.0 19
8 -14.0 14
9 -9.0 9
0 -50.0 50
1 -39.0 39
2 -50.0 50
3 -47.0 47
4 -50.0 50
5 -50.0 50
6 -50.0 50
7 -29.0 29
8 -11.0 11
9 -11.0 11
0 -50.0 50
1 -50.0 50
2 -34.0 34
3 -50.0 50
4 -29.0 29
5 -27.0 27
6 -50.0 50
7 -50.0 50
8 -32.0 32
9 -22.0 22
0 -50.0 50
1 -39.0 39
2 -41.0 41
3 -50.0 50
4 -30.0 30
5 -50.0 50
6 -50.0 50
7 -24.0 24
8 -18.0 18
9 -16.0 16
0 -50.0 50
1 -50.0 50
2 -50.0 50
3 -24.0 24
4 -43.0 43
5 -42.0 42
6 -25.0 25
7 -50.0 50
8 -33.0 33
9 -16.0 16
0 -50.0 50
1 -36.0 36
2 -50.0 50
3 -32.0 32
4 -50.0 50
5 -50.0 50
6 -50.0 50
7 -18.0 18
8 -16.0 16
9 -12.0 12
0 -50.0 50
1 -47.0 47
2 -50.0 50
3 -34.0 34
4 -29.0 29
5 -50.0 50
6 -50.0 50
7 -18.0 18
8 -10.0 10
9 -9.0 9
0 -50.0 50
1 -21.0 21
2 -50.0 50
3 -50.0 50
4 -50.0 50
5 -41.0 41
6 -8.0 8
7 -14.0 14
8 -18.0 18
9 -16.0 16
0 -49.0 49
1 -50.0 50
2 -50.0 50
3 -50.0 50
4 -50.0 50
5 -29.0 29
6 -50.0 50
7 -24.0 24
8 -11.0 11
9 -7.0 7
0 -50.0 50
1 -50.0 50
2 -31.0 31
3 -8.0 8
4 -50.0 50
5 -50.0 50
6 -28.0 28
7 -38.0 38
8 -21.0 21
9 -7.0 7
0 -50.0 50
1 -50.0 50
2 -49.0 49
3 -50.0 50
4 -50.0 50
5 -28.0 28
6 -50.0 50
7 -31.0 31
8 -22.0 22
9 -14.0 14
0 -50.0 50
1 -35.0 35
2 -50.0 50
3 -50.0 50
4 -31.0 31
5 -35.0 35
6 -50.0 50
7 -27.0 27
8 -14.0 14
9 -29.0 29
0 -50.0 50
1 -50.0 50
2 -30.0 30
3 -50.0 50
4 -50.0 50
5 -13.0 13
6 -50.0 50
7 -13.0 13
8 -18.0 18
9 -14.0 14
0 -15.0 15
1 -50.0 50
2 -50.0 50
3 -50.0 50
4 -50.0 50
5 -29.0 29
6 -50.0 50
7 -19.0 19
8 -13.0 13
9 -13.0 13
0 -50.0 50
1 -50.0 50
2 -50.0 50
3 -50.0 50
4 -40.0 40
5 -15.0 15
6 -10.0 10
7 -50.0 50
8 -29.0 29
9 -36.0 36
