0 -50.0 50
1 -47.0 47
2 -50.0 50
3 -50.0 50
4 -38.0 38
5 -46.0 46
6 -36.0 36
7 -10.0 10
8 -7.0 7
9 -26.0 26
10 -21.0 21
11 -9.0 9
12 -14.0 14
13 -11.0 11
14 -7.0 7
15 -10.0 10
16 -9.0 9
17 -10.0 10
18 -10.0 10
19 -11.0 11
20 -10.0 10
21 -7.0 7
22 -7.0 7
23 -7.0 7
24 -7.0 7
25 -7.0 7
26 -7.0 7
27 -7.0 7
28 -7.0 7
29 -7.0 7
0 -50.0 50
1 -50.0 50
2 -50.0 50
3 -50.0 50
4 -50.0 50
5 -27.0 27
6 -14.0 14
7 -10.0 10
8 -26.0 26
9 -16.0 16
10 -12.0 12
11 -7.0 7
12 -7.0 7
13 -16.0 16
14 -50.0 50
15 -30.0 30
16 -18.0 18
17 -11.0 11
18 -9.0 9
19 -7.0 7
20 -7.0 7
21 -8.0 8
22 -7.0 7
23 -12.0 12
24 -8.0 8
25 -7.0 7
26 -10.0 10
27 -7.0 7
28 -7.0 7
29 -7.0 7
0 -50.0 50
1 -18.0 18
2 -50.0 50
3 -50.0 50
4 -50.0 50
5 -33.0 33
6 -19.0 19
7 -26.0 26
8 -21.0 21
9 -19.0 19
10 -50.0 50
11 -30.0 30
12 -12.0 12
13 -7.0 7
14 -10.0 10
15 -15.0 15
16 -9.0 9
17 -8.0 8
18 -10.0 10
19 -7.0 7
20 -10.0 10
21 -10.0 10
22 -19.0 19
23 -7.0 7
24 -7.0 7
25 -7.0 7
26 -7.0 7
27 -7.0 7
28 -7.0 7
29 -7.0 7
0 -50.0 50
1 -44.0 44
2 -50.0 50
3 -35.0 35
4 -48.0 48
5 -50.0 50
6 -27.0 27
7 -21.0 21
8 -50.0 50
9 -23.0 23
10 -15.0 15
11 -7.0 7
12 -9.0 9
13 -17.0 17
14 -12.0 12
15 -10.0 10
16 -7.0 7
17 -9.0 9
18 -7.0 7
19 -8.0 8
20 -8.0 8
21 -7.0 7
22 -7.0 7
23 -7.0 7
24 -7.0 7
25 -9.0 9
26 -7.0 7
27 -7.0 7
28 -7.0 7
29 -7.0 7
0 -50.0 50
1 -50.0 50
2 -35.0 35
3 -50.0 50
4 -41.0 41
5 -36.0 36
6 -50.0 50
7 -7.0 7
8 -17.0 17
9 -15.0 15
10 -7.0 7
11 -7.0 7
12 -13.0 13
13 -10.0 10
14 -27.0 27
15 -15.0 15
16 -10.0 10
17 -7.0 7
18 -49.0 49
19 -9.0 9
20 -7.0 7
21 -8.0 8
22 -7.0 7
23 -7.0 7
24 -8.0 8
25 -7.0 7
26 -9.0 9
27 -7.0 7
28 -7.0 7
29 -7.0 7
0 -50.0 50
1 -50.0 50
2 -50.0 50
3 -50.0 50
4 -25.0 25
5 -27.0 27
6 -33.0 33
7 -21.0 21
8 -14.0 14
9 -14.0 14
10 -9.0 9
11 -18.0 18
12 -50.0 50
13 -26.0 26
14 -9.0 9
15 -11.0 11
16 -7.0 7
17 -9.0 9
18 -7.0 7
19 -8.0 8
20 -9.0 9
21 -12.0 12
22 -9.0 9
23 -8.0 8
24 -8.0 8
25 -8.0 8
26 -7.0 7
27 -7.0 7
28 -7.0 7
29 -7.0 7
0 -50.0 50
1 -50.0 50
2 -50.0 50
3 -50.0 50
4 -31.0 31
5 -50.0 50
6 -28.0 28
7 -25.0 25
8 -12.0 12
9 -7.0 7
10 -9.0 9
11 -20.0 20
12 -8.0 8
13 -8.0 8
14 -8.0 8
15 -7.0 7
16 -12.0 12
17 -14.0 14
18 -13.0 13
19 -14.0 14
20 -11.0 11
21 -7.0 7
22 -7.0 7
23 -10.0 10
24 -7.0 7
25 -7.0 7
26 -7.0 7
27 -7.0 7
28 -7.0 7
29 -7.0 7
0 -50.0 50
1 -50.0 50
2 -50.0 50
3 -50.0 50
4 -44.0 44
5 -26.0 26
6 -15.0 15
7 -11.0 11
8 -16.0 16
9 -50.0 50
10 -14.0 14
11 -8.0 8
12 -10.0 10
13 -7.0 7
14 -7.0 7
15 -8.0 8
16 -7.0 7
17 -7.0 7
18 -10.0 10
19 -7.0 7
20 -10.0 10
21 -12.0 12
22 -9.0 9
23 -8.0 8
24 -7.0 7
25 -7.0 7
26 -7.0 7
27 -7.0 7
28 -7.0 7
29 -7.0 7
0 -50.0 50
1 -50.0 50
2 -50.0 50
3 -50.0 50
4 -50.0 50
5 -30.0 30
6 -50.0 50
7 -26.0 26
8 -11.0 11
9 -23.0 23
10 -11.0 11
11 -11.0 11
12 -14.0 14
13 -24.0 24
14 -10.0 10
15 -8.0 8
16 -11.0 11
17 -7.0 7
18 -7.0 7
19 -11.0 11
20 -8.0 8
21 -7.0 7
22 -7.0 7
23 -7.0 7
24 -7.0 7
25 -9.0 9
26 -7.0 7
27 -7.0 7
28 -7.0 7
29 -7.0 7
0 -50.0 50
1 -50.0 50
2 -50.0 50
3 -35.0 35
4 -36.0 36
5 -50.0 50
6 -22.0 22
7 -50.0 50
8 -35.0 35
9 -50.0 50
10 -12.0 12
11 -10.0 10
12 -11.0 11
13 -11.0 11
14 -10.0 10
15 -9.0 9
16 -11.0 11
17 -10.0 10
18 -7.0 7
19 -10.0 10
20 -9.0 9
21 -9.0 9
22 -12.0 12
23 -15.0 15
24 -9.0 9
25 -7.0 7
26 -8.0 8
27 -7.0 7
28 -7.0 7
29 -7.0 7
0 -50.0 50
1 -50.0 50
2 -12.0 12
3 -33.0 33
4 -50.0 50
5 -32.0 32
6 -50.0 50
7 -22.0 22
8 -31.0 31
9 -50.0 50
10 -19.0 19
11 -10.0 10
12 -9.0 9
13 -8.0 8
14 -8.0 8
15 -13.0 13
16 -13.0 13
17 -7.0 7
18 -7.0 7
19 -7.0 7
20 -7.0 7
21 -7.0 7
22 -9.0 9
23 -7.0 7
24 -7.0 7
25 -7.0 7
26 -14.0 14
27 -7.0 7
28 -7.0 7
29 -7.0 7
0 -39.0 39
1 -50.0 50
2 -50.0 50
3 -50.0 50
4 -50.0 50
5 -23.0 23
6 -50.0 50
7 -21.0 21
8 -17.0 17
9 -12.0 12
10 -9.0 9
11 -7.0 7
12 -19.0 19
13 -8.0 8
14 -7.0 7
15 -7.0 7
16 -8.0 8
17 -9.0 9
18 -9.0 9
19 -7.0 7
20 -7.0 7
21 -7.0 7
22 -7.0 7
23 -8.0 8
24 -10.0 10
25 -7.0 7
26 -7.0 7
27 -7.0 7
28 -7.0 7
29 -7.0 7
0 -50.0 50
1 -25.0 25
2 -50.0 50
3 -50.0 50
4 -41.0 41
5 -33.0 33
6 -35.0 35
7 -27.0 27
8 -29.0 29
9 -37.0 37
10 -17.0 17
11 -7.0 7
12 -7.0 7
13 -7.0 7
14 -13.0 13
15 -8.0 8
16 -11.0 11
17 -7.0 7
18 -8.0 8
19 -8.0 8
20 -8.0 8
21 -11.0 11
22 -7.0 7
23 -8.0 8
24 -7.0 7
25 -10.0 10
26 -42.0 42
27 -11.0 11
28 -9.0 9
29 -7.0 7
0 -50.0 50
1 -50.0 50
2 -27.0 27
3 -50.0 50
4 -32.0 32
5 -50.0 50
6 -33.0 33
7 -9.0 9
8 -9.0 9
9 -12.0 12
10 -20.0 20
11 -13.0 13
12 -18.0 18
13 -22.0 22
14 -15.0 15
15 -14.0 14
16 -10.0 10
17 -8.0 8
18 -7.0 7
19 -7.0 7
20 -8.0 8
21 -10.0 10
22 -8.0 8
23 -8.0 8
24 -7.0 7
25 -8.0 8
26 -7.0 7
27 -7.0 7
28 -7.0 7
29 -9.0 9
0 -50.0 50
1 -50.0 50
2 -39.0 39
3 -50.0 50
4 -48.0 48
5 -50.0 50
6 -14.0 14
7 -8.0 8
8 -9.0 9
9 -11.0 11
10 -11.0 11
11 -10.0 10
12 -9.0 9
13 -18.0 18
14 -13.0 13
15 -11.0 11
16 -16.0 16
17 -14.0 14
18 -11.0 11
19 -7.0 7
20 -7.0 7
21 -11.0 11
22 -11.0 11
23 -7.0 7
24 -8.0 8
25 -7.0 7
26 -7.0 7
27 -7.0 7
28 -7.0 7
29 -7.0 7
0 -50.0 50
1 -50.0 50
2 -24.0 24
3 -50.0 50
4 -22.0 22
5 -20.0 20
6 -50.0 50
7 -28.0 28
8 -50.0 50
9 -27.0 27
10 -13.0 13
11 -8.0 8
12 -10.0 10
13 -9.0 9
14 -46.0 46
15 -10.0 10
16 -7.0 7
17 -7.0 7
18 -9.0 9
19 -7.0 7
20 -11.0 11
21 -7.0 7
22 -8.0 8
23 -7.0 7
24 -7.0 7
25 -7.0 7
26 -7.0 7
27 -7.0 7
28 -7.0 7
29 -7.0 7
0 -50.0 50
1 -50.0 50
2 -36.0 36
3 -50.0 50
4 -50.0 50
5 -47.0 47
6 -7.0 7
7 -19.0 19
8 -13.0 13
9 -13.0 13
10 -9.0 9
11 -8.0 8
12 -12.0 12
13 -9.0 9
14 -8.0 8
15 -10.0 10
16 -7.0 7
17 -7.0 7
18 -7.0 7
19 -45.0 45
20 -7.0 7
21 -7.0 7
22 -9.0 9
23 -9.0 9
24 -11.0 11
25 -9.0 9
26 -7.0 7
27 -7.0 7
28 -7.0 7
29 -7.0 7
0 -50.0 50
1 -50.0 50
2 -50.0 50
3 -50.0 50
4 -30.0 30
5 -37.0 37
6 -24.0 24
7 -22.0 22
8 -34.0 34
9 -34.0 34
10 -14.0 14
11 -7.0 7
12 -7.0 7
13 -7.0 7
14 -7.0 7
15 -7.0 7
16 -10.0 10
17 -10.0 10
18 -21.0 21
19 -11.0 11
20 -14.0 14
21 -12.0 12
22 -11.0 11
23 -8.0 8
24 -7.0 7
25 -7.0 7
26 -7.0 7
27 -8.0 8
28 -7.0 7
29 -7.0 7
0 -50.0 50
1 -32.0 32
2 -50.0 50
3 -22.0 22
4 -50.0 50
5 -50.0 50
6 -14.0 14
7 -10.0 10
8 -7.0 7
9 -16.0 16
10 -14.0 14
11 -24.0 24
12 -20.0 20
13 -9.0 9
14 -9.0 9
15 -49.0 49
16 -19.0 19
17 -11.0 11
18 -12.0 12
19 -10.0 10
20 -7.0 7
21 -7.0 7
22 -7.0 7
23 -7.0 7
24 -7.0 7
25 -7.0 7
26 -7.0 7
27 -7.0 7
28 -7.0 7
29 -7.0 7
0 -30.0 30
1 -50.0 50
2 -50.0 50
3 -50.0 50
4 -35.0 35
5 -38.0 38
6 -50.0 50
7 -50.0 50
8 -9.0 9
9 -10.0 10
10 -11.0 11
11 -21.0 21
12 -12.0 12
13 -8.0 8
14 -9.0 9
15 -22.0 22
16 -12.0 12
17 -8.0 8
18 -8.0 8
19 -9.0 9
20 -28.0 28
21 -8.0 8
22 -17.0 17
23 -7.0 7
24 -7.0 7
25 -7.0 7
26 -7.0 7
27 -7.0 7
28 -7.0 7
29 -7.0 7
0 -50.0 50
1 -50.0 50
2 -50.0 50
3 -50.0 50
4 -50.0 50
5 -50.0 50
6 -40.0 40
7 -12.0 12
8 -23.0 23
9 -21.0 21
10 -29.0 29
11 -15.0 15
12 -11.0 11
13 -14.0 14
14 -10.0 10
15 -11.0 11
16 -8.0 8
17 -7.0 7
18 -7.0 7
19 -7.0 7
20 -7.0 7
21 -8.0 8
22 -9.0 9
23 -7.0 7
24 -10.0 10
25 -7.0 7
26 -7.0 7
27 -7.0 7
28 -7.0 7
29 -7.0 7
0 -50.0 50
1 -44.0 44
2 -50.0 50
3 -28.0 28
4 -50.0 50
5 -44.0 44
6 -50.0 50
7 -50.0 50
8 -42.0 42
9 -9.0 9
10 -9.0 9
11 -7.0 7
12 -8.0 8
13 -11.0 11
14 -10.0 10
15 -9.0 9
16 -11.0 11
17 -7.0 7
18 -7.0 7
19 -7.0 7
20 -8.0 8
21 -7.0 7
22 -8.0 8
23 -7.0 7
24 -7.0 7
25 -9.0 9
26 -9.0 9
27 -7.0 7
28 -7.0 7
29 -7.0 7
0 -50.0 50
1 -31.0 31
2 -50.0 50
3 -50.0 50
4 -7.0 7
5 -22.0 22
6 -50.0 50
7 -50.0 50
8 -46.0 46
9 -41.0 41
10 -13.0 13
11 -10.0 10
12 -13.0 13
13 -11.0 11
14 -13.0 13
15 -17.0 17
16 -8.0 8
17 -7.0 7
18 -7.0 7
19 -12.0 12
20 -11.0 11
21 -10.0 10
22 -8.0 8
23 -7.0 7
24 -7.0 7
25 -7.0 7
26 -7.0 7
27 -8.0 8
28 -7.0 7
29 -7.0 7
0 -23.0 23
1 -50.0 50
2 -50.0 50
3 -50.0 50
4 -50.0 50
5 -50.0 50
6 -41.0 41
7 -50.0 50
8 -9.0 9
9 -9.0 9
10 -8.0 8
11 -9.0 9
12 -10.0 10
13 -7.0 7
14 -13.0 13
15 -14.0 14
16 -9.0 9
17 -7.0 7
18 -10.0 10
19 -10.0 10
20 -7.0 7
21 -9.0 9
22 -9.0 9
23 -15.0 15
24 -9.0 9
25 -7.0 7
26 -9.0 9
27 -7.0 7
28 -7.0 7
29 -7.0 7
0 -50.0 50
1 -39.0 39
2 -50.0 50
3 -50.0 50
4 -50.0 50
5 -50.0 50
6 -15.0 15
7 -11.0 11
8 -49.0 49
9 -24.0 24
10 -15.0 15
11 -11.0 11
12 -7.0 7
13 -7.0 7
14 -9.0 9
15 -7.0 7
16 -7.0 7
17 -7.0 7
18 -9.0 9
19 -7.0 7
20 -7.0 7
21 -7.0 7
22 -8.0 8
23 -7.0 7
24 -7.0 7
25 -8.0 8
26 -7.0 7
27 -7.0 7
28 -7.0 7
29 -7.0 7
0 -49.0 49
1 -50.0 50
2 -41.0 41
3 -50.0 50
4 -50.0 50
5 -18.0 18
6 -39.0 39
7 -29.0 29
8 -22.0 22
9 -18.0 18
10 -9.0 9
11 -9.0 9
12 -8.0 8
13 -50.0 50
14 -41.0 41
15 -11.0 11
16 -12.0 12
17 -9.0 9
18 -9.0 9
19 -14.0 14
20 -8.0 8
21 -8.0 8
22 -11.0 11
23 -14.0 14
24 -16.0 16
25 -7.0 7
26 -7.0 7
27 -7.0 7
28 -7.0 7
29 -7.0 7
0 -50.0 50
1 -50.0 50
2 -50.0 50
3 -23.0 23
4 -50.0 50
5 -21.0 21
6 -34.0 34
7 -22.0 22
8 -50.0 50
9 -26.0 26
10 -13.0 13
11 -15.0 15
12 -13.0 13
13 -8.0 8
14 -13.0 13
15 -10.0 10
16 -7.0 7
17 -9.0 9
18 -8.0 8
19 -10.0 10
20 -14.0 14
21 -19.0 19
22 -8.0 8
23 -7.0 7
24 -8.0 8
25 -7.0 7
26 -7.0 7
27 -7.0 7
28 -7.0 7
29 -7.0 7
0 -50.0 50
1 -50.0 50
2 -32.0 32
3 -50.0 50
4 -50.0 50
5 -50.0 50
6 -30.0 30
7 -10.0 10
8 -9.0 9
9 -20.0 20
10 -26.0 26
11 -16.0 16
12 -11.0 11
13 -12.0 12
14 -7.0 7
15 -7.0 7
16 -7.0 7
17 -10.0 10
18 -8.0 8
19 -12.0 12
20 -13.0 13
21 -7.0 7
22 -7.0 7
23 -7.0 7
24 -7.0 7
25 -7.0 7
26 -9.0 9
27 -7.0 7
28 -7.0 7
29 -7.0 7
0 -50.0 50
1 -46.0 46
2 -50.0 50
3 -50.0 50
4 -33.0 33
5 -48.0 48
6 -16.0 16
7 -11.0 11
8 -20.0 20
9 -12.0 12
10 -19.0 19
11 -19.0 19
12 -18.0 18
13 -50.0 50
14 -15.0 15
15 -7.0 7
16 -9.0 9
17 -12.0 12
18 -10.0 10
19 -8.0 8
20 -10.0 10
21 -7.0 7
22 -8.0 8
23 -7.0 7
24 -7.0 7
25 -7.0 7
26 -7.0 7
27 -7.0 7
28 -7.0 7
29 -7.0 7
0 -50.0 50
1 -50.0 50
2 -50.0 50
3 -20.0 20
4 -50.0 50
5 -36.0 36
6 -36.0 36
7 -50.0 50
8 -13.0 13
9 -50.0 50
10 -33.0 33
11 -26.0 26
12 -15.0 15
13 -12.0 12
14 -19.0 19
15 -10.0 10
16 -8.0 8
17 -7.0 7
18 -8.0 8
19 -7.0 7
20 -7.0 7
21 -7.0 7
22 -10.0 10
23 -9.0 9
24 -8.0 8
25 -7.0 7
26 -7.0 7
27 -7.0 7
28 -7.0 7
29 -7.0 7
0 -50.0 50
1 -39.0 39
2 -50.0 50
3 -50.0 50
4 -10.0 10
5 -27.0 27
6 -16.0 16
7 -12.0 12
8 -38.0 38
9 -9.0 9
10 -10.0 10
11 -50.0 50
12 -14.0 14
13 -11.0 11
14 -7.0 7
15 -9.0 9
16 -11.0 11
17 -12.0 12
18 -7.0 7
19 -7.0 7
20 -10.0 10
21 -15.0 15
22 -50.0 50
23 -22.0 22
24 -9.0 9
25 -7.0 7
26 -7.0 7
27 -7.0 7
28 -7.0 7
29 -7.0 7
0 -50.0 50
1 -50.0 50
2 -30.0 30
3 -38.0 38
4 -50.0 50
5 -50.0 50
6 -50.0 50
7 -50.0 50
8 -28.0 28
9 -36.0 36
10 -14.0 14
11 -12.0 12
12 -13.0 13
13 -10.0 10
14 -9.0 9
15 -11.0 11
16 -8.0 8
17 -8.0 8
18 -7.0 7
19 -8.0 8
20 -8.0 8
21 -7.0 7
22 -8.0 8
23 -8.0 8
24 -7.0 7
25 -7.0 7
26 -7.0 7
27 -7.0 7
28 -7.0 7
29 -9.0 9
0 -39.0 39
1 -50.0 50
2 -50.0 50
3 -21.0 21
4 -50.0 50
5 -50.0 50
6 -32.0 32
7 -50.0 50
8 -24.0 24
9 -16.0 16
10 -7.0 7
11 -19.0 19
12 -50.0 50
13 -26.0 26
14 -18.0 18
15 -9.0 9
16 -10.0 10
17 -7.0 7
18 -7.0 7
19 -7.0 7
20 -7.0 7
21 -7.0 7
22 -7.0 7
23 -8.0 8
24 -7.0 7
25 -7.0 7
26 -7.0 7
27 -7.0 7
28 -7.0 7
29 -7.0 7
0 -50.0 50
1 -35.0 35
2 -50.0 50
3 -29.0 29
4 -50.0 50
5 -21.0 21
6 -37.0 37
7 -50.0 50
8 -27.0 27
9 -16.0 16
10 -9.0 9
11 -9.0 9
12 -8.0 8
13 -7.0 7
14 -7.0 7
15 -7.0 7
16 -7.0 7
17 -49.0 49
18 -7.0 7
19 -7.0 7
20 -7.0 7
21 -7.0 7
22 -7.0 7
23 -8.0 8
24 -7.0 7
25 -10.0 10
26 -7.0 7
27 -7.0 7
28 -7.0 7
29 -7.0 7
0 -50.0 50
1 -50.0 50
2 -50.0 50
3 -16.0 16
4 -50.0 50
5 -30.0 30
6 -18.0 18
7 -50.0 50
8 -15.0 15
9 -28.0 28
10 -26.0 26
11 -16.0 16
12 -18.0 18
13 -9.0 9
14 -8.0 8
15 -7.0 7
16 -7.0 7
17 -8.0 8
18 -8.0 8
19 -7.0 7
20 -7.0 7
21 -13.0 13
22 -22.0 22
23 -13.0 13
24 -11.0 11
25 -7.0 7
26 -7.0 7
27 -7.0 7
28 -7.0 7
29 -7.0 7
0 -50.0 50
1 -50.0 50
2 -50.0 50
3 -41.0 41
4 -50.0 50
5 -7.0 7
6 -18.0 18
7 -38.0 38
8 -13.0 13
9 -12.0 12
10 -8.0 8
11 -9.0 9
12 -11.0 11
13 -23.0 23
14 -50.0 50
15 -36.0 36
16 -8.0 8
17 -7.0 7
18 -7.0 7
19 -8.0 8
20 -7.0 7
21 -8.0 8
22 -7.0 7
23 -7.0 7
24 -7.0 7
25 -7.0 7
26 -7.0 7
27 -7.0 7
28 -7.0 7
29 -7.0 7
0 -50.0 50
1 -21.0 21
2 -50.0 50
3 -48.0 48
4 -50.0 50
5 -50.0 50
6 -50.0 50
7 -20.0 20
8 -19.0 19
9 -18.0 18
10 -13.0 13
11 -18.0 18
12 -25.0 25
13 -8.0 8
14 -11.0 11
15 -8.0 8
16 -7.0 7
17 -16.0 16
18 -7.0 7
19 -9.0 9
20 -7.0 7
21 -10.0 10
22 -8.0 8
23 -7.0 7
24 -7.0 7
25 -7.0 7
26 -7.0 7
27 -7.0 7
28 -7.0 7
29 -7.0 7
0 -36.0 36
1 -50.0 50
2 -50.0 50
3 -50.0 50
4 -38.0 38
5 -50.0 50
6 -50.0 50
7 -17.0 17
8 -15.0 15
9 -16.0 16
10 -10.0 10
11 -7.0 7
12 -9.0 9
13 -7.0 7
14 -50.0 50
15 -9.0 9
16 -9.0 9
17 -10.0 10
18 -7.0 7
19 -10.0 10
20 -10.0 10
21 -8.0 8
22 -7.0 7
23 -8.0 8
24 -7.0 7
25 -7.0 7
26 -7.0 7
27 -7.0 7
28 -7.0 7
29 -7.0 7
0 -50.0 50
1 -50.0 50
2 -50.0 50
3 -50.0 50
4 -50.0 50
5 -11.0 11
6 -19.0 19
7 -39.0 39
8 -19.0 19
9 -12.0 12
10 -22.0 22
11 -24.0 24
12 -10.0 10
13 -9.0 9
14 -10.0 10
15 -7.0 7
16 -14.0 14
17 -21.0 21
18 -17.0 17
19 -12.0 12
20 -7.0 7
21 -9.0 9
22 -9.0 9
23 -8.0 8
24 -7.0 7
25 -7.0 7
26 -7.0 7
27 -7.0 7
28 -7.0 7
29 -7.0 7
0 -29.0 29
1 -50.0 50
2 -50.0 50
3 -50.0 50
4 -18.0 18
5 -31.0 31
6 -19.0 19
7 -30.0 30
8 -17.0 17
9 -16.0 16
10 -15.0 15
11 -14.0 14
12 -50.0 50
13 -33.0 33
14 -39.0 39
15 -25.0 25
16 -11.0 11
17 -13.0 13
18 -11.0 11
19 -7.0 7
20 -7.0 7
21 -7.0 7
22 -7.0 7
23 -7.0 7
24 -7.0 7
25 -8.0 8
26 -7.0 7
27 -7.0 7
28 -7.0 7
29 -7.0 7
