0 -50.0 50
1 -50.0 50
0 -50.0 50
1 -50.0 50
0 -50.0 50
1 -34.0 34
0 -28.0 28
1 -50.0 50
0 -50.0 50
1 -50.0 50
0 -50.0 50
1 -50.0 50
0 -50.0 50
1 -33.0 33
0 -28.0 28
1 -50.0 50
0 -50.0 50
1 -50.0 50
0 -50.0 50
1 -50.0 50
0 -50.0 50
1 -50.0 50
0 -50.0 50
1 -22.0 22
0 -50.0 50
1 -50.0 50
0 -50.0 50
1 -50.0 50
0 -50.0 50
1 -50.0 50
0 -50.0 50
1 -50.0 50
0 -50.0 50
1 -33.0 33
0 -50.0 50
1 -50.0 50
0 -50.0 50
1 -50.0 50
0 -50.0 50
1 -50.0 50
0 -50.0 50
1 -28.0 28
0 -50.0 50
1 -39.0 39
0 -42.0 42
1 -50.0 50
0 -50.0 50
1 -50.0 50
0 -50.0 50
1 -50.0 50
0 -33.0 33
1 -50.0 50
0 -50.0 50
1 -50.0 50
0 -50.0 50
1 -50.0 50
0 -28.0 28
1 -50.0 50
0 -50.0 50
1 -50.0 50
0 -50.0 50
1 -44.0 44
0 -50.0 50
1 -37.0 37
0 -50.0 50
1 -50.0 50
0 -50.0 50
1 -50.0 50
0 -50.0 50
1 -50.0 50
0 -29.0 29
1 -50.0 50
0 -50.0 50
1 -50.0 50
0 -50.0 50
1 -21.0 21
0 -50.0 50
1 -27.0 27
0 -36.0 36
1 -50.0 50
0 -26.0 26
1 -50.0 50
0 -50.0 50
1 -30.0 30
0 -50.0 50
1 -50.0 50
0 -50.0 50
1 -43.0 43
0 -35.0 35
1 -50.0 50
0 -33.0 33
1 -50.0 50
0 -50.0 50
1 -50.0 50
0 -50.0 50
1 -43.0 43
0 -50.0 50
1 -50.0 50
0 -50.0 50
1 -50.0 50
0 -50.0 50
1 -50.0 50
0 -44.0 44
1 -50.0 50
0 -50.0 50
1 -50.0 50
0 -50.0 50
1 -50.0 50
0 -50.0 50
1 -47.0 47
0 -50.0 50
1 -48.0 48
0 -50.0 50
1 -50.0 50
0 -28.0 28
1 -50.0 50
0 -16.0 16
1 -50.0 50
0 -50.0 50
1 -48.0 48
0 -50.0 50
1 -50.0 50
0 -50.0 50
1 -50.0 50
0 -50.0 50
1 -37.0 37
0 -21.0 21
1 -50.0 50
0 -50.0 50
1 -50.0 50
0 -16.0 16
1 -50.0 50
0 -50.0 50
1 -50.0 50
0 -50.0 50
1 -50.0 50
0 -50.0 50
1 -50.0 50
0 -50.0 50
1 -50.0 50
0 -46.0 46
1 -50.0 50
0 -50.0 50
1 -40.0 40
0 -50.0 50
1 -50.0 50
0 -50.0 50
1 -33.0 33
0 -50.0 50
1 -22.0 22
0 -50.0 50
1 -41.0 41
0 -50.0 50
1 -28.0 28
0 -45.0 45
1 -50.0 50
0 -33.0 33
1 -50.0 50
0 -20.0 20
1 -50.0 50
0 -45.0 45
1 -50.0 50
0 -25.0 25
1 -50.0 50
0 -50.0 50
1 -33.0 33
0 -47.0 47
1 -50.0 50
0 -50.0 50
1 -50.0 50
0 -50.0 50
1 -50.0 50
0 -40.0 40
1 -50.0 50
0 -50.0 50
1 -50.0 50
0 -50.0 50
1 -50.0 50
0 -50.0 50
1 -50.0 50
0 -50.0 50
1 -50.0 50
0 -28.0 28
1 -50.0 50
0 -50.0 50
1 -26.0 26
0 -35.0 35
1 -50.0 50
0 -42.0 42
1 -50.0 50
0 -50.0 50
1 -50.0 50
0 -50.0 50
1 -50.0 50
0 -28.0 28
1 -50.0 50
0 -50.0 50
1 -50.0 50
0 -50.0 50
1 -37.0 37
