0 -50.0 50
1 -50.0 50
2 -50.0 50
3 -50.0 50
4 -50.0 50
5 -50.0 50
6 -50.0 50
7 -50.0 50
8 -50.0 50
9 -50.0 50
10 -50.0 50
11 -50.0 50
12 -50.0 50
13 -50.0 50
14 -50.0 50
15 -50.0 50
16 -50.0 50
17 -50.0 50
18 -47.0 47
19 -50.0 50
20 -50.0 50
21 -50.0 50
22 -50.0 50
23 -50.0 50
24 -50.0 50
25 -50.0 50
26 -50.0 50
27 -50.0 50
28 -50.0 50
29 -50.0 50
30 -50.0 50
31 -50.0 50
32 -44.0 44
33 -50.0 50
34 -35.0 35
35 -44.0 44
36 -50.0 50
37 -50.0 50
38 -50.0 50
39 -50.0 50
40 -50.0 50
41 -50.0 50
42 -30.0 30
43 -50.0 50
44 -50.0 50
45 -20.0 20
46 -35.0 35
47 -35.0 35
48 -25.0 25
49 -21.0 21
50 -23.0 23
51 -50.0 50
52 -18.0 18
53 -12.0 12
54 -14.0 14
55 -12.0 12
56 -9.0 9
57 -9.0 9
58 -9.0 9
59 -9.0 9
60 -9.0 9
61 -9.0 9
62 -9.0 9
63 -9.0 9
64 -15.0 15
0 -50.0 50
1 -50.0 50
2 -50.0 50
3 -50.0 50
4 -50.0 50
5 -50.0 50
6 -50.0 50
7 -50.0 50
8 -50.0 50
9 -50.0 50
10 -50.0 50
11 -50.0 50
12 -50.0 50
13 -50.0 50
14 -50.0 50
15 -50.0 50
16 -50.0 50
17 -50.0 50
18 -50.0 50
19 -50.0 50
20 -50.0 50
21 -50.0 50
22 -50.0 50
23 -42.0 42
24 -50.0 50
25 -50.0 50
26 -50.0 50
27 -50.0 50
28 -50.0 50
29 -50.0 50
30 -50.0 50
31 -37.0 37
32 -50.0 50
33 -50.0 50
34 -50.0 50
35 -50.0 50
36 -50.0 50
37 -15.0 15
38 -41.0 41
39 -50.0 50
40 -50.0 50
41 -50.0 50
42 -50.0 50
43 -38.0 38
44 -20.0 20
45 -12.0 12
46 -15.0 15
47 -10.0 10
48 -11.0 11
49 -50.0 50
50 -14.0 14
51 -19.0 19
52 -49.0 49
53 -12.0 12
54 -9.0 9
55 -9.0 9
56 -9.0 9
57 -9.0 9
58 -9.0 9
59 -10.0 10
60 -9.0 9
61 -9.0 9
62 -9.0 9
63 -9.0 9
64 -11.0 11
0 -50.0 50
1 -50.0 50
2 -50.0 50
3 -50.0 50
4 -50.0 50
5 -50.0 50
6 -50.0 50
7 -50.0 50
8 -50.0 50
9 -50.0 50
10 -50.0 50
11 -50.0 50
12 -50.0 50
13 -50.0 50
14 -50.0 50
15 -50.0 50
16 -40.0 40
17 -50.0 50
18 -50.0 50
19 -50.0 50
20 -50.0 50
21 -50.0 50
22 -50.0 50
23 -50.0 50
24 -50.0 50
25 -50.0 50
26 -50.0 50
27 -50.0 50
28 -50.0 50
29 -50.0 50
30 -16.0 16
31 -31.0 31
32 -50.0 50
33 -18.0 18
34 -50.0 50
35 -32.0 32
36 -50.0 50
37 -50.0 50
38 -50.0 50
39 -23.0 23
40 -50.0 50
41 -25.0 25
42 -50.0 50
43 -50.0 50
44 -50.0 50
45 -50.0 50
46 -20.0 20
47 -50.0 50
48 -12.0 12
49 -19.0 19
50 -12.0 12
51 -13.0 13
52 -13.0 13
53 -12.0 12
54 -21.0 21
55 -38.0 38
56 -11.0 11
57 -48.0 48
58 -9.0 9
59 -10.0 10
60 -9.0 9
61 -9.0 9
62 -11.0 11
63 -10.0 10
64 -14.0 14
0 -50.0 50
1 -50.0 50
2 -50.0 50
3 -50.0 50
4 -50.0 50
5 -50.0 50
6 -50.0 50
7 -50.0 50
8 -50.0 50
9 -50.0 50
10 -50.0 50
11 -50.0 50
12 -50.0 50
13 -50.0 50
14 -50.0 50
15 -50.0 50
16 -50.0 50
17 -50.0 50
18 -50.0 50
19 -50.0 50
20 -50.0 50
21 -50.0 50
22 -50.0 50
23 -50.0 50
24 -50.0 50
25 -50.0 50
26 -50.0 50
27 -50.0 50
28 -17.0 17
29 -17.0 17
30 -50.0 50
31 -50.0 50
32 -50.0 50
33 -50.0 50
34 -50.0 50
35 -50.0 50
36 -41.0 41
37 -50.0 50
38 -50.0 50
39 -50.0 50
40 -31.0 31
41 -50.0 50
42 -50.0 50
43 -50.0 50
44 -29.0 29
45 -50.0 50
46 -19.0 19
47 -16.0 16
48 -50.0 50
49 -20.0 20
50 -17.0 17
51 -18.0 18
52 -50.0 50
53 -50.0 50
54 -50.0 50
55 -42.0 42
56 -50.0 50
57 -50.0 50
58 -50.0 50
59 -50.0 50
60 -32.0 32
61 -50.0 50
62 -50.0 50
63 -9.0 9
64 -9.0 9
0 -50.0 50
1 -50.0 50
2 -50.0 50
3 -50.0 50
4 -50.0 50
5 -41.0 41
6 -50.0 50
7 -50.0 50
8 -50.0 50
9 -50.0 50
10 -50.0 50
11 -50.0 50
12 -50.0 50
13 -50.0 50
14 -50.0 50
15 -50.0 50
16 -50.0 50
17 -50.0 50
18 -50.0 50
19 -50.0 50
20 -50.0 50
21 -50.0 50
22 -50.0 50
23 -50.0 50
24 -50.0 50
25 -50.0 50
26 -50.0 50
27 -50.0 50
28 -50.0 50
29 -21.0 21
30 -19.0 19
31 -50.0 50
32 -50.0 50
33 -31.0 31
34 -50.0 50
35 -30.0 30
36 -50.0 50
37 -50.0 50
38 -50.0 50
39 -50.0 50
40 -50.0 50
41 -31.0 31
42 -15.0 15
43 -11.0 11
44 -14.0 14
45 -50.0 50
46 -25.0 25
47 -50.0 50
48 -50.0 50
49 -50.0 50
50 -50.0 50
51 -50.0 50
52 -35.0 35
53 -11.0 11
54 -13.0 13
55 -15.0 15
56 -17.0 17
57 -18.0 18
58 -12.0 12
59 -12.0 12
60 -15.0 15
61 -15.0 15
62 -15.0 15
63 -50.0 50
64 -17.0 17
0 -50.0 50
1 -50.0 50
2 -50.0 50
3 -29.0 29
4 -50.0 50
5 -50.0 50
6 -50.0 50
7 -50.0 50
8 -50.0 50
9 -50.0 50
10 -50.0 50
11 -50.0 50
12 -50.0 50
13 -50.0 50
14 -50.0 50
15 -50.0 50
16 -50.0 50
17 -50.0 50
18 -50.0 50
19 -50.0 50
20 -50.0 50
21 -50.0 50
22 -49.0 49
23 -50.0 50
24 -50.0 50
25 -50.0 50
26 -50.0 50
27 -50.0 50
28 -50.0 50
29 -50.0 50
30 -50.0 50
31 -50.0 50
32 -50.0 50
33 -50.0 50
34 -50.0 50
35 -50.0 50
36 -50.0 50
37 -40.0 40
38 -16.0 16
39 -9.0 9
40 -23.0 23
41 -25.0 25
42 -50.0 50
43 -31.0 31
44 -14.0 14
45 -29.0 29
46 -33.0 33
47 -50.0 50
48 -22.0 22
49 -50.0 50
50 -50.0 50
51 -50.0 50
52 -50.0 50
53 -50.0 50
54 -13.0 13
55 -16.0 16
56 -17.0 17
57 -21.0 21
58 -11.0 11
59 -11.0 11
60 -9.0 9
61 -9.0 9
62 -9.0 9
63 -9.0 9
64 -9.0 9
0 -50.0 50
1 -50.0 50
2 -50.0 50
3 -50.0 50
4 -50.0 50
5 -50.0 50
6 -50.0 50
7 -50.0 50
8 -50.0 50
9 -50.0 50
10 -50.0 50
11 -50.0 50
12 -50.0 50
13 -50.0 50
14 -50.0 50
15 -50.0 50
16 -50.0 50
17 -27.0 27
18 -50.0 50
19 -50.0 50
20 -50.0 50
21 -50.0 50
22 -50.0 50
23 -50.0 50
24 -50.0 50
25 -47.0 47
26 -50.0 50
27 -50.0 50
28 -50.0 50
29 -50.0 50
30 -50.0 50
31 -50.0 50
32 -49.0 49
33 -32.0 32
34 -50.0 50
35 -50.0 50
36 -39.0 39
37 -50.0 50
38 -50.0 50
39 -20.0 20
40 -23.0 23
41 -50.0 50
42 -50.0 50
43 -50.0 50
44 -50.0 50
45 -50.0 50
46 -50.0 50
47 -50.0 50
48 -50.0 50
49 -50.0 50
50 -17.0 17
51 -18.0 18
52 -16.0 16
53 -11.0 11
54 -18.0 18
55 -9.0 9
56 -9.0 9
57 -13.0 13
58 -16.0 16
59 -19.0 19
60 -19.0 19
61 -9.0 9
62 -11.0 11
63 -10.0 10
64 -12.0 12
0 -50.0 50
1 -50.0 50
2 -50.0 50
3 -50.0 50
4 -50.0 50
5 -50.0 50
6 -50.0 50
7 -50.0 50
8 -42.0 42
9 -50.0 50
10 -50.0 50
11 -50.0 50
12 -50.0 50
13 -50.0 50
14 -50.0 50
15 -50.0 50
16 -50.0 50
17 -50.0 50
18 -50.0 50
19 -50.0 50
20 -50.0 50
21 -50.0 50
22 -45.0 45
23 -50.0 50
24 -50.0 50
25 -50.0 50
26 -50.0 50
27 -22.0 22
28 -50.0 50
29 -50.0 50
30 -50.0 50
31 -50.0 50
32 -48.0 48
33 -50.0 50
34 -30.0 30
35 -50.0 50
36 -50.0 50
37 -50.0 50
38 -50.0 50
39 -50.0 50
40 -26.0 26
41 -50.0 50
42 -50.0 50
43 -50.0 50
44 -50.0 50
45 -50.0 50
46 -27.0 27
47 -21.0 21
48 -14.0 14
49 -12.0 12
50 -13.0 13
51 -14.0 14
52 -44.0 44
53 -14.0 14
54 -18.0 18
55 -17.0 17
56 -25.0 25
57 -28.0 28
58 -50.0 50
59 -50.0 50
60 -12.0 12
61 -14.0 14
62 -9.0 9
63 -9.0 9
64 -9.0 9
0 -50.0 50
1 -50.0 50
2 -50.0 50
3 -50.0 50
4 -50.0 50
5 -50.0 50
6 -50.0 50
7 -50.0 50
8 -50.0 50
9 -50.0 50
10 -50.0 50
11 -50.0 50
12 -50.0 50
13 -31.0 31
14 -50.0 50
15 -50.0 50
16 -50.0 50
17 -50.0 50
18 -50.0 50
19 -50.0 50
20 -50.0 50
21 -43.0 43
22 -50.0 50
23 -50.0 50
24 -50.0 50
25 -50.0 50
26 -50.0 50
27 -50.0 50
28 -50.0 50
29 -50.0 50
30 -50.0 50
31 -50.0 50
32 -50.0 50
33 -47.0 47
34 -50.0 50
35 -50.0 50
36 -50.0 50
37 -47.0 47
38 -29.0 29
39 -50.0 50
40 -50.0 50
41 -50.0 50
42 -50.0 50
43 -50.0 50
44 -50.0 50
45 -50.0 50
46 -50.0 50
47 -50.0 50
48 -50.0 50
49 -16.0 16
50 -13.0 13
51 -18.0 18
52 -24.0 24
53 -50.0 50
54 -13.0 13
55 -14.0 14
56 -13.0 13
57 -17.0 17
58 -21.0 21
59 -50.0 50
60 -17.0 17
61 -9.0 9
62 -9.0 9
63 -9.0 9
64 -9.0 9
0 -50.0 50
1 -50.0 50
2 -50.0 50
3 -50.0 50
4 -50.0 50
5 -50.0 50
6 -50.0 50
7 -50.0 50
8 -50.0 50
9 -50.0 50
10 -50.0 50
11 -50.0 50
12 -50.0 50
13 -50.0 50
14 -50.0 50
15 -50.0 50
16 -50.0 50
17 -50.0 50
18 -50.0 50
19 -50.0 50
20 -50.0 50
21 -50.0 50
22 -50.0 50
23 -50.0 50
24 -50.0 50
25 -50.0 50
26 -50.0 50
27 -30.0 30
28 -50.0 50
29 -50.0 50
30 -19.0 19
31 -50.0 50
32 -50.0 50
33 -37.0 37
34 -50.0 50
35 -50.0 50
36 -41.0 41
37 -50.0 50
38 -50.0 50
39 -50.0 50
40 -50.0 50
41 -50.0 50
42 -45.0 45
43 -50.0 50
44 -50.0 50
45 -50.0 50
46 -50.0 50
47 -50.0 50
48 -50.0 50
49 -50.0 50
50 -18.0 18
51 -14.0 14
52 -12.0 12
53 -12.0 12
54 -10.0 10
55 -11.0 11
56 -10.0 10
57 -11.0 11
58 -14.0 14
59 -25.0 25
60 -9.0 9
61 -11.0 11
62 -12.0 12
63 -11.0 11
64 -11.0 11
0 -50.0 50
1 -50.0 50
2 -50.0 50
3 -50.0 50
4 -50.0 50
5 -50.0 50
6 -50.0 50
7 -50.0 50
8 -50.0 50
9 -50.0 50
10 -48.0 48
11 -50.0 50
12 -50.0 50
13 -50.0 50
14 -50.0 50
15 -50.0 50
16 -50.0 50
17 -50.0 50
18 -50.0 50
19 -50.0 50
20 -50.0 50
21 -46.0 46
22 -50.0 50
23 -50.0 50
24 -50.0 50
25 -50.0 50
26 -50.0 50
27 -50.0 50
28 -50.0 50
29 -50.0 50
30 -50.0 50
31 -50.0 50
32 -50.0 50
33 -50.0 50
34 -36.0 36
35 -50.0 50
36 -35.0 35
37 -50.0 50
38 -50.0 50
39 -39.0 39
40 -23.0 23
41 -50.0 50
42 -50.0 50
43 -50.0 50
44 -50.0 50
45 -50.0 50
46 -11.0 11
47 -18.0 18
48 -10.0 10
49 -10.0 10
50 -9.0 9
51 -13.0 13
52 -31.0 31
53 -12.0 12
54 -11.0 11
55 -15.0 15
56 -20.0 20
57 -9.0 9
58 -13.0 13
59 -16.0 16
60 -12.0 12
61 -9.0 9
62 -11.0 11
63 -12.0 12
64 -9.0 9
0 -50.0 50
1 -50.0 50
2 -50.0 50
3 -50.0 50
4 -50.0 50
5 -50.0 50
6 -50.0 50
7 -35.0 35
8 -50.0 50
9 -50.0 50
10 -50.0 50
11 -50.0 50
12 -50.0 50
13 -50.0 50
14 -50.0 50
15 -50.0 50
16 -50.0 50
17 -50.0 50
18 -50.0 50
19 -50.0 50
20 -50.0 50
21 -50.0 50
22 -50.0 50
23 -50.0 50
24 -50.0 50
25 -50.0 50
26 -50.0 50
27 -50.0 50
28 -50.0 50
29 -37.0 37
30 -50.0 50
31 -50.0 50
32 -50.0 50
33 -50.0 50
34 -50.0 50
35 -20.0 20
36 -50.0 50
37 -27.0 27
38 -50.0 50
39 -50.0 50
40 -50.0 50
41 -39.0 39
42 -50.0 50
43 -50.0 50
44 -50.0 50
45 -50.0 50
46 -50.0 50
47 -50.0 50
48 -50.0 50
49 -50.0 50
50 -50.0 50
51 -50.0 50
52 -9.0 9
53 -11.0 11
54 -10.0 10
55 -15.0 15
56 -13.0 13
57 -16.0 16
58 -29.0 29
59 -10.0 10
60 -12.0 12
61 -11.0 11
62 -9.0 9
63 -9.0 9
64 -9.0 9
0 -44.0 44
1 -50.0 50
2 -50.0 50
3 -50.0 50
4 -50.0 50
5 -50.0 50
6 -50.0 50
7 -50.0 50
8 -50.0 50
9 -50.0 50
10 -50.0 50
11 -50.0 50
12 -50.0 50
13 -50.0 50
14 -50.0 50
15 -50.0 50
16 -50.0 50
17 -50.0 50
18 -50.0 50
19 -50.0 50
20 -21.0 21
21 -50.0 50
22 -50.0 50
23 -50.0 50
24 -50.0 50
25 -47.0 47
26 -50.0 50
27 -50.0 50
28 -50.0 50
29 -50.0 50
30 -50.0 50
31 -50.0 50
32 -50.0 50
33 -50.0 50
34 -50.0 50
35 -50.0 50
36 -50.0 50
37 -50.0 50
38 -50.0 50
39 -50.0 50
40 -50.0 50
41 -50.0 50
42 -13.0 13
43 -16.0 16
44 -46.0 46
45 -50.0 50
46 -12.0 12
47 -13.0 13
48 -41.0 41
49 -12.0 12
50 -10.0 10
51 -13.0 13
52 -15.0 15
53 -16.0 16
54 -50.0 50
55 -50.0 50
56 -39.0 39
57 -50.0 50
58 -21.0 21
59 -14.0 14
60 -16.0 16
61 -13.0 13
62 -9.0 9
63 -9.0 9
64 -9.0 9
0 -50.0 50
1 -50.0 50
2 -50.0 50
3 -50.0 50
4 -50.0 50
5 -50.0 50
6 -50.0 50
7 -50.0 50
8 -50.0 50
9 -42.0 42
10 -50.0 50
11 -50.0 50
12 -50.0 50
13 -50.0 50
14 -50.0 50
15 -50.0 50
16 -50.0 50
17 -50.0 50
18 -50.0 50
19 -50.0 50
20 -30.0 30
21 -50.0 50
22 -50.0 50
23 -50.0 50
24 -50.0 50
25 -50.0 50
26 -50.0 50
27 -50.0 50
28 -50.0 50
29 -50.0 50
30 -50.0 50
31 -50.0 50
32 -50.0 50
33 -29.0 29
34 -50.0 50
35 -24.0 24
36 -50.0 50
37 -50.0 50
38 -50.0 50
39 -50.0 50
40 -50.0 50
41 -50.0 50
42 -50.0 50
43 -50.0 50
44 -50.0 50
45 -50.0 50
46 -50.0 50
47 -50.0 50
48 -19.0 19
49 -24.0 24
50 -13.0 13
51 -21.0 21
52 -27.0 27
53 -27.0 27
54 -50.0 50
55 -50.0 50
56 -50.0 50
57 -50.0 50
58 -50.0 50
59 -50.0 50
60 -50.0 50
61 -50.0 50
62 -50.0 50
63 -9.0 9
64 -11.0 11
0 -50.0 50
1 -50.0 50
2 -50.0 50
3 -50.0 50
4 -50.0 50
5 -50.0 50
6 -50.0 50
7 -50.0 50
8 -50.0 50
9 -50.0 50
10 -50.0 50
11 -50.0 50
12 -50.0 50
13 -50.0 50
14 -50.0 50
15 -50.0 50
16 -50.0 50
17 -50.0 50
18 -50.0 50
19 -50.0 50
20 -50.0 50
21 -50.0 50
22 -22.0 22
23 -50.0 50
24 -50.0 50
25 -50.0 50
26 -50.0 50
27 -50.0 50
28 -30.0 30
29 -50.0 50
30 -50.0 50
31 -50.0 50
32 -50.0 50
33 -50.0 50
34 -50.0 50
35 -50.0 50
36 -50.0 50
37 -28.0 28
38 -39.0 39
39 -50.0 50
40 -50.0 50
41 -50.0 50
42 -50.0 50
43 -46.0 46
44 -50.0 50
45 -50.0 50
46 -50.0 50
47 -50.0 50
48 -50.0 50
49 -50.0 50
50 -50.0 50
51 -50.0 50
52 -24.0 24
53 -50.0 50
54 -22.0 22
55 -35.0 35
56 -11.0 11
57 -10.0 10
58 -16.0 16
59 -21.0 21
60 -9.0 9
61 -9.0 9
62 -9.0 9
63 -11.0 11
64 -13.0 13
0 -50.0 50
1 -50.0 50
2 -50.0 50
3 -50.0 50
4 -50.0 50
5 -50.0 50
6 -50.0 50
7 -50.0 50
8 -50.0 50
9 -50.0 50
10 -50.0 50
11 -33.0 33
12 -50.0 50
13 -50.0 50
14 -50.0 50
15 -50.0 50
16 -50.0 50
17 -50.0 50
18 -50.0 50
19 -50.0 50
20 -50.0 50
21 -50.0 50
22 -36.0 36
23 -50.0 50
24 -50.0 50
25 -50.0 50
26 -50.0 50
27 -50.0 50
28 -50.0 50
29 -50.0 50
30 -50.0 50
31 -50.0 50
32 -50.0 50
33 -50.0 50
34 -50.0 50
35 -50.0 50
36 -50.0 50
37 -50.0 50
38 -37.0 37
39 -50.0 50
40 -28.0 28
41 -50.0 50
42 -35.0 35
43 -36.0 36
44 -11.0 11
45 -50.0 50
46 -10.0 10
47 -9.0 9
48 -11.0 11
49 -12.0 12
50 -10.0 10
51 -31.0 31
52 -11.0 11
53 -9.0 9
54 -9.0 9
55 -25.0 25
56 -50.0 50
57 -39.0 39
58 -13.0 13
59 -9.0 9
60 -11.0 11
61 -9.0 9
62 -9.0 9
63 -9.0 9
64 -9.0 9
0 -50.0 50
1 -50.0 50
2 -50.0 50
3 -50.0 50
4 -50.0 50
5 -50.0 50
6 -50.0 50
7 -50.0 50
8 -50.0 50
9 -50.0 50
10 -50.0 50
11 -50.0 50
12 -50.0 50
13 -50.0 50
14 -50.0 50
15 -50.0 50
16 -50.0 50
17 -50.0 50
18 -50.0 50
19 -50.0 50
20 -50.0 50
21 -50.0 50
22 -50.0 50
23 -50.0 50
24 -38.0 38
25 -50.0 50
26 -50.0 50
27 -50.0 50
28 -49.0 49
29 -50.0 50
30 -50.0 50
31 -50.0 50
32 -50.0 50
33 -50.0 50
34 -50.0 50
35 -50.0 50
36 -50.0 50
37 -50.0 50
38 -50.0 50
39 -32.0 32
40 -18.0 18
41 -50.0 50
42 -50.0 50
43 -49.0 49
44 -50.0 50
45 -14.0 14
46 -20.0 20
47 -18.0 18
48 -16.0 16
49 -17.0 17
50 -14.0 14
51 -14.0 14
52 -14.0 14
53 -16.0 16
54 -18.0 18
55 -24.0 24
56 -22.0 22
57 -26.0 26
58 -26.0 26
59 -9.0 9
60 -9.0 9
61 -9.0 9
62 -9.0 9
63 -9.0 9
64 -9.0 9
0 -50.0 50
1 -50.0 50
2 -50.0 50
3 -50.0 50
4 -50.0 50
5 -50.0 50
6 -50.0 50
7 -50.0 50
8 -50.0 50
9 -50.0 50
10 -50.0 50
11 -50.0 50
12 -50.0 50
13 -50.0 50
14 -50.0 50
15 -50.0 50
16 -50.0 50
17 -50.0 50
18 -50.0 50
19 -50.0 50
20 -50.0 50
21 -50.0 50
22 -50.0 50
23 -22.0 22
24 -50.0 50
25 -50.0 50
26 -50.0 50
27 -50.0 50
28 -50.0 50
29 -50.0 50
30 -50.0 50
31 -50.0 50
32 -50.0 50
33 -41.0 41
34 -50.0 50
35 -50.0 50
36 -50.0 50
37 -50.0 50
38 -26.0 26
39 -50.0 50
40 -50.0 50
41 -50.0 50
42 -50.0 50
43 -50.0 50
44 -50.0 50
45 -50.0 50
46 -50.0 50
47 -50.0 50
48 -36.0 36
49 -16.0 16
50 -24.0 24
51 -34.0 34
52 -18.0 18
53 -23.0 23
54 -20.0 20
55 -20.0 20
56 -50.0 50
57 -50.0 50
58 -50.0 50
59 -50.0 50
60 -13.0 13
61 -12.0 12
62 -12.0 12
63 -11.0 11
64 -9.0 9
0 -50.0 50
1 -50.0 50
2 -50.0 50
3 -50.0 50
4 -50.0 50
5 -50.0 50
6 -50.0 50
7 -50.0 50
8 -50.0 50
9 -50.0 50
10 -50.0 50
11 -50.0 50
12 -50.0 50
13 -50.0 50
14 -50.0 50
15 -50.0 50
16 -50.0 50
17 -50.0 50
18 -50.0 50
19 -50.0 50
20 -50.0 50
21 -50.0 50
22 -50.0 50
23 -42.0 42
24 -50.0 50
25 -50.0 50
26 -50.0 50
27 -50.0 50
28 -50.0 50
29 -50.0 50
30 -50.0 50
31 -19.0 19
32 -50.0 50
33 -50.0 50
34 -50.0 50
35 -50.0 50
36 -50.0 50
37 -50.0 50
38 -17.0 17
39 -50.0 50
40 -50.0 50
41 -50.0 50
42 -20.0 20
43 -50.0 50
44 -50.0 50
45 -50.0 50
46 -50.0 50
47 -26.0 26
48 -16.0 16
49 -16.0 16
50 -17.0 17
51 -13.0 13
52 -27.0 27
53 -38.0 38
54 -9.0 9
55 -11.0 11
56 -10.0 10
57 -14.0 14
58 -13.0 13
59 -11.0 11
60 -9.0 9
61 -9.0 9
62 -9.0 9
63 -9.0 9
64 -11.0 11
0 -50.0 50
1 -50.0 50
2 -50.0 50
3 -50.0 50
4 -50.0 50
5 -50.0 50
6 -50.0 50
7 -50.0 50
8 -50.0 50
9 -50.0 50
10 -50.0 50
11 -28.0 28
12 -50.0 50
13 -50.0 50
14 -50.0 50
15 -50.0 50
16 -50.0 50
17 -50.0 50
18 -50.0 50
19 -50.0 50
20 -50.0 50
21 -50.0 50
22 -50.0 50
23 -50.0 50
24 -45.0 45
25 -50.0 50
26 -50.0 50
27 -50.0 50
28 -50.0 50
29 -50.0 50
30 -50.0 50
31 -50.0 50
32 -50.0 50
33 -50.0 50
34 -20.0 20
35 -50.0 50
36 -50.0 50
37 -50.0 50
38 -50.0 50
39 -50.0 50
40 -13.0 13
41 -12.0 12
42 -18.0 18
43 -11.0 11
44 -15.0 15
45 -13.0 13
46 -50.0 50
47 -17.0 17
48 -9.0 9
49 -11.0 11
50 -12.0 12
51 -22.0 22
52 -10.0 10
53 -12.0 12
54 -13.0 13
55 -18.0 18
56 -12.0 12
57 -12.0 12
58 -9.0 9
59 -9.0 9
60 -9.0 9
61 -9.0 9
62 -9.0 9
63 -9.0 9
64 -9.0 9
0 -50.0 50
1 -50.0 50
2 -50.0 50
3 -50.0 50
4 -50.0 50
5 -50.0 50
6 -50.0 50
7 -50.0 50
8 -30.0 30
9 -50.0 50
10 -50.0 50
11 -50.0 50
12 -50.0 50
13 -50.0 50
14 -50.0 50
15 -50.0 50
16 -50.0 50
17 -50.0 50
18 -50.0 50
19 -50.0 50
20 -50.0 50
21 -50.0 50
22 -50.0 50
23 -50.0 50
24 -50.0 50
25 -50.0 50
26 -50.0 50
27 -50.0 50
28 -48.0 48
29 -44.0 44
30 -50.0 50
31 -50.0 50
32 -50.0 50
33 -50.0 50
34 -50.0 50
35 -50.0 50
36 -50.0 50
37 -46.0 46
38 -50.0 50
39 -50.0 50
40 -50.0 50
41 -50.0 50
42 -31.0 31
43 -50.0 50
44 -50.0 50
45 -50.0 50
46 -12.0 12
47 -13.0 13
48 -45.0 45
49 -41.0 41
50 -12.0 12
51 -11.0 11
52 -11.0 11
53 -22.0 22
54 -43.0 43
55 -27.0 27
56 -50.0 50
57 -50.0 50
58 -50.0 50
59 -50.0 50
60 -50.0 50
61 -17.0 17
62 -9.0 9
63 -9.0 9
64 -9.0 9
0 -50.0 50
1 -50.0 50
2 -50.0 50
3 -50.0 50
4 -50.0 50
5 -50.0 50
6 -50.0 50
7 -50.0 50
8 -50.0 50
9 -50.0 50
10 -50.0 50
11 -50.0 50
12 -50.0 50
13 -50.0 50
14 -50.0 50
15 -50.0 50
16 -50.0 50
17 -50.0 50
18 -50.0 50
19 -50.0 50
20 -50.0 50
21 -50.0 50
22 -50.0 50
23 -50.0 50
24 -43.0 43
25 -50.0 50
26 -50.0 50
27 -50.0 50
28 -32.0 32
29 -50.0 50
30 -50.0 50
31 -50.0 50
32 -50.0 50
33 -50.0 50
34 -39.0 39
35 -24.0 24
36 -50.0 50
37 -50.0 50
38 -50.0 50
39 -50.0 50
40 -50.0 50
41 -50.0 50
42 -50.0 50
43 -50.0 50
44 -50.0 50
45 -50.0 50
46 -50.0 50
47 -50.0 50
48 -20.0 20
49 -14.0 14
50 -15.0 15
51 -22.0 22
52 -25.0 25
53 -26.0 26
54 -25.0 25
55 -17.0 17
56 -9.0 9
57 -9.0 9
58 -9.0 9
59 -9.0 9
60 -9.0 9
61 -17.0 17
62 -18.0 18
63 -13.0 13
64 -15.0 15
0 -50.0 50
1 -50.0 50
2 -50.0 50
3 -50.0 50
4 -50.0 50
5 -50.0 50
6 -50.0 50
7 -50.0 50
8 -50.0 50
9 -50.0 50
10 -50.0 50
11 -50.0 50
12 -50.0 50
13 -50.0 50
14 -50.0 50
15 -50.0 50
16 -50.0 50
17 -50.0 50
18 -50.0 50
19 -50.0 50
20 -50.0 50
21 -50.0 50
22 -50.0 50
23 -16.0 16
24 -43.0 43
25 -50.0 50
26 -50.0 50
27 -50.0 50
28 -50.0 50
29 -50.0 50
30 -50.0 50
31 -50.0 50
32 -50.0 50
33 -50.0 50
34 -50.0 50
35 -50.0 50
36 -50.0 50
37 -50.0 50
38 -50.0 50
39 -47.0 47
40 -43.0 43
41 -50.0 50
42 -50.0 50
43 -50.0 50
44 -50.0 50
45 -46.0 46
46 -47.0 47
47 -50.0 50
48 -48.0 48
49 -13.0 13
50 -12.0 12
51 -17.0 17
52 -50.0 50
53 -50.0 50
54 -11.0 11
55 -9.0 9
56 -9.0 9
57 -11.0 11
58 -16.0 16
59 -12.0 12
60 -13.0 13
61 -9.0 9
62 -9.0 9
63 -9.0 9
64 -9.0 9
0 -50.0 50
1 -50.0 50
2 -50.0 50
3 -50.0 50
4 -50.0 50
5 -50.0 50
6 -50.0 50
7 -50.0 50
8 -50.0 50
9 -50.0 50
10 -50.0 50
11 -50.0 50
12 -50.0 50
13 -50.0 50
14 -50.0 50
15 -29.0 29
16 -50.0 50
17 -50.0 50
18 -50.0 50
19 -50.0 50
20 -50.0 50
21 -50.0 50
22 -50.0 50
23 -50.0 50
24 -25.0 25
25 -50.0 50
26 -50.0 50
27 -50.0 50
28 -50.0 50
29 -50.0 50
30 -45.0 45
31 -50.0 50
32 -50.0 50
33 -50.0 50
34 -50.0 50
35 -50.0 50
36 -50.0 50
37 -30.0 30
38 -12.0 12
39 -20.0 20
40 -15.0 15
41 -50.0 50
42 -50.0 50
43 -17.0 17
44 -17.0 17
45 -30.0 30
46 -14.0 14
47 -50.0 50
48 -28.0 28
49 -9.0 9
50 -15.0 15
51 -14.0 14
52 -11.0 11
53 -12.0 12
54 -11.0 11
55 -13.0 13
56 -15.0 15
57 -9.0 9
58 -9.0 9
59 -9.0 9
60 -9.0 9
61 -9.0 9
62 -11.0 11
63 -12.0 12
64 -9.0 9
0 -50.0 50
1 -50.0 50
2 -50.0 50
3 -50.0 50
4 -50.0 50
5 -50.0 50
6 -46.0 46
7 -50.0 50
8 -50.0 50
9 -50.0 50
10 -50.0 50
11 -50.0 50
12 -50.0 50
13 -47.0 47
14 -50.0 50
15 -50.0 50
16 -50.0 50
17 -50.0 50
18 -50.0 50
19 -50.0 50
20 -50.0 50
21 -50.0 50
22 -50.0 50
23 -50.0 50
24 -50.0 50
25 -50.0 50
26 -50.0 50
27 -50.0 50
28 -50.0 50
29 -35.0 35
30 -50.0 50
31 -50.0 50
32 -26.0 26
33 -50.0 50
34 -50.0 50
35 -50.0 50
36 -50.0 50
37 -50.0 50
38 -50.0 50
39 -50.0 50
40 -50.0 50
41 -50.0 50
42 -30.0 30
43 -37.0 37
44 -25.0 25
45 -44.0 44
46 -50.0 50
47 -50.0 50
48 -50.0 50
49 -31.0 31
50 -23.0 23
51 -50.0 50
52 -11.0 11
53 -11.0 11
54 -14.0 14
55 -19.0 19
56 -9.0 9
57 -14.0 14
58 -13.0 13
59 -16.0 16
60 -17.0 17
61 -11.0 11
62 -9.0 9
63 -9.0 9
64 -9.0 9
0 -50.0 50
1 -50.0 50
2 -50.0 50
3 -50.0 50
4 -50.0 50
5 -50.0 50
6 -50.0 50
7 -50.0 50
8 -50.0 50
9 -50.0 50
10 -50.0 50
11 -50.0 50
12 -50.0 50
13 -50.0 50
14 -50.0 50
15 -50.0 50
16 -50.0 50
17 -50.0 50
18 -50.0 50
19 -50.0 50
20 -50.0 50
21 -50.0 50
22 -28.0 28
23 -50.0 50
24 -50.0 50
25 -50.0 50
26 -50.0 50
27 -47.0 47
28 -50.0 50
29 -46.0 46
30 -50.0 50
31 -50.0 50
32 -31.0 31
33 -50.0 50
34 -50.0 50
35 -50.0 50
36 -50.0 50
37 -50.0 50
38 -50.0 50
39 -20.0 20
40 -50.0 50
41 -50.0 50
42 -50.0 50
43 -50.0 50
44 -50.0 50
45 -50.0 50
46 -42.0 42
47 -31.0 31
48 -24.0 24
49 -35.0 35
50 -13.0 13
51 -16.0 16
52 -17.0 17
53 -13.0 13
54 -17.0 17
55 -16.0 16
56 -12.0 12
57 -13.0 13
58 -33.0 33
59 -19.0 19
60 -11.0 11
61 -11.0 11
62 -9.0 9
63 -9.0 9
64 -9.0 9
0 -50.0 50
1 -50.0 50
2 -50.0 50
3 -50.0 50
4 -50.0 50
5 -50.0 50
6 -50.0 50
7 -50.0 50
8 -50.0 50
9 -50.0 50
10 -50.0 50
11 -50.0 50
12 -50.0 50
13 -50.0 50
14 -50.0 50
15 -50.0 50
16 -50.0 50
17 -50.0 50
18 -50.0 50
19 -13.0 13
20 -27.0 27
21 -50.0 50
22 -50.0 50
23 -50.0 50
24 -50.0 50
25 -50.0 50
26 -50.0 50
27 -21.0 21
28 -50.0 50
29 -50.0 50
30 -50.0 50
31 -50.0 50
32 -50.0 50
33 -50.0 50
34 -29.0 29
35 -47.0 47
36 -50.0 50
37 -50.0 50
38 -50.0 50
39 -50.0 50
40 -50.0 50
41 -16.0 16
42 -25.0 25
43 -50.0 50
44 -50.0 50
45 -50.0 50
46 -50.0 50
47 -50.0 50
48 -50.0 50
49 -50.0 50
50 -37.0 37
51 -50.0 50
52 -28.0 28
53 -26.0 26
54 -17.0 17
55 -20.0 20
56 -24.0 24
57 -11.0 11
58 -10.0 10
59 -9.0 9
60 -11.0 11
61 -14.0 14
62 -18.0 18
63 -50.0 50
64 -25.0 25
0 -50.0 50
1 -50.0 50
2 -50.0 50
3 -50.0 50
4 -50.0 50
5 -50.0 50
6 -50.0 50
7 -50.0 50
8 -50.0 50
9 -50.0 50
10 -50.0 50
11 -50.0 50
12 -50.0 50
13 -50.0 50
14 -50.0 50
15 -50.0 50
16 -50.0 50
17 -28.0 28
18 -50.0 50
19 -50.0 50
20 -50.0 50
21 -50.0 50
22 -50.0 50
23 -50.0 50
24 -50.0 50
25 -50.0 50
26 -42.0 42
27 -50.0 50
28 -50.0 50
29 -50.0 50
30 -50.0 50
31 -50.0 50
32 -50.0 50
33 -50.0 50
34 -50.0 50
35 -50.0 50
36 -50.0 50
37 -28.0 28
38 -50.0 50
39 -50.0 50
40 -50.0 50
41 -50.0 50
42 -30.0 30
43 -15.0 15
44 -12.0 12
45 -14.0 14
46 -16.0 16
47 -18.0 18
48 -30.0 30
49 -50.0 50
50 -50.0 50
51 -50.0 50
52 -50.0 50
53 -50.0 50
54 -50.0 50
55 -50.0 50
56 -50.0 50
57 -35.0 35
58 -50.0 50
59 -44.0 44
60 -50.0 50
61 -50.0 50
62 -50.0 50
63 -50.0 50
64 -13.0 13
0 -50.0 50
1 -50.0 50
2 -50.0 50
3 -50.0 50
4 -50.0 50
5 -50.0 50
6 -50.0 50
7 -50.0 50
8 -50.0 50
9 -50.0 50
10 -50.0 50
11 -50.0 50
12 -45.0 45
13 -50.0 50
14 -50.0 50
15 -50.0 50
16 -50.0 50
17 -50.0 50
18 -50.0 50
19 -50.0 50
20 -50.0 50
21 -50.0 50
22 -50.0 50
23 -50.0 50
24 -50.0 50
25 -41.0 41
26 -50.0 50
27 -50.0 50
28 -50.0 50
29 -50.0 50
30 -50.0 50
31 -50.0 50
32 -50.0 50
33 -40.0 40
34 -50.0 50
35 -50.0 50
36 -50.0 50
37 -50.0 50
38 -36.0 36
39 -50.0 50
40 -50.0 50
41 -47.0 47
42 -50.0 50
43 -39.0 39
44 -50.0 50
45 -50.0 50
46 -33.0 33
47 -50.0 50
48 -50.0 50
49 -20.0 20
50 -17.0 17
51 -22.0 22
52 -22.0 22
53 -40.0 40
54 -50.0 50
55 -50.0 50
56 -50.0 50
57 -50.0 50
58 -48.0 48
59 -16.0 16
60 -16.0 16
61 -13.0 13
62 -14.0 14
63 -12.0 12
64 -13.0 13
0 -50.0 50
1 -50.0 50
2 -50.0 50
3 -50.0 50
4 -50.0 50
5 -50.0 50
6 -50.0 50
7 -50.0 50
8 -50.0 50
9 -50.0 50
10 -50.0 50
11 -50.0 50
12 -50.0 50
13 -50.0 50
14 -50.0 50
15 -40.0 40
16 -50.0 50
17 -50.0 50
18 -50.0 50
19 -50.0 50
20 -50.0 50
21 -50.0 50
22 -50.0 50
23 -50.0 50
24 -50.0 50
25 -50.0 50
26 -50.0 50
27 -50.0 50
28 -50.0 50
29 -50.0 50
30 -50.0 50
31 -50.0 50
32 -37.0 37
33 -29.0 29
34 -50.0 50
35 -50.0 50
36 -50.0 50
37 -50.0 50
38 -18.0 18
39 -50.0 50
40 -22.0 22
41 -50.0 50
42 -50.0 50
43 -50.0 50
44 -50.0 50
45 -17.0 17
46 -19.0 19
47 -14.0 14
48 -12.0 12
49 -12.0 12
50 -13.0 13
51 -18.0 18
52 -43.0 43
53 -11.0 11
54 -10.0 10
55 -17.0 17
56 -20.0 20
57 -9.0 9
58 -9.0 9
59 -9.0 9
60 -9.0 9
61 -9.0 9
62 -9.0 9
63 -11.0 11
64 -11.0 11
0 -50.0 50
1 -50.0 50
2 -50.0 50
3 -50.0 50
4 -50.0 50
5 -50.0 50
6 -50.0 50
7 -50.0 50
8 -50.0 50
9 -50.0 50
10 -50.0 50
11 -50.0 50
12 -50.0 50
13 -36.0 36
14 -50.0 50
15 -50.0 50
16 -50.0 50
17 -50.0 50
18 -50.0 50
19 -50.0 50
20 -50.0 50
21 -50.0 50
22 -50.0 50
23 -50.0 50
24 -50.0 50
25 -33.0 33
26 -50.0 50
27 -50.0 50
28 -50.0 50
29 -50.0 50
30 -50.0 50
31 -50.0 50
32 -50.0 50
33 -50.0 50
34 -50.0 50
35 -50.0 50
36 -50.0 50
37 -45.0 45
38 -15.0 15
39 -23.0 23
40 -50.0 50
41 -50.0 50
42 -50.0 50
43 -34.0 34
44 -15.0 15
45 -27.0 27
46 -18.0 18
47 -50.0 50
48 -11.0 11
49 -9.0 9
50 -11.0 11
51 -9.0 9
52 -14.0 14
53 -29.0 29
54 -14.0 14
55 -9.0 9
56 -11.0 11
57 -18.0 18
58 -24.0 24
59 -39.0 39
60 -12.0 12
61 -9.0 9
62 -9.0 9
63 -9.0 9
64 -9.0 9
0 -50.0 50
1 -50.0 50
2 -50.0 50
3 -50.0 50
4 -50.0 50
5 -45.0 45
6 -50.0 50
7 -50.0 50
8 -50.0 50
9 -50.0 50
10 -50.0 50
11 -50.0 50
12 -50.0 50
13 -50.0 50
14 -50.0 50
15 -50.0 50
16 -50.0 50
17 -50.0 50
18 -50.0 50
19 -50.0 50
20 -50.0 50
21 -46.0 46
22 -50.0 50
23 -50.0 50
24 -50.0 50
25 -50.0 50
26 -50.0 50
27 -50.0 50
28 -50.0 50
29 -50.0 50
30 -50.0 50
31 -50.0 50
32 -50.0 50
33 -22.0 22
34 -44.0 44
35 -50.0 50
36 -37.0 37
37 -50.0 50
38 -50.0 50
39 -50.0 50
40 -50.0 50
41 -50.0 50
42 -50.0 50
43 -40.0 40
44 -50.0 50
45 -50.0 50
46 -50.0 50
47 -50.0 50
48 -50.0 50
49 -50.0 50
50 -21.0 21
51 -44.0 44
52 -12.0 12
53 -9.0 9
54 -11.0 11
55 -12.0 12
56 -14.0 14
57 -17.0 17
58 -50.0 50
59 -39.0 39
60 -9.0 9
61 -9.0 9
62 -9.0 9
63 -9.0 9
64 -9.0 9
0 -50.0 50
1 -50.0 50
2 -50.0 50
3 -50.0 50
4 -50.0 50
5 -50.0 50
6 -50.0 50
7 -50.0 50
8 -50.0 50
9 -50.0 50
10 -50.0 50
11 -50.0 50
12 -50.0 50
13 -50.0 50
14 -50.0 50
15 -50.0 50
16 -50.0 50
17 -50.0 50
18 -50.0 50
19 -50.0 50
20 -50.0 50
21 -50.0 50
22 -50.0 50
23 -50.0 50
24 -50.0 50
25 -50.0 50
26 -50.0 50
27 -50.0 50
28 -50.0 50
29 -50.0 50
30 -47.0 47
31 -50.0 50
32 -50.0 50
33 -50.0 50
34 -50.0 50
35 -50.0 50
36 -50.0 50
37 -50.0 50
38 -50.0 50
39 -25.0 25
40 -18.0 18
41 -50.0 50
42 -16.0 16
43 -9.0 9
44 -9.0 9
45 -22.0 22
46 -24.0 24
47 -15.0 15
48 -14.0 14
49 -15.0 15
50 -34.0 34
51 -50.0 50
52 -31.0 31
53 -33.0 33
54 -50.0 50
55 -24.0 24
56 -50.0 50
57 -50.0 50
58 -50.0 50
59 -50.0 50
60 -50.0 50
61 -39.0 39
62 -19.0 19
63 -13.0 13
64 -14.0 14
0 -50.0 50
1 -50.0 50
2 -50.0 50
3 -50.0 50
4 -50.0 50
5 -50.0 50
6 -50.0 50
7 -50.0 50
8 -50.0 50
9 -50.0 50
10 -50.0 50
11 -50.0 50
12 -50.0 50
13 -50.0 50
14 -50.0 50
15 -50.0 50
16 -36.0 36
17 -50.0 50
18 -50.0 50
19 -50.0 50
20 -50.0 50
21 -50.0 50
22 -50.0 50
23 -50.0 50
24 -50.0 50
25 -21.0 21
26 -50.0 50
27 -50.0 50
28 -50.0 50
29 -50.0 50
30 -50.0 50
31 -50.0 50
32 -36.0 36
33 -50.0 50
34 -43.0 43
35 -50.0 50
36 -47.0 47
37 -45.0 45
38 -50.0 50
39 -50.0 50
40 -50.0 50
41 -50.0 50
42 -50.0 50
43 -19.0 19
44 -50.0 50
45 -23.0 23
46 -28.0 28
47 -50.0 50
48 -50.0 50
49 -16.0 16
50 -15.0 15
51 -15.0 15
52 -17.0 17
53 -15.0 15
54 -14.0 14
55 -50.0 50
56 -50.0 50
57 -44.0 44
58 -12.0 12
59 -9.0 9
60 -11.0 11
61 -12.0 12
62 -16.0 16
63 -12.0 12
64 -15.0 15
0 -50.0 50
1 -50.0 50
2 -50.0 50
3 -50.0 50
4 -50.0 50
5 -50.0 50
6 -50.0 50
7 -25.0 25
8 -50.0 50
9 -50.0 50
10 -50.0 50
11 -50.0 50
12 -50.0 50
13 -50.0 50
14 -50.0 50
15 -50.0 50
16 -50.0 50
17 -50.0 50
18 -50.0 50
19 -50.0 50
20 -50.0 50
21 -50.0 50
22 -50.0 50
23 -50.0 50
24 -50.0 50
25 -50.0 50
26 -50.0 50
27 -50.0 50
28 -50.0 50
29 -50.0 50
30 -50.0 50
31 -50.0 50
32 -50.0 50
33 -50.0 50
34 -50.0 50
35 -28.0 28
36 -50.0 50
37 -50.0 50
38 -34.0 34
39 -50.0 50
40 -50.0 50
41 -50.0 50
42 -36.0 36
43 -50.0 50
44 -50.0 50
45 -50.0 50
46 -50.0 50
47 -18.0 18
48 -50.0 50
49 -10.0 10
50 -50.0 50
51 -12.0 12
52 -12.0 12
53 -16.0 16
54 -17.0 17
55 -33.0 33
56 -14.0 14
57 -13.0 13
58 -11.0 11
59 -11.0 11
60 -9.0 9
61 -9.0 9
62 -9.0 9
63 -9.0 9
64 -11.0 11
0 -50.0 50
1 -50.0 50
2 -50.0 50
3 -50.0 50
4 -50.0 50
5 -50.0 50
6 -50.0 50
7 -50.0 50
8 -50.0 50
9 -50.0 50
10 -50.0 50
11 -50.0 50
12 -50.0 50
13 -50.0 50
14 -28.0 28
15 -50.0 50
16 -50.0 50
17 -50.0 50
18 -50.0 50
19 -50.0 50
20 -50.0 50
21 -50.0 50
22 -50.0 50
23 -50.0 50
24 -50.0 50
25 -31.0 31
26 -50.0 50
27 -50.0 50
28 -50.0 50
29 -50.0 50
30 -50.0 50
31 -50.0 50
32 -16.0 16
33 -21.0 21
34 -50.0 50
35 -50.0 50
36 -50.0 50
37 -50.0 50
38 -50.0 50
39 -34.0 34
40 -50.0 50
41 -50.0 50
42 -50.0 50
43 -46.0 46
44 -50.0 50
45 -50.0 50
46 -24.0 24
47 -50.0 50
48 -23.0 23
49 -50.0 50
50 -18.0 18
51 -9.0 9
52 -17.0 17
53 -27.0 27
54 -19.0 19
55 -38.0 38
56 -20.0 20
57 -9.0 9
58 -11.0 11
59 -17.0 17
60 -14.0 14
61 -11.0 11
62 -9.0 9
63 -9.0 9
64 -9.0 9
0 -36.0 36
1 -50.0 50
2 -50.0 50
3 -50.0 50
4 -50.0 50
5 -50.0 50
6 -50.0 50
7 -50.0 50
8 -50.0 50
9 -50.0 50
10 -50.0 50
11 -50.0 50
12 -50.0 50
13 -50.0 50
14 -50.0 50
15 -50.0 50
16 -50.0 50
17 -50.0 50
18 -50.0 50
19 -50.0 50
20 -50.0 50
21 -40.0 40
22 -50.0 50
23 -50.0 50
24 -50.0 50
25 -50.0 50
26 -50.0 50
27 -50.0 50
28 -50.0 50
29 -47.0 47
30 -50.0 50
31 -50.0 50
32 -50.0 50
33 -50.0 50
34 -50.0 50
35 -50.0 50
36 -50.0 50
37 -42.0 42
38 -50.0 50
39 -50.0 50
40 -50.0 50
41 -50.0 50
42 -30.0 30
43 -36.0 36
44 -20.0 20
45 -9.0 9
46 -9.0 9
47 -14.0 14
48 -10.0 10
49 -50.0 50
50 -9.0 9
51 -9.0 9
52 -9.0 9
53 -11.0 11
54 -10.0 10
55 -11.0 11
56 -11.0 11
57 -14.0 14
58 -30.0 30
59 -9.0 9
60 -9.0 9
61 -9.0 9
62 -9.0 9
63 -9.0 9
64 -9.0 9
0 -50.0 50
1 -50.0 50
2 -50.0 50
3 -50.0 50
4 -50.0 50
5 -50.0 50
6 -50.0 50
7 -50.0 50
8 -50.0 50
9 -50.0 50
10 -50.0 50
11 -50.0 50
12 -50.0 50
13 -50.0 50
14 -50.0 50
15 -50.0 50
16 -44.0 44
17 -50.0 50
18 -50.0 50
19 -50.0 50
20 -50.0 50
21 -50.0 50
22 -35.0 35
23 -50.0 50
24 -50.0 50
25 -50.0 50
26 -50.0 50
27 -50.0 50
28 -50.0 50
29 -50.0 50
30 -50.0 50
31 -50.0 50
32 -50.0 50
33 -50.0 50
34 -50.0 50
35 -12.0 12
36 -23.0 23
37 -50.0 50
38 -50.0 50
39 -50.0 50
40 -50.0 50
41 -50.0 50
42 -50.0 50
43 -50.0 50
44 -50.0 50
45 -38.0 38
46 -50.0 50
47 -15.0 15
48 -41.0 41
49 -15.0 15
50 -14.0 14
51 -18.0 18
52 -31.0 31
53 -50.0 50
54 -15.0 15
55 -12.0 12
56 -9.0 9
57 -9.0 9
58 -9.0 9
59 -9.0 9
60 -9.0 9
61 -11.0 11
62 -10.0 10
63 -14.0 14
64 -12.0 12
0 -50.0 50
1 -50.0 50
2 -50.0 50
3 -50.0 50
4 -50.0 50
5 -50.0 50
6 -50.0 50
7 -50.0 50
8 -50.0 50
9 -50.0 50
10 -50.0 50
11 -50.0 50
12 -50.0 50
13 -50.0 50
14 -50.0 50
15 -50.0 50
16 -50.0 50
17 -50.0 50
18 -37.0 37
19 -50.0 50
20 -50.0 50
21 -50.0 50
22 -50.0 50
23 -50.0 50
24 -50.0 50
25 -50.0 50
26 -50.0 50
27 -50.0 50
28 -50.0 50
29 -50.0 50
30 -50.0 50
31 -50.0 50
32 -41.0 41
33 -50.0 50
34 -50.0 50
35 -34.0 34
36 -50.0 50
37 -50.0 50
38 -50.0 50
39 -50.0 50
40 -50.0 50
41 -50.0 50
42 -48.0 48
43 -31.0 31
44 -20.0 20
45 -50.0 50
46 -50.0 50
47 -50.0 50
48 -32.0 32
49 -24.0 24
50 -26.0 26
51 -14.0 14
52 -13.0 13
53 -11.0 11
54 -13.0 13
55 -18.0 18
56 -50.0 50
57 -11.0 11
58 -13.0 13
59 -14.0 14
60 -11.0 11
61 -9.0 9
62 -9.0 9
63 -9.0 9
64 -9.0 9
0 -50.0 50
1 -50.0 50
2 -50.0 50
3 -42.0 42
4 -50.0 50
5 -50.0 50
6 -50.0 50
7 -50.0 50
8 -50.0 50
9 -50.0 50
10 -50.0 50
11 -50.0 50
12 -50.0 50
13 -42.0 42
14 -50.0 50
15 -50.0 50
16 -50.0 50
17 -50.0 50
18 -50.0 50
19 -50.0 50
20 -50.0 50
21 -50.0 50
22 -50.0 50
23 -50.0 50
24 -50.0 50
25 -50.0 50
26 -50.0 50
27 -50.0 50
28 -50.0 50
29 -50.0 50
30 -50.0 50
31 -50.0 50
32 -50.0 50
33 -15.0 15
34 -50.0 50
35 -50.0 50
36 -29.0 29
37 -25.0 25
38 -19.0 19
39 -22.0 22
40 -50.0 50
41 -45.0 45
42 -50.0 50
43 -50.0 50
44 -50.0 50
45 -29.0 29
46 -18.0 18
47 -20.0 20
48 -37.0 37
49 -50.0 50
50 -50.0 50
51 -50.0 50
52 -50.0 50
53 -50.0 50
54 -50.0 50
55 -50.0 50
56 -50.0 50
57 -49.0 49
58 -18.0 18
59 -21.0 21
60 -23.0 23
61 -12.0 12
62 -13.0 13
63 -14.0 14
64 -14.0 14
0 -50.0 50
1 -50.0 50
2 -50.0 50
3 -50.0 50
4 -50.0 50
5 -50.0 50
6 -50.0 50
7 -50.0 50
8 -50.0 50
9 -50.0 50
10 -50.0 50
11 -50.0 50
12 -50.0 50
13 -50.0 50
14 -50.0 50
15 -50.0 50
16 -50.0 50
17 -50.0 50
18 -50.0 50
19 -50.0 50
20 -50.0 50
21 -50.0 50
22 -50.0 50
23 -50.0 50
24 -50.0 50
25 -50.0 50
26 -50.0 50
27 -23.0 23
28 -18.0 18
29 -50.0 50
30 -50.0 50
31 -50.0 50
32 -50.0 50
33 -44.0 44
34 -50.0 50
35 -50.0 50
36 -50.0 50
37 -50.0 50
38 -50.0 50
39 -50.0 50
40 -46.0 46
41 -50.0 50
42 -50.0 50
43 -50.0 50
44 -50.0 50
45 -50.0 50
46 -50.0 50
47 -50.0 50
48 -50.0 50
49 -27.0 27
50 -21.0 21
51 -20.0 20
52 -21.0 21
53 -16.0 16
54 -23.0 23
55 -50.0 50
56 -50.0 50
57 -50.0 50
58 -37.0 37
59 -50.0 50
60 -50.0 50
61 -50.0 50
62 -50.0 50
63 -50.0 50
64 -50.0 50
0 -50.0 50
1 -50.0 50
2 -50.0 50
3 -50.0 50
4 -50.0 50
5 -50.0 50
6 -50.0 50
7 -50.0 50
8 -50.0 50
9 -50.0 50
10 -50.0 50
11 -50.0 50
12 -50.0 50
13 -50.0 50
14 -50.0 50
15 -50.0 50
16 -50.0 50
17 -50.0 50
18 -49.0 49
19 -50.0 50
20 -50.0 50
21 -50.0 50
22 -50.0 50
23 -50.0 50
24 -50.0 50
25 -50.0 50
26 -50.0 50
27 -50.0 50
28 -30.0 30
29 -50.0 50
30 -50.0 50
31 -50.0 50
32 -50.0 50
33 -50.0 50
34 -50.0 50
35 -50.0 50
36 -50.0 50
37 -50.0 50
38 -28.0 28
39 -42.0 42
40 -50.0 50
41 -43.0 43
42 -50.0 50
43 -50.0 50
44 -11.0 11
45 -22.0 22
46 -37.0 37
47 -39.0 39
48 -10.0 10
49 -11.0 11
50 -12.0 12
51 -11.0 11
52 -11.0 11
53 -16.0 16
54 -19.0 19
55 -9.0 9
56 -9.0 9
57 -9.0 9
58 -12.0 12
59 -9.0 9
60 -9.0 9
61 -9.0 9
62 -9.0 9
63 -11.0 11
64 -11.0 11
0 -50.0 50
1 -50.0 50
2 -50.0 50
3 -50.0 50
4 -50.0 50
5 -50.0 50
6 -50.0 50
7 -50.0 50
8 -50.0 50
9 -50.0 50
10 -50.0 50
11 -50.0 50
12 -50.0 50
13 -50.0 50
14 -50.0 50
15 -50.0 50
16 -50.0 50
17 -50.0 50
18 -50.0 50
19 -46.0 46
20 -50.0 50
21 -50.0 50
22 -50.0 50
23 -50.0 50
24 -50.0 50
25 -50.0 50
26 -50.0 50
27 -50.0 50
28 -28.0 28
29 -50.0 50
30 -50.0 50
31 -50.0 50
32 -36.0 36
33 -50.0 50
34 -50.0 50
35 -50.0 50
36 -50.0 50
37 -50.0 50
38 -50.0 50
39 -50.0 50
40 -50.0 50
41 -50.0 50
42 -50.0 50
43 -50.0 50
44 -50.0 50
45 -50.0 50
46 -50.0 50
47 -50.0 50
48 -46.0 46
49 -18.0 18
50 -19.0 19
51 -19.0 19
52 -18.0 18
53 -16.0 16
54 -20.0 20
55 -20.0 20
56 -22.0 22
57 -33.0 33
58 -15.0 15
59 -30.0 30
60 -9.0 9
61 -9.0 9
62 -11.0 11
63 -9.0 9
64 -9.0 9
0 -50.0 50
1 -50.0 50
2 -50.0 50
3 -50.0 50
4 -50.0 50
5 -50.0 50
6 -50.0 50
7 -50.0 50
8 -50.0 50
9 -50.0 50
10 -50.0 50
11 -50.0 50
12 -50.0 50
13 -50.0 50
14 -50.0 50
15 -50.0 50
16 -50.0 50
17 -50.0 50
18 -31.0 31
19 -50.0 50
20 -50.0 50
21 -50.0 50
22 -50.0 50
23 -50.0 50
24 -50.0 50
25 -40.0 40
26 -50.0 50
27 -50.0 50
28 -50.0 50
29 -50.0 50
30 -50.0 50
31 -50.0 50
32 -50.0 50
33 -38.0 38
34 -50.0 50
35 -50.0 50
36 -50.0 50
37 -50.0 50
38 -50.0 50
39 -39.0 39
40 -50.0 50
41 -50.0 50
42 -31.0 31
43 -50.0 50
44 -50.0 50
45 -27.0 27
46 -50.0 50
47 -15.0 15
48 -15.0 15
49 -50.0 50
50 -50.0 50
51 -50.0 50
52 -21.0 21
53 -20.0 20
54 -20.0 20
55 -41.0 41
56 -18.0 18
57 -9.0 9
58 -11.0 11
59 -12.0 12
60 -14.0 14
61 -9.0 9
62 -9.0 9
63 -11.0 11
64 -14.0 14
0 -50.0 50
1 -50.0 50
2 -50.0 50
3 -32.0 32
4 -50.0 50
5 -50.0 50
6 -50.0 50
7 -50.0 50
8 -50.0 50
9 -50.0 50
10 -50.0 50
11 -50.0 50
12 -50.0 50
13 -50.0 50
14 -50.0 50
15 -50.0 50
16 -50.0 50
17 -50.0 50
18 -50.0 50
19 -50.0 50
20 -50.0 50
21 -50.0 50
22 -50.0 50
23 -45.0 45
24 -50.0 50
25 -37.0 37
26 -50.0 50
27 -50.0 50
28 -50.0 50
29 -50.0 50
30 -50.0 50
31 -50.0 50
32 -50.0 50
33 -39.0 39
34 -50.0 50
35 -50.0 50
36 -50.0 50
37 -50.0 50
38 -50.0 50
39 -50.0 50
40 -50.0 50
41 -50.0 50
42 -29.0 29
43 -15.0 15
44 -13.0 13
45 -14.0 14
46 -11.0 11
47 -13.0 13
48 -15.0 15
49 -22.0 22
50 -11.0 11
51 -12.0 12
52 -36.0 36
53 -13.0 13
54 -9.0 9
55 -9.0 9
56 -9.0 9
57 -11.0 11
58 -9.0 9
59 -9.0 9
60 -11.0 11
61 -9.0 9
62 -9.0 9
63 -9.0 9
64 -11.0 11
0 -50.0 50
1 -50.0 50
2 -50.0 50
3 -50.0 50
4 -50.0 50
5 -50.0 50
6 -50.0 50
7 -50.0 50
8 -31.0 31
9 -50.0 50
10 -50.0 50
11 -50.0 50
12 -50.0 50
13 -50.0 50
14 -50.0 50
15 -50.0 50
16 -50.0 50
17 -50.0 50
18 -50.0 50
19 -50.0 50
20 -50.0 50
21 -50.0 50
22 -50.0 50
23 -50.0 50
24 -50.0 50
25 -50.0 50
26 -50.0 50
27 -50.0 50
28 -50.0 50
29 -31.0 31
30 -50.0 50
31 -50.0 50
32 -50.0 50
33 -42.0 42
34 -50.0 50
35 -50.0 50
36 -50.0 50
37 -12.0 12
38 -12.0 12
39 -14.0 14
40 -50.0 50
41 -50.0 50
42 -50.0 50
43 -50.0 50
44 -18.0 18
45 -50.0 50
46 -27.0 27
47 -14.0 14
48 -16.0 16
49 -10.0 10
50 -10.0 10
51 -22.0 22
52 -11.0 11
53 -12.0 12
54 -9.0 9
55 -11.0 11
56 -12.0 12
57 -15.0 15
58 -15.0 15
59 -12.0 12
60 -9.0 9
61 -9.0 9
62 -9.0 9
63 -9.0 9
64 -9.0 9
0 -50.0 50
1 -25.0 25
2 -50.0 50
3 -50.0 50
4 -50.0 50
5 -50.0 50
6 -50.0 50
7 -50.0 50
8 -50.0 50
9 -50.0 50
10 -50.0 50
11 -50.0 50
12 -50.0 50
13 -50.0 50
14 -50.0 50
15 -50.0 50
16 -50.0 50
17 -50.0 50
18 -50.0 50
19 -50.0 50
20 -50.0 50
21 -50.0 50
22 -50.0 50
23 -50.0 50
24 -50.0 50
25 -50.0 50
26 -50.0 50
27 -50.0 50
28 -50.0 50
29 -50.0 50
30 -39.0 39
31 -50.0 50
32 -50.0 50
33 -50.0 50
34 -28.0 28
35 -50.0 50
36 -50.0 50
37 -50.0 50
38 -50.0 50
39 -50.0 50
40 -31.0 31
41 -50.0 50
42 -50.0 50
43 -50.0 50
44 -31.0 31
45 -24.0 24
46 -50.0 50
47 -50.0 50
48 -24.0 24
49 -50.0 50
50 -50.0 50
51 -15.0 15
52 -9.0 9
53 -15.0 15
54 -11.0 11
55 -9.0 9
56 -9.0 9
57 -11.0 11
58 -16.0 16
59 -44.0 44
60 -13.0 13
61 -10.0 10
62 -10.0 10
63 -9.0 9
64 -9.0 9
0 -50.0 50
1 -50.0 50
2 -50.0 50
3 -50.0 50
4 -50.0 50
5 -50.0 50
6 -50.0 50
7 -50.0 50
8 -50.0 50
9 -50.0 50
10 -50.0 50
11 -50.0 50
12 -50.0 50
13 -50.0 50
14 -50.0 50
15 -50.0 50
16 -50.0 50
17 -48.0 48
18 -50.0 50
19 -50.0 50
20 -50.0 50
21 -50.0 50
22 -31.0 31
23 -50.0 50
24 -50.0 50
25 -50.0 50
26 -50.0 50
27 -50.0 50
28 -50.0 50
29 -50.0 50
30 -50.0 50
31 -50.0 50
32 -50.0 50
33 -50.0 50
34 -30.0 30
35 -28.0 28
36 -50.0 50
37 -50.0 50
38 -50.0 50
39 -50.0 50
40 -50.0 50
41 -40.0 40
42 -50.0 50
43 -50.0 50
44 -50.0 50
45 -50.0 50
46 -50.0 50
47 -36.0 36
48 -14.0 14
49 -21.0 21
50 -19.0 19
51 -14.0 14
52 -16.0 16
53 -47.0 47
54 -22.0 22
55 -50.0 50
56 -14.0 14
57 -11.0 11
58 -9.0 9
59 -9.0 9
60 -9.0 9
61 -9.0 9
62 -9.0 9
63 -9.0 9
64 -9.0 9
0 -50.0 50
1 -50.0 50
2 -50.0 50
3 -50.0 50
4 -50.0 50
5 -50.0 50
6 -50.0 50
7 -50.0 50
8 -50.0 50
9 -50.0 50
10 -50.0 50
11 -50.0 50
12 -50.0 50
13 -34.0 34
14 -50.0 50
15 -50.0 50
16 -50.0 50
17 -50.0 50
18 -50.0 50
19 -50.0 50
20 -50.0 50
21 -50.0 50
22 -49.0 49
23 -50.0 50
24 -50.0 50
25 -50.0 50
26 -50.0 50
27 -50.0 50
28 -47.0 47
29 -50.0 50
30 -50.0 50
31 -50.0 50
32 -50.0 50
33 -50.0 50
34 -50.0 50
35 -50.0 50
36 -50.0 50
37 -50.0 50
38 -50.0 50
39 -50.0 50
40 -50.0 50
41 -50.0 50
42 -18.0 18
43 -19.0 19
44 -12.0 12
45 -10.0 10
46 -50.0 50
47 -17.0 17
48 -15.0 15
49 -25.0 25
50 -14.0 14
51 -15.0 15
52 -12.0 12
53 -12.0 12
54 -50.0 50
55 -14.0 14
56 -9.0 9
57 -9.0 9
58 -9.0 9
59 -9.0 9
60 -13.0 13
61 -10.0 10
62 -10.0 10
63 -12.0 12
64 -11.0 11
0 -50.0 50
1 -50.0 50
2 -50.0 50
3 -50.0 50
4 -50.0 50
5 -50.0 50
6 -38.0 38
7 -50.0 50
8 -50.0 50
9 -50.0 50
10 -50.0 50
11 -50.0 50
12 -50.0 50
13 -50.0 50
14 -50.0 50
15 -50.0 50
16 -50.0 50
17 -50.0 50
18 -50.0 50
19 -50.0 50
20 -50.0 50
21 -50.0 50
22 -50.0 50
23 -50.0 50
24 -50.0 50
25 -50.0 50
26 -50.0 50
27 -39.0 39
28 -50.0 50
29 -50.0 50
30 -50.0 50
31 -50.0 50
32 -50.0 50
33 -50.0 50
34 -50.0 50
35 -50.0 50
36 -29.0 29
37 -50.0 50
38 -50.0 50
39 -50.0 50
40 -50.0 50
41 -50.0 50
42 -50.0 50
43 -50.0 50
44 -50.0 50
45 -50.0 50
46 -50.0 50
47 -50.0 50
48 -50.0 50
49 -12.0 12
50 -11.0 11
51 -16.0 16
52 -12.0 12
53 -13.0 13
54 -34.0 34
55 -13.0 13
56 -15.0 15
57 -34.0 34
58 -9.0 9
59 -9.0 9
60 -9.0 9
61 -9.0 9
62 -9.0 9
63 -12.0 12
64 -9.0 9
0 -50.0 50
1 -50.0 50
2 -50.0 50
3 -50.0 50
4 -50.0 50
5 -50.0 50
6 -50.0 50
7 -50.0 50
8 -50.0 50
9 -50.0 50
10 -50.0 50
11 -50.0 50
12 -50.0 50
13 -50.0 50
14 -50.0 50
15 -50.0 50
16 -36.0 36
17 -50.0 50
18 -50.0 50
19 -50.0 50
20 -50.0 50
21 -50.0 50
22 -50.0 50
23 -50.0 50
24 -50.0 50
25 -50.0 50
26 -50.0 50
27 -50.0 50
28 -50.0 50
29 -50.0 50
30 -50.0 50
31 -44.0 44
32 -50.0 50
33 -50.0 50
34 -50.0 50
35 -50.0 50
36 -50.0 50
37 -50.0 50
38 -50.0 50
39 -50.0 50
40 -50.0 50
41 -28.0 28
42 -50.0 50
43 -50.0 50
44 -50.0 50
45 -50.0 50
46 -37.0 37
47 -50.0 50
48 -50.0 50
49 -50.0 50
50 -29.0 29
51 -28.0 28
52 -11.0 11
53 -12.0 12
54 -13.0 13
55 -14.0 14
56 -9.0 9
57 -9.0 9
58 -11.0 11
59 -9.0 9
60 -15.0 15
61 -27.0 27
62 -11.0 11
63 -11.0 11
64 -11.0 11
0 -50.0 50
1 -50.0 50
2 -50.0 50
3 -50.0 50
4 -50.0 50
5 -50.0 50
6 -50.0 50
7 -50.0 50
8 -50.0 50
9 -50.0 50
10 -50.0 50
11 -31.0 31
12 -50.0 50
13 -50.0 50
14 -50.0 50
15 -50.0 50
16 -50.0 50
17 -50.0 50
18 -50.0 50
19 -50.0 50
20 -50.0 50
21 -50.0 50
22 -50.0 50
23 -50.0 50
24 -50.0 50
25 -34.0 34
26 -50.0 50
27 -50.0 50
28 -50.0 50
29 -50.0 50
30 -50.0 50
31 -50.0 50
32 -50.0 50
33 -50.0 50
34 -50.0 50
35 -50.0 50
36 -50.0 50
37 -30.0 30
38 -50.0 50
39 -21.0 21
40 -50.0 50
41 -50.0 50
42 -50.0 50
43 -40.0 40
44 -20.0 20
45 -13.0 13
46 -14.0 14
47 -24.0 24
48 -34.0 34
49 -28.0 28
50 -50.0 50
51 -50.0 50
52 -50.0 50
53 -26.0 26
54 -50.0 50
55 -50.0 50
56 -50.0 50
57 -50.0 50
58 -50.0 50
59 -17.0 17
60 -12.0 12
61 -9.0 9
62 -9.0 9
63 -9.0 9
64 -9.0 9
0 -50.0 50
1 -50.0 50
2 -50.0 50
3 -50.0 50
4 -50.0 50
5 -50.0 50
6 -50.0 50
7 -50.0 50
8 -50.0 50
9 -50.0 50
10 -50.0 50
11 -50.0 50
12 -50.0 50
13 -50.0 50
14 -50.0 50
15 -50.0 50
16 -50.0 50
17 -50.0 50
18 -50.0 50
19 -50.0 50
20 -49.0 49
21 -50.0 50
22 -50.0 50
23 -50.0 50
24 -50.0 50
25 -50.0 50
26 -50.0 50
27 -50.0 50
28 -50.0 50
29 -50.0 50
30 -25.0 25
31 -50.0 50
32 -43.0 43
33 -50.0 50
34 -50.0 50
35 -38.0 38
36 -50.0 50
37 -50.0 50
38 -26.0 26
39 -50.0 50
40 -50.0 50
41 -50.0 50
42 -50.0 50
43 -32.0 32
44 -50.0 50
45 -50.0 50
46 -50.0 50
47 -12.0 12
48 -16.0 16
49 -10.0 10
50 -16.0 16
51 -9.0 9
52 -9.0 9
53 -14.0 14
54 -19.0 19
55 -25.0 25
56 -25.0 25
57 -35.0 35
58 -50.0 50
59 -50.0 50
60 -23.0 23
61 -9.0 9
62 -11.0 11
63 -10.0 10
64 -10.0 10
0 -50.0 50
1 -50.0 50
2 -50.0 50
3 -50.0 50
4 -50.0 50
5 -50.0 50
6 -50.0 50
7 -50.0 50
8 -50.0 50
9 -50.0 50
10 -50.0 50
11 -50.0 50
12 -50.0 50
13 -50.0 50
14 -50.0 50
15 -50.0 50
16 -50.0 50
17 -50.0 50
18 -50.0 50
19 -50.0 50
20 -50.0 50
21 -50.0 50
22 -50.0 50
23 -50.0 50
24 -50.0 50
25 -50.0 50
26 -50.0 50
27 -50.0 50
28 -50.0 50
29 -50.0 50
30 -50.0 50
31 -50.0 50
32 -26.0 26
33 -50.0 50
34 -50.0 50
35 -50.0 50
36 -50.0 50
37 -30.0 30
38 -50.0 50
39 -50.0 50
40 -50.0 50
41 -50.0 50
42 -50.0 50
43 -50.0 50
44 -50.0 50
45 -50.0 50
46 -40.0 40
47 -9.0 9
48 -11.0 11
49 -13.0 13
50 -14.0 14
51 -21.0 21
52 -27.0 27
53 -50.0 50
54 -50.0 50
55 -13.0 13
56 -9.0 9
57 -9.0 9
58 -9.0 9
59 -9.0 9
60 -9.0 9
61 -9.0 9
62 -9.0 9
63 -9.0 9
64 -11.0 11
0 -50.0 50
1 -50.0 50
2 -50.0 50
3 -50.0 50
4 -50.0 50
5 -50.0 50
6 -50.0 50
7 -50.0 50
8 -50.0 50
9 -50.0 50
10 -48.0 48
11 -50.0 50
12 -50.0 50
13 -50.0 50
14 -50.0 50
15 -50.0 50
16 -50.0 50
17 -50.0 50
18 -33.0 33
19 -50.0 50
20 -50.0 50
21 -50.0 50
22 -50.0 50
23 -50.0 50
24 -50.0 50
25 -50.0 50
26 -29.0 29
27 -50.0 50
28 -50.0 50
29 -50.0 50
30 -50.0 50
31 -50.0 50
32 -50.0 50
33 -50.0 50
34 -50.0 50
35 -50.0 50
36 -50.0 50
37 -27.0 27
38 -39.0 39
39 -24.0 24
40 -20.0 20
41 -50.0 50
42 -50.0 50
43 -50.0 50
44 -50.0 50
45 -25.0 25
46 -36.0 36
47 -22.0 22
48 -50.0 50
49 -14.0 14
50 -21.0 21
51 -25.0 25
52 -50.0 50
53 -50.0 50
54 -50.0 50
55 -50.0 50
56 -50.0 50
57 -50.0 50
58 -9.0 9
59 -9.0 9
60 -9.0 9
61 -9.0 9
62 -9.0 9
63 -11.0 11
64 -9.0 9
0 -50.0 50
1 -50.0 50
2 -50.0 50
3 -50.0 50
4 -50.0 50
5 -50.0 50
6 -50.0 50
7 -50.0 50
8 -50.0 50
9 -50.0 50
10 -44.0 44
11 -50.0 50
12 -50.0 50
13 -50.0 50
14 -50.0 50
15 -50.0 50
16 -50.0 50
17 -50.0 50
18 -50.0 50
19 -50.0 50
20 -50.0 50
21 -50.0 50
22 -50.0 50
23 -50.0 50
24 -50.0 50
25 -50.0 50
26 -50.0 50
27 -50.0 50
28 -50.0 50
29 -27.0 27
30 -50.0 50
31 -50.0 50
32 -50.0 50
33 -50.0 50
34 -16.0 16
35 -16.0 16
36 -26.0 26
37 -48.0 48
38 -50.0 50
39 -50.0 50
40 -50.0 50
41 -50.0 50
42 -50.0 50
43 -50.0 50
44 -50.0 50
45 -50.0 50
46 -50.0 50
47 -50.0 50
48 -20.0 20
49 -10.0 10
50 -9.0 9
51 -14.0 14
52 -13.0 13
53 -16.0 16
54 -23.0 23
55 -23.0 23
56 -10.0 10
57 -9.0 9
58 -11.0 11
59 -12.0 12
60 -22.0 22
61 -17.0 17
62 -18.0 18
63 -9.0 9
64 -9.0 9
0 -50.0 50
1 -50.0 50
2 -50.0 50
3 -50.0 50
4 -50.0 50
5 -50.0 50
6 -50.0 50
7 -50.0 50
8 -50.0 50
9 -50.0 50
10 -50.0 50
11 -50.0 50
12 -50.0 50
13 -50.0 50
14 -50.0 50
15 -50.0 50
16 -50.0 50
17 -50.0 50
18 -50.0 50
19 -50.0 50
20 -50.0 50
21 -50.0 50
22 -50.0 50
23 -50.0 50
24 -50.0 50
25 -50.0 50
26 -50.0 50
27 -24.0 24
28 -50.0 50
29 -50.0 50
30 -50.0 50
31 -50.0 50
32 -50.0 50
33 -50.0 50
34 -24.0 24
35 -50.0 50
36 -50.0 50
37 -50.0 50
38 -50.0 50
39 -50.0 50
40 -50.0 50
41 -50.0 50
42 -37.0 37
43 -17.0 17
44 -17.0 17
45 -15.0 15
46 -20.0 20
47 -16.0 16
48 -15.0 15
49 -12.0 12
50 -16.0 16
51 -19.0 19
52 -9.0 9
53 -9.0 9
54 -9.0 9
55 -9.0 9
56 -13.0 13
57 -12.0 12
58 -14.0 14
59 -9.0 9
60 -9.0 9
61 -9.0 9
62 -9.0 9
63 -9.0 9
64 -9.0 9
0 -50.0 50
1 -50.0 50
2 -50.0 50
3 -50.0 50
4 -50.0 50
5 -50.0 50
6 -50.0 50
7 -50.0 50
8 -50.0 50
9 -50.0 50
10 -50.0 50
11 -50.0 50
12 -50.0 50
13 -50.0 50
14 -50.0 50
15 -50.0 50
16 -50.0 50
17 -50.0 50
18 -50.0 50
19 -50.0 50
20 -50.0 50
21 -50.0 50
22 -50.0 50
23 -50.0 50
24 -50.0 50
25 -50.0 50
26 -50.0 50
27 -39.0 39
28 -50.0 50
29 -50.0 50
30 -50.0 50
31 -50.0 50
32 -50.0 50
33 -50.0 50
34 -49.0 49
35 -50.0 50
36 -50.0 50
37 -50.0 50
38 -50.0 50
39 -43.0 43
40 -50.0 50
41 -50.0 50
42 -50.0 50
43 -50.0 50
44 -50.0 50
45 -50.0 50
46 -23.0 23
47 -27.0 27
48 -50.0 50
49 -50.0 50
50 -28.0 28
51 -50.0 50
52 -50.0 50
53 -21.0 21
54 -15.0 15
55 -9.0 9
56 -10.0 10
57 -9.0 9
58 -9.0 9
59 -11.0 11
60 -12.0 12
61 -11.0 11
62 -9.0 9
63 -11.0 11
64 -19.0 19
0 -50.0 50
1 -50.0 50
2 -50.0 50
3 -50.0 50
4 -50.0 50
5 -50.0 50
6 -50.0 50
7 -50.0 50
8 -50.0 50
9 -50.0 50
10 -50.0 50
11 -50.0 50
12 -50.0 50
13 -50.0 50
14 -50.0 50
15 -50.0 50
16 -50.0 50
17 -50.0 50
18 -50.0 50
19 -50.0 50
20 -50.0 50
21 -50.0 50
22 -50.0 50
23 -50.0 50
24 -50.0 50
25 -50.0 50
26 -50.0 50
27 -50.0 50
28 -32.0 32
29 -50.0 50
30 -50.0 50
31 -45.0 45
32 -40.0 40
33 -50.0 50
34 -50.0 50
35 -50.0 50
36 -50.0 50
37 -50.0 50
38 -50.0 50
39 -33.0 33
40 -50.0 50
41 -50.0 50
42 -40.0 40
43 -50.0 50
44 -50.0 50
45 -50.0 50
46 -37.0 37
47 -21.0 21
48 -21.0 21
49 -18.0 18
50 -47.0 47
51 -9.0 9
52 -11.0 11
53 -17.0 17
54 -13.0 13
55 -22.0 22
56 -16.0 16
57 -9.0 9
58 -9.0 9
59 -11.0 11
60 -14.0 14
61 -9.0 9
62 -9.0 9
63 -9.0 9
64 -9.0 9
0 -50.0 50
1 -50.0 50
2 -50.0 50
3 -50.0 50
4 -50.0 50
5 -50.0 50
6 -50.0 50
7 -50.0 50
8 -50.0 50
9 -50.0 50
10 -50.0 50
11 -25.0 25
12 -50.0 50
13 -50.0 50
14 -50.0 50
15 -50.0 50
16 -50.0 50
17 -50.0 50
18 -50.0 50
19 -50.0 50
20 -50.0 50
21 -50.0 50
22 -50.0 50
23 -44.0 44
24 -50.0 50
25 -50.0 50
26 -50.0 50
27 -50.0 50
28 -50.0 50
29 -50.0 50
30 -50.0 50
31 -50.0 50
32 -50.0 50
33 -50.0 50
34 -30.0 30
35 -50.0 50
36 -50.0 50
37 -50.0 50
38 -50.0 50
39 -50.0 50
40 -12.0 12
41 -19.0 19
42 -17.0 17
43 -21.0 21
44 -18.0 18
45 -50.0 50
46 -50.0 50
47 -50.0 50
48 -50.0 50
49 -50.0 50
50 -32.0 32
51 -50.0 50
52 -11.0 11
53 -16.0 16
54 -25.0 25
55 -19.0 19
56 -17.0 17
57 -11.0 11
58 -13.0 13
59 -14.0 14
60 -17.0 17
61 -14.0 14
62 -9.0 9
63 -9.0 9
64 -9.0 9
0 -50.0 50
1 -50.0 50
2 -50.0 50
3 -50.0 50
4 -50.0 50
5 -50.0 50
6 -50.0 50
7 -50.0 50
8 -50.0 50
9 -50.0 50
10 -50.0 50
11 -50.0 50
12 -50.0 50
13 -50.0 50
14 -50.0 50
15 -50.0 50
16 -50.0 50
17 -50.0 50
18 -50.0 50
19 -50.0 50
20 -50.0 50
21 -50.0 50
22 -50.0 50
23 -50.0 50
24 -50.0 50
25 -50.0 50
26 -50.0 50
27 -50.0 50
28 -50.0 50
29 -50.0 50
30 -50.0 50
31 -43.0 43
32 -50.0 50
33 -50.0 50
34 -21.0 21
35 -50.0 50
36 -50.0 50
37 -50.0 50
38 -50.0 50
39 -50.0 50
40 -40.0 40
41 -13.0 13
42 -23.0 23
43 -35.0 35
44 -42.0 42
45 -19.0 19
46 -23.0 23
47 -40.0 40
48 -50.0 50
49 -50.0 50
50 -50.0 50
51 -50.0 50
52 -46.0 46
53 -50.0 50
54 -50.0 50
55 -50.0 50
56 -50.0 50
57 -11.0 11
58 -9.0 9
59 -11.0 11
60 -9.0 9
61 -9.0 9
62 -9.0 9
63 -9.0 9
64 -9.0 9
0 -50.0 50
1 -50.0 50
2 -50.0 50
3 -50.0 50
4 -50.0 50
5 -50.0 50
6 -50.0 50
7 -50.0 50
8 -50.0 50
9 -50.0 50
10 -50.0 50
11 -50.0 50
12 -50.0 50
13 -50.0 50
14 -50.0 50
15 -50.0 50
16 -50.0 50
17 -50.0 50
18 -50.0 50
19 -50.0 50
20 -50.0 50
21 -50.0 50
22 -50.0 50
23 -47.0 47
24 -46.0 46
25 -50.0 50
26 -50.0 50
27 -50.0 50
28 -50.0 50
29 -50.0 50
30 -50.0 50
31 -50.0 50
32 -50.0 50
33 -50.0 50
34 -50.0 50
35 -50.0 50
36 -50.0 50
37 -50.0 50
38 -50.0 50
39 -50.0 50
40 -50.0 50
41 -20.0 20
42 -15.0 15
43 -20.0 20
44 -15.0 15
45 -39.0 39
46 -20.0 20
47 -50.0 50
48 -50.0 50
49 -35.0 35
50 -20.0 20
51 -28.0 28
52 -50.0 50
53 -50.0 50
54 -23.0 23
55 -33.0 33
56 -12.0 12
57 -13.0 13
58 -16.0 16
59 -16.0 16
60 -13.0 13
61 -11.0 11
62 -9.0 9
63 -9.0 9
64 -9.0 9
0 -50.0 50
1 -50.0 50
2 -50.0 50
3 -50.0 50
4 -50.0 50
5 -50.0 50
6 -50.0 50
7 -50.0 50
8 -50.0 50
9 -50.0 50
10 -50.0 50
11 -50.0 50
12 -50.0 50
13 -44.0 44
14 -50.0 50
15 -50.0 50
16 -50.0 50
17 -50.0 50
18 -50.0 50
19 -50.0 50
20 -50.0 50
21 -50.0 50
22 -50.0 50
23 -50.0 50
24 -50.0 50
25 -50.0 50
26 -50.0 50
27 -50.0 50
28 -50.0 50
29 -11.0 11
30 -13.0 13
31 -50.0 50
32 -9.0 9
33 -17.0 17
34 -50.0 50
35 -31.0 31
36 -45.0 45
37 -50.0 50
38 -43.0 43
39 -50.0 50
40 -50.0 50
41 -50.0 50
42 -32.0 32
43 -50.0 50
44 -50.0 50
45 -50.0 50
46 -50.0 50
47 -50.0 50
48 -50.0 50
49 -50.0 50
50 -32.0 32
51 -42.0 42
52 -9.0 9
53 -9.0 9
54 -17.0 17
55 -9.0 9
56 -9.0 9
57 -11.0 11
58 -11.0 11
59 -9.0 9
60 -9.0 9
61 -9.0 9
62 -9.0 9
63 -11.0 11
64 -13.0 13
0 -50.0 50
1 -50.0 50
2 -50.0 50
3 -50.0 50
4 -50.0 50
5 -50.0 50
6 -50.0 50
7 -50.0 50
8 -50.0 50
9 -50.0 50
10 -50.0 50
11 -50.0 50
12 -50.0 50
13 -50.0 50
14 -50.0 50
15 -50.0 50
16 -50.0 50
17 -50.0 50
18 -50.0 50
19 -50.0 50
20 -50.0 50
21 -50.0 50
22 -50.0 50
23 -50.0 50
24 -50.0 50
25 -50.0 50
26 -50.0 50
27 -43.0 43
28 -50.0 50
29 -50.0 50
30 -50.0 50
31 -50.0 50
32 -50.0 50
33 -50.0 50
34 -50.0 50
35 -50.0 50
36 -31.0 31
37 -12.0 12
38 -17.0 17
39 -19.0 19
40 -50.0 50
41 -18.0 18
42 -25.0 25
43 -50.0 50
44 -50.0 50
45 -10.0 10
46 -9.0 9
47 -13.0 13
48 -11.0 11
49 -14.0 14
50 -23.0 23
51 -13.0 13
52 -40.0 40
53 -50.0 50
54 -50.0 50
55 -50.0 50
56 -50.0 50
57 -50.0 50
58 -50.0 50
59 -50.0 50
60 -50.0 50
61 -50.0 50
62 -50.0 50
63 -40.0 40
64 -17.0 17
0 -50.0 50
1 -50.0 50
2 -50.0 50
3 -50.0 50
4 -50.0 50
5 -50.0 50
6 -50.0 50
7 -50.0 50
8 -50.0 50
9 -50.0 50
10 -50.0 50
11 -50.0 50
12 -50.0 50
13 -50.0 50
14 -50.0 50
15 -50.0 50
16 -50.0 50
17 -50.0 50
18 -50.0 50
19 -50.0 50
20 -50.0 50
21 -42.0 42
22 -50.0 50
23 -50.0 50
24 -50.0 50
25 -50.0 50
26 -50.0 50
27 -50.0 50
28 -50.0 50
29 -30.0 30
30 -50.0 50
31 -50.0 50
32 -50.0 50
33 -50.0 50
34 -50.0 50
35 -50.0 50
36 -50.0 50
37 -50.0 50
38 -30.0 30
39 -50.0 50
40 -50.0 50
41 -50.0 50
42 -50.0 50
43 -50.0 50
44 -21.0 21
45 -27.0 27
46 -50.0 50
47 -12.0 12
48 -14.0 14
49 -10.0 10
50 -50.0 50
51 -12.0 12
52 -42.0 42
53 -18.0 18
54 -9.0 9
55 -9.0 9
56 -9.0 9
57 -9.0 9
58 -9.0 9
59 -13.0 13
60 -12.0 12
61 -9.0 9
62 -9.0 9
63 -9.0 9
64 -9.0 9
0 -50.0 50
1 -50.0 50
2 -50.0 50
3 -50.0 50
4 -50.0 50
5 -50.0 50
6 -50.0 50
7 -50.0 50
8 -50.0 50
9 -50.0 50
10 -50.0 50
11 -50.0 50
12 -50.0 50
13 -50.0 50
14 -24.0 24
15 -50.0 50
16 -50.0 50
17 -50.0 50
18 -50.0 50
19 -50.0 50
20 -50.0 50
21 -50.0 50
22 -50.0 50
23 -44.0 44
24 -50.0 50
25 -50.0 50
26 -50.0 50
27 -21.0 21
28 -50.0 50
29 -50.0 50
30 -50.0 50
31 -50.0 50
32 -50.0 50
33 -50.0 50
34 -50.0 50
35 -50.0 50
36 -50.0 50
37 -48.0 48
38 -14.0 14
39 -16.0 16
40 -14.0 14
41 -50.0 50
42 -25.0 25
43 -12.0 12
44 -11.0 11
45 -16.0 16
46 -15.0 15
47 -19.0 19
48 -50.0 50
49 -21.0 21
50 -50.0 50
51 -50.0 50
52 -50.0 50
53 -50.0 50
54 -29.0 29
55 -50.0 50
56 -50.0 50
57 -50.0 50
58 -50.0 50
59 -50.0 50
60 -50.0 50
61 -50.0 50
62 -12.0 12
63 -13.0 13
64 -10.0 10
0 -50.0 50
1 -50.0 50
2 -50.0 50
3 -50.0 50
4 -46.0 46
5 -50.0 50
6 -50.0 50
7 -50.0 50
8 -50.0 50
9 -50.0 50
10 -50.0 50
11 -50.0 50
12 -50.0 50
13 -50.0 50
14 -50.0 50
15 -50.0 50
16 -50.0 50
17 -50.0 50
18 -50.0 50
19 -50.0 50
20 -50.0 50
21 -50.0 50
22 -50.0 50
23 -50.0 50
24 -50.0 50
25 -50.0 50
26 -50.0 50
27 -50.0 50
28 -50.0 50
29 -50.0 50
30 -47.0 47
31 -50.0 50
32 -50.0 50
33 -41.0 41
34 -50.0 50
35 -50.0 50
36 -50.0 50
37 -50.0 50
38 -50.0 50
39 -50.0 50
40 -50.0 50
41 -50.0 50
42 -18.0 18
43 -14.0 14
44 -12.0 12
45 -50.0 50
46 -26.0 26
47 -50.0 50
48 -12.0 12
49 -13.0 13
50 -50.0 50
51 -50.0 50
52 -50.0 50
53 -50.0 50
54 -24.0 24
55 -14.0 14
56 -13.0 13
57 -17.0 17
58 -11.0 11
59 -9.0 9
60 -9.0 9
61 -11.0 11
62 -12.0 12
63 -9.0 9
64 -9.0 9
0 -50.0 50
1 -50.0 50
2 -50.0 50
3 -50.0 50
4 -50.0 50
5 -50.0 50
6 -50.0 50
7 -50.0 50
8 -50.0 50
9 -50.0 50
10 -50.0 50
11 -50.0 50
12 -50.0 50
13 -50.0 50
14 -50.0 50
15 -37.0 37
16 -50.0 50
17 -50.0 50
18 -50.0 50
19 -50.0 50
20 -34.0 34
21 -50.0 50
22 -50.0 50
23 -50.0 50
24 -22.0 22
25 -50.0 50
26 -50.0 50
27 -50.0 50
28 -50.0 50
29 -50.0 50
30 -50.0 50
31 -28.0 28
32 -50.0 50
33 -50.0 50
34 -26.0 26
35 -50.0 50
36 -50.0 50
37 -50.0 50
38 -21.0 21
39 -50.0 50
40 -47.0 47
41 -50.0 50
42 -50.0 50
43 -50.0 50
44 -47.0 47
45 -50.0 50
46 -50.0 50
47 -38.0 38
48 -26.0 26
49 -50.0 50
50 -34.0 34
51 -31.0 31
52 -21.0 21
53 -21.0 21
54 -14.0 14
55 -18.0 18
56 -15.0 15
57 -15.0 15
58 -15.0 15
59 -15.0 15
60 -14.0 14
61 -14.0 14
62 -13.0 13
63 -15.0 15
64 -14.0 14
0 -50.0 50
1 -50.0 50
2 -50.0 50
3 -50.0 50
4 -50.0 50
5 -50.0 50
6 -50.0 50
7 -50.0 50
8 -50.0 50
9 -50.0 50
10 -50.0 50
11 -50.0 50
12 -50.0 50
13 -50.0 50
14 -50.0 50
15 -50.0 50
16 -50.0 50
17 -50.0 50
18 -50.0 50
19 -50.0 50
20 -50.0 50
21 -50.0 50
22 -50.0 50
23 -25.0 25
24 -50.0 50
25 -50.0 50
26 -50.0 50
27 -50.0 50
28 -50.0 50
29 -50.0 50
30 -50.0 50
31 -50.0 50
32 -50.0 50
33 -50.0 50
34 -50.0 50
35 -50.0 50
36 -22.0 22
37 -50.0 50
38 -50.0 50
39 -50.0 50
40 -50.0 50
41 -22.0 22
42 -19.0 19
43 -50.0 50
44 -24.0 24
45 -50.0 50
46 -28.0 28
47 -18.0 18
48 -11.0 11
49 -14.0 14
50 -21.0 21
51 -16.0 16
52 -20.0 20
53 -37.0 37
54 -50.0 50
55 -50.0 50
56 -50.0 50
57 -50.0 50
58 -12.0 12
59 -14.0 14
60 -12.0 12
61 -11.0 11
62 -10.0 10
63 -12.0 12
64 -23.0 23
0 -50.0 50
1 -50.0 50
2 -50.0 50
3 -50.0 50
4 -50.0 50
5 -50.0 50
6 -50.0 50
7 -50.0 50
8 -43.0 43
9 -50.0 50
10 -50.0 50
11 -50.0 50
12 -50.0 50
13 -50.0 50
14 -50.0 50
15 -50.0 50
16 -50.0 50
17 -50.0 50
18 -50.0 50
19 -50.0 50
20 -42.0 42
21 -50.0 50
22 -50.0 50
23 -50.0 50
24 -50.0 50
25 -50.0 50
26 -50.0 50
27 -50.0 50
28 -50.0 50
29 -50.0 50
30 -50.0 50
31 -50.0 50
32 -50.0 50
33 -50.0 50
34 -50.0 50
35 -50.0 50
36 -50.0 50
37 -35.0 35
38 -20.0 20
39 -50.0 50
40 -50.0 50
41 -28.0 28
42 -28.0 28
43 -25.0 25
44 -50.0 50
45 -35.0 35
46 -50.0 50
47 -50.0 50
48 -50.0 50
49 -50.0 50
50 -50.0 50
51 -11.0 11
52 -14.0 14
53 -15.0 15
54 -50.0 50
55 -27.0 27
56 -12.0 12
57 -9.0 9
58 -13.0 13
59 -14.0 14
60 -19.0 19
61 -9.0 9
62 -9.0 9
63 -9.0 9
64 -9.0 9
0 -50.0 50
1 -50.0 50
2 -50.0 50
3 -50.0 50
4 -50.0 50
5 -50.0 50
6 -50.0 50
7 -50.0 50
8 -50.0 50
9 -50.0 50
10 -50.0 50
11 -41.0 41
12 -50.0 50
13 -50.0 50
14 -50.0 50
15 -50.0 50
16 -50.0 50
17 -50.0 50
18 -50.0 50
19 -50.0 50
20 -50.0 50
21 -50.0 50
22 -50.0 50
23 -50.0 50
24 -50.0 50
25 -50.0 50
26 -50.0 50
27 -46.0 46
28 -50.0 50
29 -47.0 47
30 -50.0 50
31 -50.0 50
32 -50.0 50
33 -50.0 50
34 -50.0 50
35 -45.0 45
36 -14.0 14
37 -21.0 21
38 -50.0 50
39 -50.0 50
40 -50.0 50
41 -50.0 50
42 -50.0 50
43 -50.0 50
44 -50.0 50
45 -50.0 50
46 -50.0 50
47 -50.0 50
48 -50.0 50
49 -50.0 50
50 -50.0 50
51 -50.0 50
52 -29.0 29
53 -15.0 15
54 -15.0 15
55 -11.0 11
56 -14.0 14
57 -13.0 13
58 -19.0 19
59 -37.0 37
60 -18.0 18
61 -50.0 50
62 -38.0 38
63 -9.0 9
64 -9.0 9
0 -50.0 50
1 -50.0 50
2 -50.0 50
3 -50.0 50
4 -50.0 50
5 -50.0 50
6 -32.0 32
7 -50.0 50
8 -50.0 50
9 -50.0 50
10 -50.0 50
11 -50.0 50
12 -50.0 50
13 -50.0 50
14 -50.0 50
15 -50.0 50
16 -50.0 50
17 -50.0 50
18 -50.0 50
19 -50.0 50
20 -50.0 50
21 -50.0 50
22 -50.0 50
23 -50.0 50
24 -50.0 50
25 -50.0 50
26 -50.0 50
27 -50.0 50
28 -33.0 33
29 -50.0 50
30 -50.0 50
31 -50.0 50
32 -50.0 50
33 -50.0 50
34 -50.0 50
35 -20.0 20
36 -36.0 36
37 -35.0 35
38 -50.0 50
39 -50.0 50
40 -50.0 50
41 -50.0 50
42 -50.0 50
43 -50.0 50
44 -50.0 50
45 -50.0 50
46 -50.0 50
47 -50.0 50
48 -50.0 50
49 -19.0 19
50 -19.0 19
51 -18.0 18
52 -19.0 19
53 -21.0 21
54 -14.0 14
55 -12.0 12
56 -17.0 17
57 -14.0 14
58 -17.0 17
59 -14.0 14
60 -16.0 16
61 -22.0 22
62 -12.0 12
63 -9.0 9
64 -9.0 9
0 -50.0 50
1 -50.0 50
2 -50.0 50
3 -50.0 50
4 -50.0 50
5 -50.0 50
6 -50.0 50
7 -50.0 50
8 -50.0 50
9 -50.0 50
10 -50.0 50
11 -50.0 50
12 -50.0 50
13 -50.0 50
14 -50.0 50
15 -50.0 50
16 -50.0 50
17 -50.0 50
18 -50.0 50
19 -50.0 50
20 -50.0 50
21 -50.0 50
22 -50.0 50
23 -45.0 45
24 -50.0 50
25 -50.0 50
26 -50.0 50
27 -31.0 31
28 -50.0 50
29 -50.0 50
30 -50.0 50
31 -50.0 50
32 -50.0 50
33 -50.0 50
34 -50.0 50
35 -50.0 50
36 -50.0 50
37 -50.0 50
38 -24.0 24
39 -50.0 50
40 -50.0 50
41 -50.0 50
42 -20.0 20
43 -44.0 44
44 -9.0 9
45 -13.0 13
46 -45.0 45
47 -12.0 12
48 -30.0 30
49 -50.0 50
50 -14.0 14
51 -14.0 14
52 -21.0 21
53 -13.0 13
54 -9.0 9
55 -9.0 9
56 -9.0 9
57 -9.0 9
58 -9.0 9
59 -9.0 9
60 -9.0 9
61 -9.0 9
62 -11.0 11
63 -11.0 11
64 -9.0 9
0 -50.0 50
1 -50.0 50
2 -50.0 50
3 -50.0 50
4 -50.0 50
5 -50.0 50
6 -50.0 50
7 -30.0 30
8 -50.0 50
9 -50.0 50
10 -50.0 50
11 -50.0 50
12 -50.0 50
13 -50.0 50
14 -50.0 50
15 -49.0 49
16 -50.0 50
17 -50.0 50
18 -50.0 50
19 -50.0 50
20 -50.0 50
21 -50.0 50
22 -50.0 50
23 -50.0 50
24 -50.0 50
25 -50.0 50
26 -50.0 50
27 -50.0 50
28 -50.0 50
29 -50.0 50
30 -50.0 50
31 -50.0 50
32 -50.0 50
33 -50.0 50
34 -50.0 50
35 -50.0 50
36 -50.0 50
37 -50.0 50
38 -50.0 50
39 -50.0 50
40 -50.0 50
41 -25.0 25
42 -21.0 21
43 -50.0 50
44 -19.0 19
45 -29.0 29
46 -50.0 50
47 -16.0 16
48 -10.0 10
49 -20.0 20
50 -13.0 13
51 -12.0 12
52 -13.0 13
53 -9.0 9
54 -9.0 9
55 -11.0 11
56 -11.0 11
57 -9.0 9
58 -10.0 10
59 -13.0 13
60 -16.0 16
61 -18.0 18
62 -24.0 24
63 -50.0 50
64 -28.0 28
0 -50.0 50
1 -50.0 50
2 -50.0 50
3 -50.0 50
4 -50.0 50
5 -50.0 50
6 -50.0 50
7 -50.0 50
8 -50.0 50
9 -50.0 50
10 -50.0 50
11 -50.0 50
12 -37.0 37
13 -50.0 50
14 -50.0 50
15 -50.0 50
16 -50.0 50
17 -50.0 50
18 -50.0 50
19 -32.0 32
20 -50.0 50
21 -50.0 50
22 -50.0 50
23 -49.0 49
24 -50.0 50
25 -50.0 50
26 -50.0 50
27 -50.0 50
28 -50.0 50
29 -50.0 50
30 -50.0 50
31 -50.0 50
32 -50.0 50
33 -50.0 50
34 -50.0 50
35 -20.0 20
36 -17.0 17
37 -50.0 50
38 -34.0 34
39 -50.0 50
40 -19.0 19
41 -13.0 13
42 -16.0 16
43 -50.0 50
44 -50.0 50
45 -50.0 50
46 -50.0 50
47 -35.0 35
48 -50.0 50
49 -50.0 50
50 -38.0 38
51 -50.0 50
52 -12.0 12
53 -27.0 27
54 -18.0 18
55 -19.0 19
56 -11.0 11
57 -9.0 9
58 -11.0 11
59 -9.0 9
60 -9.0 9
61 -9.0 9
62 -9.0 9
63 -9.0 9
64 -9.0 9
0 -50.0 50
1 -50.0 50
2 -50.0 50
3 -50.0 50
4 -50.0 50
5 -50.0 50
6 -50.0 50
7 -50.0 50
8 -50.0 50
9 -50.0 50
10 -50.0 50
11 -50.0 50
12 -50.0 50
13 -50.0 50
14 -50.0 50
15 -50.0 50
16 -30.0 30
17 -50.0 50
18 -50.0 50
19 -50.0 50
20 -50.0 50
21 -50.0 50
22 -50.0 50
23 -50.0 50
24 -50.0 50
25 -50.0 50
26 -50.0 50
27 -50.0 50
28 -50.0 50
29 -50.0 50
30 -29.0 29
31 -50.0 50
32 -50.0 50
33 -50.0 50
34 -50.0 50
35 -50.0 50
36 -50.0 50
37 -50.0 50
38 -50.0 50
39 -25.0 25
40 -50.0 50
41 -21.0 21
42 -50.0 50
43 -24.0 24
44 -50.0 50
45 -50.0 50
46 -50.0 50
47 -28.0 28
48 -50.0 50
49 -18.0 18
50 -16.0 16
51 -15.0 15
52 -14.0 14
53 -17.0 17
54 -9.0 9
55 -9.0 9
56 -11.0 11
57 -9.0 9
58 -10.0 10
59 -11.0 11
60 -12.0 12
61 -9.0 9
62 -9.0 9
63 -9.0 9
64 -9.0 9
0 -50.0 50
1 -50.0 50
2 -50.0 50
3 -50.0 50
4 -50.0 50
5 -50.0 50
6 -50.0 50
7 -50.0 50
8 -50.0 50
9 -45.0 45
10 -50.0 50
11 -50.0 50
12 -50.0 50
13 -50.0 50
14 -50.0 50
15 -50.0 50
16 -50.0 50
17 -50.0 50
18 -50.0 50
19 -50.0 50
20 -50.0 50
21 -33.0 33
22 -50.0 50
23 -50.0 50
24 -50.0 50
25 -50.0 50
26 -50.0 50
27 -50.0 50
28 -50.0 50
29 -50.0 50
30 -37.0 37
31 -28.0 28
32 -50.0 50
33 -50.0 50
34 -27.0 27
35 -50.0 50
36 -13.0 13
37 -12.0 12
38 -19.0 19
39 -50.0 50
40 -50.0 50
41 -50.0 50
42 -50.0 50
43 -50.0 50
44 -34.0 34
45 -50.0 50
46 -14.0 14
47 -9.0 9
48 -10.0 10
49 -9.0 9
50 -10.0 10
51 -15.0 15
52 -27.0 27
53 -50.0 50
54 -15.0 15
55 -15.0 15
56 -9.0 9
57 -9.0 9
58 -9.0 9
59 -9.0 9
60 -9.0 9
61 -11.0 11
62 -10.0 10
63 -10.0 10
64 -9.0 9
0 -50.0 50
1 -50.0 50
2 -50.0 50
3 -46.0 46
4 -50.0 50
5 -50.0 50
6 -50.0 50
7 -50.0 50
8 -50.0 50
9 -50.0 50
10 -50.0 50
11 -50.0 50
12 -50.0 50
13 -50.0 50
14 -50.0 50
15 -50.0 50
16 -50.0 50
17 -50.0 50
18 -50.0 50
19 -50.0 50
20 -50.0 50
21 -34.0 34
22 -50.0 50
23 -50.0 50
24 -50.0 50
25 -50.0 50
26 -50.0 50
27 -50.0 50
28 -50.0 50
29 -50.0 50
30 -50.0 50
31 -50.0 50
32 -50.0 50
33 -50.0 50
34 -34.0 34
35 -50.0 50
36 -38.0 38
37 -50.0 50
38 -50.0 50
39 -50.0 50
40 -50.0 50
41 -50.0 50
42 -50.0 50
43 -24.0 24
44 -23.0 23
45 -50.0 50
46 -50.0 50
47 -17.0 17
48 -19.0 19
49 -46.0 46
50 -50.0 50
51 -50.0 50
52 -22.0 22
53 -18.0 18
54 -50.0 50
55 -15.0 15
56 -16.0 16
57 -17.0 17
58 -9.0 9
59 -9.0 9
60 -13.0 13
61 -12.0 12
62 -11.0 11
63 -9.0 9
64 -9.0 9
0 -50.0 50
1 -50.0 50
2 -50.0 50
3 -50.0 50
4 -50.0 50
5 -50.0 50
6 -50.0 50
7 -50.0 50
8 -50.0 50
9 -50.0 50
10 -41.0 41
11 -50.0 50
12 -50.0 50
13 -50.0 50
14 -50.0 50
15 -50.0 50
16 -50.0 50
17 -50.0 50
18 -47.0 47
19 -50.0 50
20 -50.0 50
21 -50.0 50
22 -50.0 50
23 -50.0 50
24 -50.0 50
25 -50.0 50
26 -50.0 50
27 -50.0 50
28 -50.0 50
29 -50.0 50
30 -50.0 50
31 -50.0 50
32 -50.0 50
33 -50.0 50
34 -37.0 37
35 -40.0 40
36 -50.0 50
37 -50.0 50
38 -50.0 50
39 -32.0 32
40 -50.0 50
41 -50.0 50
42 -41.0 41
43 -50.0 50
44 -36.0 36
45 -15.0 15
46 -12.0 12
47 -9.0 9
48 -14.0 14
49 -15.0 15
50 -21.0 21
51 -15.0 15
52 -23.0 23
53 -13.0 13
54 -26.0 26
55 -35.0 35
56 -25.0 25
57 -14.0 14
58 -11.0 11
59 -11.0 11
60 -12.0 12
61 -11.0 11
62 -9.0 9
63 -9.0 9
64 -9.0 9
0 -50.0 50
1 -50.0 50
2 -50.0 50
3 -50.0 50
4 -50.0 50
5 -50.0 50
6 -50.0 50
7 -50.0 50
8 -50.0 50
9 -50.0 50
10 -50.0 50
11 -50.0 50
12 -50.0 50
13 -50.0 50
14 -50.0 50
15 -50.0 50
16 -50.0 50
17 -50.0 50
18 -50.0 50
19 -50.0 50
20 -50.0 50
21 -50.0 50
22 -50.0 50
23 -50.0 50
24 -29.0 29
25 -50.0 50
26 -50.0 50
27 -50.0 50
28 -50.0 50
29 -50.0 50
30 -50.0 50
31 -34.0 34
32 -50.0 50
33 -50.0 50
34 -50.0 50
35 -50.0 50
36 -21.0 21
37 -50.0 50
38 -50.0 50
39 -50.0 50
40 -50.0 50
41 -50.0 50
42 -50.0 50
43 -47.0 47
44 -24.0 24
45 -20.0 20
46 -25.0 25
47 -22.0 22
48 -21.0 21
49 -50.0 50
50 -21.0 21
51 -12.0 12
52 -16.0 16
53 -13.0 13
54 -9.0 9
55 -9.0 9
56 -9.0 9
57 -9.0 9
58 -9.0 9
59 -9.0 9
60 -11.0 11
61 -16.0 16
62 -11.0 11
63 -9.0 9
64 -9.0 9
0 -50.0 50
1 -50.0 50
2 -50.0 50
3 -50.0 50
4 -50.0 50
5 -50.0 50
6 -50.0 50
7 -50.0 50
8 -50.0 50
9 -50.0 50
10 -50.0 50
11 -50.0 50
12 -50.0 50
13 -50.0 50
14 -50.0 50
15 -50.0 50
16 -50.0 50
17 -42.0 42
18 -50.0 50
19 -50.0 50
20 -50.0 50
21 -50.0 50
22 -50.0 50
23 -50.0 50
24 -50.0 50
25 -50.0 50
26 -50.0 50
27 -50.0 50
28 -50.0 50
29 -50.0 50
30 -39.0 39
31 -50.0 50
32 -50.0 50
33 -50.0 50
34 -50.0 50
35 -50.0 50
36 -50.0 50
37 -50.0 50
38 -50.0 50
39 -50.0 50
40 -50.0 50
41 -39.0 39
42 -13.0 13
43 -9.0 9
44 -9.0 9
45 -11.0 11
46 -12.0 12
47 -12.0 12
48 -12.0 12
49 -20.0 20
50 -50.0 50
51 -11.0 11
52 -10.0 10
53 -11.0 11
54 -11.0 11
55 -11.0 11
56 -11.0 11
57 -28.0 28
58 -17.0 17
59 -14.0 14
60 -18.0 18
61 -50.0 50
62 -50.0 50
63 -50.0 50
64 -38.0 38
0 -50.0 50
1 -50.0 50
2 -50.0 50
3 -50.0 50
4 -50.0 50
5 -50.0 50
6 -40.0 40
7 -50.0 50
8 -50.0 50
9 -50.0 50
10 -50.0 50
11 -50.0 50
12 -50.0 50
13 -50.0 50
14 -50.0 50
15 -50.0 50
16 -50.0 50
17 -50.0 50
18 -50.0 50
19 -50.0 50
20 -50.0 50
21 -34.0 34
22 -50.0 50
23 -50.0 50
24 -50.0 50
25 -50.0 50
26 -50.0 50
27 -50.0 50
28 -50.0 50
29 -50.0 50
30 -50.0 50
31 -50.0 50
32 -25.0 25
33 -50.0 50
34 -31.0 31
35 -50.0 50
36 -50.0 50
37 -50.0 50
38 -50.0 50
39 -50.0 50
40 -50.0 50
41 -50.0 50
42 -15.0 15
43 -20.0 20
44 -50.0 50
45 -50.0 50
46 -28.0 28
47 -19.0 19
48 -10.0 10
49 -50.0 50
50 -14.0 14
51 -18.0 18
52 -32.0 32
53 -50.0 50
54 -50.0 50
55 -48.0 48
56 -13.0 13
57 -9.0 9
58 -9.0 9
59 -9.0 9
60 -9.0 9
61 -9.0 9
62 -11.0 11
63 -10.0 10
64 -9.0 9
0 -50.0 50
1 -50.0 50
2 -50.0 50
3 -50.0 50
4 -50.0 50
5 -50.0 50
6 -50.0 50
7 -50.0 50
8 -50.0 50
9 -50.0 50
10 -50.0 50
11 -50.0 50
12 -50.0 50
13 -50.0 50
14 -50.0 50
15 -50.0 50
16 -50.0 50
17 -50.0 50
18 -50.0 50
19 -50.0 50
20 -50.0 50
21 -50.0 50
22 -50.0 50
23 -50.0 50
24 -50.0 50
25 -50.0 50
26 -50.0 50
27 -50.0 50
28 -13.0 13
29 -50.0 50
30 -26.0 26
31 -50.0 50
32 -50.0 50
33 -50.0 50
34 -39.0 39
35 -50.0 50
36 -50.0 50
37 -50.0 50
38 -50.0 50
39 -50.0 50
40 -50.0 50
41 -50.0 50
42 -50.0 50
43 -50.0 50
44 -50.0 50
45 -47.0 47
46 -50.0 50
47 -16.0 16
48 -50.0 50
49 -31.0 31
50 -17.0 17
51 -21.0 21
52 -15.0 15
53 -9.0 9
54 -9.0 9
55 -9.0 9
56 -9.0 9
57 -11.0 11
58 -23.0 23
59 -18.0 18
60 -9.0 9
61 -9.0 9
62 -9.0 9
63 -11.0 11
64 -12.0 12
0 -50.0 50
1 -50.0 50
2 -50.0 50
3 -50.0 50
4 -47.0 47
5 -50.0 50
6 -50.0 50
7 -50.0 50
8 -50.0 50
9 -50.0 50
10 -50.0 50
11 -50.0 50
12 -50.0 50
13 -50.0 50
14 -50.0 50
15 -50.0 50
16 -50.0 50
17 -50.0 50
18 -50.0 50
19 -50.0 50
20 -50.0 50
21 -50.0 50
22 -50.0 50
23 -50.0 50
24 -50.0 50
25 -50.0 50
26 -50.0 50
27 -50.0 50
28 -50.0 50
29 -50.0 50
30 -50.0 50
31 -50.0 50
32 -35.0 35
33 -43.0 43
34 -50.0 50
35 -36.0 36
36 -36.0 36
37 -50.0 50
38 -50.0 50
39 -50.0 50
40 -50.0 50
41 -50.0 50
42 -50.0 50
43 -50.0 50
44 -50.0 50
45 -50.0 50
46 -41.0 41
47 -17.0 17
48 -25.0 25
49 -29.0 29
50 -33.0 33
51 -50.0 50
52 -50.0 50
53 -9.0 9
54 -9.0 9
55 -11.0 11
56 -10.0 10
57 -10.0 10
58 -16.0 16
59 -12.0 12
60 -13.0 13
61 -16.0 16
62 -11.0 11
63 -9.0 9
64 -9.0 9
0 -50.0 50
1 -50.0 50
2 -50.0 50
3 -50.0 50
4 -50.0 50
5 -50.0 50
6 -50.0 50
7 -50.0 50
8 -50.0 50
9 -50.0 50
10 -50.0 50
11 -50.0 50
12 -50.0 50
13 -35.0 35
14 -50.0 50
15 -50.0 50
16 -50.0 50
17 -50.0 50
18 -50.0 50
19 -50.0 50
20 -50.0 50
21 -50.0 50
22 -50.0 50
23 -50.0 50
24 -50.0 50
25 -50.0 50
26 -50.0 50
27 -50.0 50
28 -50.0 50
29 -50.0 50
30 -50.0 50
31 -50.0 50
32 -15.0 15
33 -50.0 50
34 -50.0 50
35 -24.0 24
36 -34.0 34
37 -50.0 50
38 -50.0 50
39 -50.0 50
40 -50.0 50
41 -50.0 50
42 -50.0 50
43 -50.0 50
44 -50.0 50
45 -50.0 50
46 -50.0 50
47 -21.0 21
48 -48.0 48
49 -11.0 11
50 -21.0 21
51 -50.0 50
52 -14.0 14
53 -19.0 19
54 -12.0 12
55 -16.0 16
56 -37.0 37
57 -19.0 19
58 -10.0 10
59 -12.0 12
60 -11.0 11
61 -9.0 9
62 -9.0 9
63 -9.0 9
64 -9.0 9
0 -50.0 50
1 -50.0 50
2 -50.0 50
3 -50.0 50
4 -50.0 50
5 -50.0 50
6 -50.0 50
7 -50.0 50
8 -48.0 48
9 -50.0 50
10 -50.0 50
11 -50.0 50
12 -50.0 50
13 -50.0 50
14 -50.0 50
15 -50.0 50
16 -50.0 50
17 -50.0 50
18 -50.0 50
19 -50.0 50
20 -50.0 50
21 -50.0 50
22 -50.0 50
23 -50.0 50
24 -50.0 50
25 -50.0 50
26 -50.0 50
27 -50.0 50
28 -50.0 50
29 -50.0 50
30 -50.0 50
31 -50.0 50
32 -50.0 50
33 -50.0 50
34 -50.0 50
35 -50.0 50
36 -50.0 50
37 -33.0 33
38 -50.0 50
39 -50.0 50
40 -50.0 50
41 -23.0 23
42 -47.0 47
43 -50.0 50
44 -50.0 50
45 -36.0 36
46 -50.0 50
47 -23.0 23
48 -18.0 18
49 -50.0 50
50 -50.0 50
51 -35.0 35
52 -50.0 50
53 -48.0 48
54 -50.0 50
55 -50.0 50
56 -50.0 50
57 -50.0 50
58 -18.0 18
59 -20.0 20
60 -19.0 19
61 -17.0 17
62 -16.0 16
63 -17.0 17
64 -15.0 15
0 -50.0 50
1 -50.0 50
2 -50.0 50
3 -50.0 50
4 -50.0 50
5 -50.0 50
6 -50.0 50
7 -50.0 50
8 -50.0 50
9 -50.0 50
10 -50.0 50
11 -50.0 50
12 -50.0 50
13 -50.0 50
14 -50.0 50
15 -50.0 50
16 -50.0 50
17 -50.0 50
18 -50.0 50
19 -29.0 29
20 -50.0 50
21 -50.0 50
22 -50.0 50
23 -50.0 50
24 -50.0 50
25 -34.0 34
26 -50.0 50
27 -50.0 50
28 -50.0 50
29 -50.0 50
30 -50.0 50
31 -50.0 50
32 -50.0 50
33 -50.0 50
34 -50.0 50
35 -35.0 35
36 -34.0 34
37 -50.0 50
38 -22.0 22
39 -25.0 25
40 -50.0 50
41 -50.0 50
42 -50.0 50
43 -34.0 34
44 -25.0 25
45 -50.0 50
46 -50.0 50
47 -31.0 31
48 -50.0 50
49 -28.0 28
50 -18.0 18
51 -9.0 9
52 -13.0 13
53 -19.0 19
54 -25.0 25
55 -50.0 50
56 -50.0 50
57 -50.0 50
58 -50.0 50
59 -50.0 50
60 -50.0 50
61 -50.0 50
62 -50.0 50
63 -50.0 50
64 -18.0 18
0 -50.0 50
1 -50.0 50
2 -50.0 50
3 -50.0 50
4 -50.0 50
5 -50.0 50
6 -50.0 50
7 -50.0 50
8 -50.0 50
9 -50.0 50
10 -50.0 50
11 -50.0 50
12 -50.0 50
13 -50.0 50
14 -50.0 50
15 -50.0 50
16 -50.0 50
17 -50.0 50
18 -50.0 50
19 -50.0 50
20 -50.0 50
21 -50.0 50
22 -50.0 50
23 -50.0 50
24 -50.0 50
25 -50.0 50
26 -37.0 37
27 -50.0 50
28 -22.0 22
29 -50.0 50
30 -50.0 50
31 -46.0 46
32 -50.0 50
33 -50.0 50
34 -50.0 50
35 -50.0 50
36 -17.0 17
37 -50.0 50
38 -30.0 30
39 -50.0 50
40 -50.0 50
41 -50.0 50
42 -50.0 50
43 -44.0 44
44 -50.0 50
45 -50.0 50
46 -50.0 50
47 -50.0 50
48 -20.0 20
49 -17.0 17
50 -16.0 16
51 -26.0 26
52 -36.0 36
53 -22.0 22
54 -50.0 50
55 -15.0 15
56 -13.0 13
57 -11.0 11
58 -12.0 12
59 -11.0 11
60 -15.0 15
61 -19.0 19
62 -9.0 9
63 -9.0 9
64 -9.0 9
0 -50.0 50
1 -50.0 50
2 -50.0 50
3 -50.0 50
4 -50.0 50
5 -50.0 50
6 -50.0 50
7 -50.0 50
8 -50.0 50
9 -50.0 50
10 -50.0 50
11 -50.0 50
12 -50.0 50
13 -50.0 50
14 -50.0 50
15 -50.0 50
16 -50.0 50
17 -50.0 50
18 -50.0 50
19 -50.0 50
20 -50.0 50
21 -50.0 50
22 -50.0 50
23 -50.0 50
24 -50.0 50
25 -34.0 34
26 -50.0 50
27 -50.0 50
28 -50.0 50
29 -37.0 37
30 -37.0 37
31 -50.0 50
32 -50.0 50
33 -50.0 50
34 -50.0 50
35 -28.0 28
36 -50.0 50
37 -27.0 27
38 -13.0 13
39 -13.0 13
40 -19.0 19
41 -50.0 50
42 -50.0 50
43 -50.0 50
44 -50.0 50
45 -50.0 50
46 -50.0 50
47 -50.0 50
48 -24.0 24
49 -10.0 10
50 -13.0 13
51 -9.0 9
52 -20.0 20
53 -13.0 13
54 -11.0 11
55 -10.0 10
56 -11.0 11
57 -10.0 10
58 -11.0 11
59 -13.0 13
60 -9.0 9
61 -9.0 9
62 -9.0 9
63 -9.0 9
64 -9.0 9
0 -50.0 50
1 -50.0 50
2 -50.0 50
3 -50.0 50
4 -50.0 50
5 -50.0 50
6 -50.0 50
7 -42.0 42
8 -50.0 50
9 -50.0 50
10 -50.0 50
11 -50.0 50
12 -50.0 50
13 -50.0 50
14 -50.0 50
15 -50.0 50
16 -50.0 50
17 -50.0 50
18 -50.0 50
19 -50.0 50
20 -50.0 50
21 -50.0 50
22 -50.0 50
23 -50.0 50
24 -50.0 50
25 -50.0 50
26 -50.0 50
27 -50.0 50
28 -50.0 50
29 -50.0 50
30 -50.0 50
31 -50.0 50
32 -50.0 50
33 -50.0 50
34 -45.0 45
35 -14.0 14
36 -15.0 15
37 -50.0 50
38 -50.0 50
39 -50.0 50
40 -50.0 50
41 -50.0 50
42 -50.0 50
43 -22.0 22
44 -50.0 50
45 -18.0 18
46 -9.0 9
47 -14.0 14
48 -14.0 14
49 -18.0 18
50 -19.0 19
51 -16.0 16
52 -15.0 15
53 -15.0 15
54 -26.0 26
55 -50.0 50
56 -50.0 50
57 -14.0 14
58 -9.0 9
59 -11.0 11
60 -9.0 9
61 -9.0 9
62 -9.0 9
63 -9.0 9
64 -9.0 9
0 -50.0 50
1 -50.0 50
2 -50.0 50
3 -50.0 50
4 -50.0 50
5 -50.0 50
6 -50.0 50
7 -50.0 50
8 -35.0 35
9 -50.0 50
10 -50.0 50
11 -50.0 50
12 -50.0 50
13 -50.0 50
14 -50.0 50
15 -50.0 50
16 -50.0 50
17 -50.0 50
18 -50.0 50
19 -50.0 50
20 -50.0 50
21 -32.0 32
22 -50.0 50
23 -50.0 50
24 -50.0 50
25 -50.0 50
26 -50.0 50
27 -50.0 50
28 -50.0 50
29 -50.0 50
30 -50.0 50
31 -50.0 50
32 -50.0 50
33 -27.0 27
34 -50.0 50
35 -50.0 50
36 -28.0 28
37 -50.0 50
38 -50.0 50
39 -50.0 50
40 -50.0 50
41 -50.0 50
42 -50.0 50
43 -50.0 50
44 -50.0 50
45 -50.0 50
46 -21.0 21
47 -50.0 50
48 -50.0 50
49 -17.0 17
50 -12.0 12
51 -9.0 9
52 -11.0 11
53 -14.0 14
54 -10.0 10
55 -11.0 11
56 -11.0 11
57 -14.0 14
58 -11.0 11
59 -9.0 9
60 -11.0 11
61 -14.0 14
62 -40.0 40
63 -39.0 39
64 -12.0 12
0 -50.0 50
1 -50.0 50
2 -50.0 50
3 -50.0 50
4 -50.0 50
5 -50.0 50
6 -50.0 50
7 -50.0 50
8 -50.0 50
9 -50.0 50
10 -50.0 50
11 -50.0 50
12 -50.0 50
13 -50.0 50
14 -50.0 50
15 -50.0 50
16 -50.0 50
17 -50.0 50
18 -50.0 50
19 -45.0 45
20 -50.0 50
21 -50.0 50
22 -50.0 50
23 -50.0 50
24 -50.0 50
25 -50.0 50
26 -50.0 50
27 -50.0 50
28 -50.0 50
29 -50.0 50
30 -25.0 25
31 -50.0 50
32 -50.0 50
33 -50.0 50
34 -50.0 50
35 -42.0 42
36 -50.0 50
37 -50.0 50
38 -50.0 50
39 -50.0 50
40 -50.0 50
41 -50.0 50
42 -50.0 50
43 -50.0 50
44 -50.0 50
45 -50.0 50
46 -50.0 50
47 -50.0 50
48 -38.0 38
49 -33.0 33
50 -50.0 50
51 -35.0 35
52 -11.0 11
53 -11.0 11
54 -9.0 9
55 -12.0 12
56 -11.0 11
57 -9.0 9
58 -9.0 9
59 -11.0 11
60 -26.0 26
61 -35.0 35
62 -9.0 9
63 -11.0 11
64 -11.0 11
0 -50.0 50
1 -50.0 50
2 -50.0 50
3 -50.0 50
4 -50.0 50
5 -50.0 50
6 -50.0 50
7 -50.0 50
8 -50.0 50
9 -50.0 50
10 -50.0 50
11 -50.0 50
12 -50.0 50
13 -50.0 50
14 -50.0 50
15 -22.0 22
16 -50.0 50
17 -50.0 50
18 -50.0 50
19 -50.0 50
20 -50.0 50
21 -50.0 50
22 -50.0 50
23 -50.0 50
24 -50.0 50
25 -50.0 50
26 -50.0 50
27 -50.0 50
28 -50.0 50
29 -50.0 50
30 -50.0 50
31 -50.0 50
32 -50.0 50
33 -14.0 14
34 -28.0 28
35 -50.0 50
36 -50.0 50
37 -50.0 50
38 -50.0 50
39 -50.0 50
40 -37.0 37
41 -50.0 50
42 -50.0 50
43 -50.0 50
44 -50.0 50
45 -43.0 43
46 -50.0 50
47 -13.0 13
48 -16.0 16
49 -17.0 17
50 -50.0 50
51 -50.0 50
52 -11.0 11
53 -11.0 11
54 -11.0 11
55 -14.0 14
56 -11.0 11
57 -20.0 20
58 -9.0 9
59 -9.0 9
60 -9.0 9
61 -9.0 9
62 -9.0 9
63 -13.0 13
64 -10.0 10
0 -50.0 50
1 -50.0 50
2 -50.0 50
3 -35.0 35
4 -50.0 50
5 -50.0 50
6 -50.0 50
7 -50.0 50
8 -50.0 50
9 -50.0 50
10 -50.0 50
11 -50.0 50
12 -50.0 50
13 -50.0 50
14 -50.0 50
15 -50.0 50
16 -50.0 50
17 -50.0 50
18 -50.0 50
19 -50.0 50
20 -50.0 50
21 -50.0 50
22 -50.0 50
23 -50.0 50
24 -50.0 50
25 -50.0 50
26 -50.0 50
27 -50.0 50
28 -50.0 50
29 -43.0 43
30 -50.0 50
31 -50.0 50
32 -50.0 50
33 -50.0 50
34 -50.0 50
35 -21.0 21
36 -17.0 17
37 -50.0 50
38 -45.0 45
39 -50.0 50
40 -16.0 16
41 -18.0 18
42 -32.0 32
43 -50.0 50
44 -50.0 50
45 -50.0 50
46 -50.0 50
47 -50.0 50
48 -50.0 50
49 -50.0 50
50 -26.0 26
51 -13.0 13
52 -9.0 9
53 -17.0 17
54 -9.0 9
55 -9.0 9
56 -9.0 9
57 -12.0 12
58 -13.0 13
59 -19.0 19
60 -14.0 14
61 -9.0 9
62 -9.0 9
63 -9.0 9
64 -9.0 9
0 -50.0 50
1 -50.0 50
2 -50.0 50
3 -50.0 50
4 -50.0 50
5 -50.0 50
6 -50.0 50
7 -50.0 50
8 -50.0 50
9 -50.0 50
10 -50.0 50
11 -50.0 50
12 -50.0 50
13 -29.0 29
14 -50.0 50
15 -50.0 50
16 -50.0 50
17 -50.0 50
18 -50.0 50
19 -50.0 50
20 -50.0 50
21 -50.0 50
22 -50.0 50
23 -50.0 50
24 -50.0 50
25 -50.0 50
26 -50.0 50
27 -50.0 50
28 -50.0 50
29 -50.0 50
30 -21.0 21
31 -12.0 12
32 -15.0 15
33 -50.0 50
34 -50.0 50
35 -29.0 29
36 -50.0 50
37 -50.0 50
38 -50.0 50
39 -30.0 30
40 -50.0 50
41 -50.0 50
42 -50.0 50
43 -50.0 50
44 -50.0 50
45 -50.0 50
46 -50.0 50
47 -29.0 29
48 -23.0 23
49 -17.0 17
50 -14.0 14
51 -14.0 14
52 -17.0 17
53 -12.0 12
54 -34.0 34
55 -21.0 21
56 -15.0 15
57 -11.0 11
58 -9.0 9
59 -9.0 9
60 -9.0 9
61 -9.0 9
62 -9.0 9
63 -9.0 9
64 -9.0 9
0 -50.0 50
1 -50.0 50
2 -50.0 50
3 -50.0 50
4 -49.0 49
5 -50.0 50
6 -50.0 50
7 -50.0 50
8 -50.0 50
9 -50.0 50
10 -50.0 50
11 -50.0 50
12 -50.0 50
13 -50.0 50
14 -50.0 50
15 -50.0 50
16 -50.0 50
17 -50.0 50
18 -50.0 50
19 -50.0 50
20 -50.0 50
21 -50.0 50
22 -50.0 50
23 -50.0 50
24 -50.0 50
25 -50.0 50
26 -50.0 50
27 -50.0 50
28 -50.0 50
29 -50.0 50
30 -31.0 31
31 -50.0 50
32 -50.0 50
33 -50.0 50
34 -50.0 50
35 -50.0 50
36 -50.0 50
37 -36.0 36
38 -50.0 50
39 -50.0 50
40 -50.0 50
41 -50.0 50
42 -50.0 50
43 -50.0 50
44 -50.0 50
45 -50.0 50
46 -50.0 50
47 -23.0 23
48 -13.0 13
49 -15.0 15
50 -19.0 19
51 -18.0 18
52 -24.0 24
53 -25.0 25
54 -9.0 9
55 -9.0 9
56 -9.0 9
57 -9.0 9
58 -9.0 9
59 -9.0 9
60 -10.0 10
61 -9.0 9
62 -9.0 9
63 -9.0 9
64 -9.0 9
0 -50.0 50
1 -50.0 50
2 -50.0 50
3 -50.0 50
4 -50.0 50
5 -50.0 50
6 -50.0 50
7 -50.0 50
8 -50.0 50
9 -50.0 50
10 -50.0 50
11 -50.0 50
12 -50.0 50
13 -50.0 50
14 -50.0 50
15 -50.0 50
16 -50.0 50
17 -50.0 50
18 -50.0 50
19 -50.0 50
20 -50.0 50
21 -46.0 46
22 -50.0 50
23 -50.0 50
24 -50.0 50
25 -50.0 50
26 -50.0 50
27 -50.0 50
28 -50.0 50
29 -41.0 41
30 -50.0 50
31 -45.0 45
32 -50.0 50
33 -50.0 50
34 -50.0 50
35 -50.0 50
36 -40.0 40
37 -50.0 50
38 -50.0 50
39 -49.0 49
40 -46.0 46
41 -50.0 50
42 -50.0 50
43 -50.0 50
44 -23.0 23
45 -50.0 50
46 -50.0 50
47 -15.0 15
48 -11.0 11
49 -16.0 16
50 -27.0 27
51 -50.0 50
52 -50.0 50
53 -50.0 50
54 -41.0 41
55 -13.0 13
56 -13.0 13
57 -14.0 14
58 -11.0 11
59 -9.0 9
60 -9.0 9
61 -13.0 13
62 -13.0 13
63 -12.0 12
64 -11.0 11
0 -50.0 50
1 -50.0 50
2 -50.0 50
3 -50.0 50
4 -50.0 50
5 -50.0 50
6 -50.0 50
7 -50.0 50
8 -50.0 50
9 -50.0 50
10 -50.0 50
11 -50.0 50
12 -50.0 50
13 -50.0 50
14 -50.0 50
15 -50.0 50
16 -50.0 50
17 -50.0 50
18 -50.0 50
19 -50.0 50
20 -50.0 50
21 -50.0 50
22 -50.0 50
23 -50.0 50
24 -50.0 50
25 -20.0 20
26 -50.0 50
27 -50.0 50
28 -50.0 50
29 -41.0 41
30 -50.0 50
31 -50.0 50
32 -50.0 50
33 -50.0 50
34 -50.0 50
35 -50.0 50
36 -48.0 48
37 -50.0 50
38 -50.0 50
39 -50.0 50
40 -50.0 50
41 -50.0 50
42 -50.0 50
43 -50.0 50
44 -42.0 42
45 -50.0 50
46 -11.0 11
47 -10.0 10
48 -13.0 13
49 -50.0 50
50 -22.0 22
51 -50.0 50
52 -50.0 50
53 -17.0 17
54 -21.0 21
55 -14.0 14
56 -11.0 11
57 -19.0 19
58 -11.0 11
59 -10.0 10
60 -18.0 18
61 -21.0 21
62 -16.0 16
63 -9.0 9
64 -9.0 9
0 -50.0 50
1 -50.0 50
2 -50.0 50
3 -50.0 50
4 -50.0 50
5 -50.0 50
6 -50.0 50
7 -50.0 50
8 -50.0 50
9 -50.0 50
10 -50.0 50
11 -50.0 50
12 -50.0 50
13 -50.0 50
14 -50.0 50
15 -50.0 50
16 -50.0 50
17 -50.0 50
18 -50.0 50
19 -50.0 50
20 -50.0 50
21 -50.0 50
22 -50.0 50
23 -50.0 50
24 -50.0 50
25 -20.0 20
26 -50.0 50
27 -50.0 50
28 -50.0 50
29 -50.0 50
30 -50.0 50
31 -50.0 50
32 -22.0 22
33 -30.0 30
34 -50.0 50
35 -27.0 27
36 -50.0 50
37 -50.0 50
38 -50.0 50
39 -50.0 50
40 -43.0 43
41 -50.0 50
42 -50.0 50
43 -50.0 50
44 -50.0 50
45 -50.0 50
46 -22.0 22
47 -11.0 11
48 -10.0 10
49 -11.0 11
50 -50.0 50
51 -12.0 12
52 -11.0 11
53 -17.0 17
54 -12.0 12
55 -9.0 9
56 -9.0 9
57 -11.0 11
58 -21.0 21
59 -45.0 45
60 -17.0 17
61 -11.0 11
62 -9.0 9
63 -9.0 9
64 -9.0 9
0 -50.0 50
1 -50.0 50
2 -50.0 50
3 -50.0 50
4 -50.0 50
5 -50.0 50
6 -50.0 50
7 -50.0 50
8 -50.0 50
9 -50.0 50
10 -50.0 50
11 -50.0 50
12 -50.0 50
13 -50.0 50
14 -50.0 50
15 -50.0 50
16 -50.0 50
17 -50.0 50
18 -50.0 50
19 -50.0 50
20 -50.0 50
21 -50.0 50
22 -50.0 50
23 -50.0 50
24 -50.0 50
25 -50.0 50
26 -50.0 50
27 -50.0 50
28 -50.0 50
29 -50.0 50
30 -50.0 50
31 -50.0 50
32 -46.0 46
33 -50.0 50
34 -50.0 50
35 -50.0 50
36 -33.0 33
37 -11.0 11
38 -11.0 11
39 -50.0 50
40 -50.0 50
41 -50.0 50
42 -50.0 50
43 -50.0 50
44 -24.0 24
45 -50.0 50
46 -17.0 17
47 -50.0 50
48 -50.0 50
49 -50.0 50
50 -48.0 48
51 -50.0 50
52 -50.0 50
53 -50.0 50
54 -50.0 50
55 -50.0 50
56 -50.0 50
57 -43.0 43
58 -9.0 9
59 -9.0 9
60 -12.0 12
61 -9.0 9
62 -9.0 9
63 -9.0 9
64 -9.0 9
