0 -50.0 50
1 -50.0 50
2 -22.0 22
3 -50.0 50
4 -37.0 37
5 -50.0 50
6 -18.0 18
7 -25.0 25
8 -9.0 9
9 -19.0 19
10 -13.0 13
11 -13.0 13
12 -9.0 9
13 -10.0 10
14 -9.0 9
15 -7.0 7
16 -7.0 7
17 -10.0 10
18 -9.0 9
19 -15.0 15
0 -50.0 50
1 -50.0 50
2 -42.0 42
3 -50.0 50
4 -40.0 40
5 -11.0 11
6 -20.0 20
7 -37.0 37
8 -16.0 16
9 -44.0 44
10 -26.0 26
11 -47.0 47
12 -22.0 22
13 -7.0 7
14 -9.0 9
15 -8.0 8
16 -7.0 7
17 -9.0 9
18 -9.0 9
19 -7.0 7
0 -33.0 33
1 -50.0 50
2 -50.0 50
3 -47.0 47
4 -50.0 50
5 -50.0 50
6 -13.0 13
7 -9.0 9
8 -10.0 10
9 -10.0 10
10 -22.0 22
11 -7.0 7
12 -8.0 8
13 -19.0 19
14 -18.0 18
15 -22.0 22
16 -36.0 36
17 -7.0 7
18 -7.0 7
19 -7.0 7
0 -38.0 38
1 -50.0 50
2 -50.0 50
3 -50.0 50
4 -50.0 50
5 -39.0 39
6 -50.0 50
7 -29.0 29
8 -14.0 14
9 -12.0 12
10 -7.0 7
11 -7.0 7
12 -7.0 7
13 -7.0 7
14 -10.0 10
15 -17.0 17
16 -10.0 10
17 -7.0 7
18 -7.0 7
19 -7.0 7
0 -50.0 50
1 -50.0 50
2 -50.0 50
3 -27.0 27
4 -28.0 28
5 -39.0 39
6 -33.0 33
7 -23.0 23
8 -10.0 10
9 -20.0 20
10 -19.0 19
11 -27.0 27
12 -15.0 15
13 -9.0 9
14 -9.0 9
15 -9.0 9
16 -7.0 7
17 -7.0 7
18 -7.0 7
19 -7.0 7
0 -50.0 50
1 -50.0 50
2 -50.0 50
3 -50.0 50
4 -50.0 50
5 -17.0 17
6 -22.0 22
7 -13.0 13
8 -22.0 22
9 -26.0 26
10 -50.0 50
11 -27.0 27
12 -22.0 22
13 -12.0 12
14 -15.0 15
15 -19.0 19
16 -9.0 9
17 -17.0 17
18 -9.0 9
19 -7.0 7
0 -50.0 50
1 -50.0 50
2 -50.0 50
3 -22.0 22
4 -50.0 50
5 -41.0 41
6 -33.0 33
7 -50.0 50
8 -19.0 19
9 -11.0 11
10 -13.0 13
11 -9.0 9
12 -10.0 10
13 -10.0 10
14 -9.0 9
15 -8.0 8
16 -7.0 7
17 -7.0 7
18 -7.0 7
19 -7.0 7
0 -50.0 50
1 -50.0 50
2 -50.0 50
3 -34.0 34
4 -50.0 50
5 -37.0 37
6 -48.0 48
7 -17.0 17
8 -8.0 8
9 -13.0 13
10 -12.0 12
11 -11.0 11
12 -26.0 26
13 -26.0 26
14 -12.0 12
15 -10.0 10
16 -9.0 9
17 -9.0 9
18 -7.0 7
19 -7.0 7
0 -50.0 50
1 -50.0 50
2 -37.0 37
3 -50.0 50
4 -28.0 28
5 -50.0 50
6 -23.0 23
7 -9.0 9
8 -10.0 10
9 -9.0 9
10 -12.0 12
11 -12.0 12
12 -9.0 9
13 -28.0 28
14 -36.0 36
15 -14.0 14
16 -7.0 7
17 -7.0 7
18 -9.0 9
19 -7.0 7
0 -50.0 50
1 -50.0 50
2 -50.0 50
3 -41.0 41
4 -50.0 50
5 -21.0 21
6 -21.0 21
7 -50.0 50
8 -15.0 15
9 -41.0 41
10 -27.0 27
11 -29.0 29
12 -13.0 13
13 -12.0 12
14 -18.0 18
15 -9.0 9
16 -9.0 9
17 -7.0 7
18 -7.0 7
19 -7.0 7
0 -50.0 50
1 -43.0 43
2 -50.0 50
3 -31.0 31
4 -50.0 50
5 -22.0 22
6 -17.0 17
7 -50.0 50
8 -22.0 22
9 -42.0 42
10 -15.0 15
11 -11.0 11
12 -14.0 14
13 -10.0 10
14 -7.0 7
15 -7.0 7
16 -12.0 12
17 -9.0 9
18 -7.0 7
19 -7.0 7
0 -50.0 50
1 -50.0 50
2 -50.0 50
3 -50.0 50
4 -13.0 13
5 -24.0 24
6 -20.0 20
7 -21.0 21
8 -21.0 21
9 -28.0 28
10 -39.0 39
11 -9.0 9
12 -17.0 17
13 -8.0 8
14 -8.0 8
15 -9.0 9
16 -10.0 10
17 -13.0 13
18 -11.0 11
19 -7.0 7
0 -16.0 16
1 -50.0 50
2 -50.0 50
3 -45.0 45
4 -50.0 50
5 -50.0 50
6 -50.0 50
7 -30.0 30
8 -28.0 28
9 -18.0 18
10 -14.0 14
11 -8.0 8
12 -7.0 7
13 -8.0 8
14 -9.0 9
15 -10.0 10
16 -13.0 13
17 -7.0 7
18 -7.0 7
19 -7.0 7
0 -50.0 50
1 -50.0 50
2 -37.0 37
3 -50.0 50
4 -9.0 9
5 -43.0 43
6 -35.0 35
7 -50.0 50
8 -18.0 18
9 -19.0 19
10 -14.0 14
11 -10.0 10
12 -7.0 7
13 -8.0 8
14 -10.0 10
15 -11.0 11
16 -7.0 7
17 -7.0 7
18 -9.0 9
19 -33.0 33
0 -50.0 50
1 -50.0 50
2 -50.0 50
3 -24.0 24
4 -18.0 18
5 -24.0 24
6 -39.0 39
7 -50.0 50
8 -49.0 49
9 -21.0 21
10 -16.0 16
11 -15.0 15
12 -18.0 18
13 -12.0 12
14 -8.0 8
15 -8.0 8
16 -9.0 9
17 -8.0 8
18 -7.0 7
19 -7.0 7
0 -21.0 21
1 -50.0 50
2 -50.0 50
3 -50.0 50
4 -40.0 40
5 -50.0 50
6 -50.0 50
7 -35.0 35
8 -18.0 18
9 -15.0 15
10 -7.0 7
11 -8.0 8
12 -8.0 8
13 -17.0 17
14 -26.0 26
15 -11.0 11
16 -7.0 7
17 -7.0 7
18 -7.0 7
19 -7.0 7
0 -50.0 50
1 -50.0 50
2 -50.0 50
3 -50.0 50
4 -36.0 36
5 -15.0 15
6 -7.0 7
7 -7.0 7
8 -7.0 7
9 -10.0 10
10 -24.0 24
11 -31.0 31
12 -7.0 7
13 -7.0 7
14 -8.0 8
15 -8.0 8
16 -8.0 8
17 -13.0 13
18 -7.0 7
19 -7.0 7
0 -50.0 50
1 -43.0 43
2 -50.0 50
3 -31.0 31
4 -43.0 43
5 -50.0 50
6 -22.0 22
7 -40.0 40
8 -23.0 23
9 -13.0 13
10 -9.0 9
11 -14.0 14
12 -14.0 14
13 -16.0 16
14 -7.0 7
15 -7.0 7
16 -8.0 8
17 -9.0 9
18 -10.0 10
19 -9.0 9
0 -50.0 50
1 -50.0 50
2 -31.0 31
3 -50.0 50
4 -50.0 50
5 -50.0 50
6 -43.0 43
7 -20.0 20
8 -12.0 12
9 -17.0 17
10 -39.0 39
11 -10.0 10
12 -8.0 8
13 -7.0 7
14 -8.0 8
15 -7.0 7
16 -7.0 7
17 -7.0 7
18 -7.0 7
19 -9.0 9
0 -50.0 50
1 -50.0 50
2 -50.0 50
3 -50.0 50
4 -49.0 49
5 -18.0 18
6 -50.0 50
7 -16.0 16
8 -7.0 7
9 -8.0 8
10 -20.0 20
11 -7.0 7
12 -8.0 8
13 -9.0 9
14 -10.0 10
15 -12.0 12
16 -9.0 9
17 -7.0 7
18 -7.0 7
19 -7.0 7
0 -50.0 50
1 -50.0 50
2 -50.0 50
3 -50.0 50
4 -31.0 31
5 -22.0 22
6 -50.0 50
7 -25.0 25
8 -20.0 20
9 -12.0 12
10 -8.0 8
11 -15.0 15
12 -7.0 7
13 -7.0 7
14 -7.0 7
15 -8.0 8
16 -14.0 14
17 -16.0 16
18 -7.0 7
19 -7.0 7
0 -50.0 50
1 -50.0 50
2 -50.0 50
3 -28.0 28
4 -50.0 50
5 -37.0 37
6 -37.0 37
7 -18.0 18
8 -19.0 19
9 -16.0 16
10 -9.0 9
11 -7.0 7
12 -7.0 7
13 -8.0 8
14 -13.0 13
15 -22.0 22
16 -8.0 8
17 -10.0 10
18 -9.0 9
19 -7.0 7
0 -50.0 50
1 -38.0 38
2 -50.0 50
3 -30.0 30
4 -50.0 50
5 -50.0 50
6 -26.0 26
7 -50.0 50
8 -37.0 37
9 -12.0 12
10 -9.0 9
11 -9.0 9
12 -7.0 7
13 -7.0 7
14 -7.0 7
15 -7.0 7
16 -9.0 9
17 -7.0 7
18 -9.0 9
19 -7.0 7
0 -50.0 50
1 -31.0 31
2 -50.0 50
3 -26.0 26
4 -50.0 50
5 -50.0 50
6 -50.0 50
7 -28.0 28
8 -16.0 16
9 -8.0 8
10 -19.0 19
11 -8.0 8
12 -10.0 10
13 -7.0 7
14 -8.0 8
15 -7.0 7
16 -9.0 9
17 -7.0 7
18 -7.0 7
19 -9.0 9
0 -50.0 50
1 -29.0 29
2 -50.0 50
3 -47.0 47
4 -48.0 48
5 -50.0 50
6 -26.0 26
7 -24.0 24
8 -50.0 50
9 -28.0 28
10 -29.0 29
11 -11.0 11
12 -11.0 11
13 -14.0 14
14 -10.0 10
15 -15.0 15
16 -13.0 13
17 -7.0 7
18 -7.0 7
19 -7.0 7
0 -50.0 50
1 -46.0 46
2 -50.0 50
3 -39.0 39
4 -27.0 27
5 -50.0 50
6 -31.0 31
7 -42.0 42
8 -50.0 50
9 -50.0 50
10 -43.0 43
11 -7.0 7
12 -7.0 7
13 -7.0 7
14 -8.0 8
15 -7.0 7
16 -7.0 7
17 -7.0 7
18 -7.0 7
19 -7.0 7
0 -45.0 45
1 -50.0 50
2 -50.0 50
3 -50.0 50
4 -50.0 50
5 -29.0 29
6 -8.0 8
7 -9.0 9
8 -12.0 12
9 -7.0 7
10 -11.0 11
11 -8.0 8
12 -13.0 13
13 -8.0 8
14 -8.0 8
15 -9.0 9
16 -8.0 8
17 -7.0 7
18 -11.0 11
19 -19.0 19
0 -50.0 50
1 -50.0 50
2 -50.0 50
3 -24.0 24
4 -50.0 50
5 -16.0 16
6 -33.0 33
7 -15.0 15
8 -16.0 16
9 -50.0 50
10 -13.0 13
11 -15.0 15
12 -10.0 10
13 -8.0 8
14 -8.0 8
15 -14.0 14
16 -30.0 30
17 -7.0 7
18 -7.0 7
19 -9.0 9
0 -50.0 50
1 -50.0 50
2 -50.0 50
3 -43.0 43
4 -50.0 50
5 -21.0 21
6 -17.0 17
7 -12.0 12
8 -34.0 34
9 -50.0 50
10 -50.0 50
11 -50.0 50
12 -13.0 13
13 -16.0 16
14 -8.0 8
15 -7.0 7
16 -7.0 7
17 -7.0 7
18 -9.0 9
19 -7.0 7
0 -35.0 35
1 -50.0 50
2 -50.0 50
3 -50.0 50
4 -50.0 50
5 -20.0 20
6 -32.0 32
7 -17.0 17
8 -10.0 10
9 -15.0 15
10 -22.0 22
11 -16.0 16
12 -12.0 12
13 -13.0 13
14 -13.0 13
15 -48.0 48
16 -14.0 14
17 -7.0 7
18 -9.0 9
19 -7.0 7
0 -50.0 50
1 -42.0 42
2 -50.0 50
3 -27.0 27
4 -50.0 50
5 -35.0 35
6 -48.0 48
7 -19.0 19
8 -41.0 41
9 -50.0 50
10 -41.0 41
11 -14.0 14
12 -7.0 7
13 -7.0 7
14 -9.0 9
15 -10.0 10
16 -8.0 8
17 -11.0 11
18 -7.0 7
19 -7.0 7
0 -50.0 50
1 -50.0 50
2 -50.0 50
3 -13.0 13
4 -50.0 50
5 -50.0 50
6 -17.0 17
7 -20.0 20
8 -15.0 15
9 -43.0 43
10 -47.0 47
11 -12.0 12
12 -13.0 13
13 -14.0 14
14 -16.0 16
15 -7.0 7
16 -7.0 7
17 -8.0 8
18 -7.0 7
19 -7.0 7
0 -26.0 26
1 -50.0 50
2 -50.0 50
3 -50.0 50
4 -50.0 50
5 -39.0 39
6 -42.0 42
7 -20.0 20
8 -11.0 11
9 -20.0 20
10 -20.0 20
11 -50.0 50
12 -8.0 8
13 -11.0 11
14 -7.0 7
15 -7.0 7
16 -9.0 9
17 -7.0 7
18 -7.0 7
19 -7.0 7
0 -50.0 50
1 -50.0 50
2 -36.0 36
3 -50.0 50
4 -33.0 33
5 -50.0 50
6 -28.0 28
7 -22.0 22
8 -24.0 24
9 -21.0 21
10 -48.0 48
11 -11.0 11
12 -7.0 7
13 -9.0 9
14 -11.0 11
15 -8.0 8
16 -7.0 7
17 -7.0 7
18 -7.0 7
19 -8.0 8
0 -50.0 50
1 -50.0 50
2 -50.0 50
3 -22.0 22
4 -45.0 45
5 -50.0 50
6 -26.0 26
7 -28.0 28
8 -43.0 43
9 -20.0 20
10 -12.0 12
11 -11.0 11
12 -11.0 11
13 -13.0 13
14 -8.0 8
15 -10.0 10
16 -9.0 9
17 -7.0 7
18 -7.0 7
19 -7.0 7
0 -50.0 50
1 -32.0 32
2 -50.0 50
3 -50.0 50
4 -47.0 47
5 -50.0 50
6 -50.0 50
7 -22.0 22
8 -14.0 14
9 -21.0 21
10 -50.0 50
11 -15.0 15
12 -13.0 13
13 -7.0 7
14 -8.0 8
15 -7.0 7
16 -7.0 7
17 -9.0 9
18 -7.0 7
19 -7.0 7
0 -50.0 50
1 -50.0 50
2 -50.0 50
3 -44.0 44
4 -50.0 50
5 -46.0 46
6 -34.0 34
7 -25.0 25
8 -9.0 9
9 -7.0 7
10 -7.0 7
11 -7.0 7
12 -8.0 8
13 -7.0 7
14 -9.0 9
15 -7.0 7
16 -7.0 7
17 -9.0 9
18 -15.0 15
19 -13.0 13
0 -50.0 50
1 -42.0 42
2 -50.0 50
3 -50.0 50
4 -27.0 27
5 -50.0 50
6 -17.0 17
7 -14.0 14
8 -20.0 20
9 -7.0 7
10 -14.0 14
11 -40.0 40
12 -37.0 37
13 -7.0 7
14 -7.0 7
15 -7.0 7
16 -9.0 9
17 -8.0 8
18 -8.0 8
19 -7.0 7
0 -50.0 50
1 -50.0 50
2 -50.0 50
3 -19.0 19
4 -25.0 25
5 -50.0 50
6 -24.0 24
7 -50.0 50
8 -29.0 29
9 -46.0 46
10 -10.0 10
11 -12.0 12
12 -16.0 16
13 -13.0 13
14 -16.0 16
15 -10.0 10
16 -13.0 13
17 -23.0 23
18 -16.0 16
19 -11.0 11
0 -50.0 50
1 -35.0 35
2 -50.0 50
3 -41.0 41
4 -40.0 40
5 -40.0 40
6 -50.0 50
7 -21.0 21
8 -11.0 11
9 -8.0 8
10 -10.0 10
11 -12.0 12
12 -17.0 17
13 -11.0 11
14 -9.0 9
15 -7.0 7
16 -50.0 50
17 -19.0 19
18 -10.0 10
19 -7.0 7
