0 -19.0 19
1 -50.0 50
2 -50.0 50
3 -33.0 33
4 -50.0 50
5 -50.0 50
6 -24.0 24
7 -14.0 14
8 -33.0 33
9 -24.0 24
10 -20.0 20
11 -13.0 13
12 -12.0 12
13 -10.0 10
14 -43.0 43
15 -17.0 17
16 -10.0 10
17 -7.0 7
18 -8.0 8
19 -8.0 8
20 -8.0 8
21 -7.0 7
22 -7.0 7
23 -8.0 8
24 -7.0 7
25 -7.0 7
26 -7.0 7
27 -7.0 7
28 -7.0 7
29 -7.0 7
0 -50.0 50
1 -42.0 42
2 -50.0 50
3 -50.0 50
4 -48.0 48
5 -50.0 50
6 -32.0 32
7 -21.0 21
8 -22.0 22
9 -10.0 10
10 -9.0 9
11 -9.0 9
12 -20.0 20
13 -12.0 12
14 -11.0 11
15 -8.0 8
16 -7.0 7
17 -7.0 7
18 -7.0 7
19 -7.0 7
20 -8.0 8
21 -9.0 9
22 -12.0 12
23 -29.0 29
24 -21.0 21
25 -7.0 7
26 -7.0 7
27 -7.0 7
28 -7.0 7
29 -7.0 7
0 -29.0 29
1 -50.0 50
2 -50.0 50
3 -50.0 50
4 -47.0 47
5 -50.0 50
6 -28.0 28
7 -50.0 50
8 -9.0 9
9 -13.0 13
10 -7.0 7
11 -9.0 9
12 -15.0 15
13 -11.0 11
14 -8.0 8
15 -8.0 8
16 -9.0 9
17 -19.0 19
18 -17.0 17
19 -9.0 9
20 -11.0 11
21 -7.0 7
22 -9.0 9
23 -7.0 7
24 -7.0 7
25 -7.0 7
26 -8.0 8
27 -11.0 11
28 -7.0 7
29 -7.0 7
0 -47.0 47
1 -50.0 50
2 -50.0 50
3 -50.0 50
4 -50.0 50
5 -24.0 24
6 -35.0 35
7 -19.0 19
8 -9.0 9
9 -8.0 8
10 -8.0 8
11 -14.0 14
12 -7.0 7
13 -7.0 7
14 -11.0 11
15 -14.0 14
16 -9.0 9
17 -8.0 8
18 -13.0 13
19 -7.0 7
20 -7.0 7
21 -9.0 9
22 -11.0 11
23 -7.0 7
24 -8.0 8
25 -9.0 9
26 -12.0 12
27 -10.0 10
28 -7.0 7
29 -7.0 7
0 -50.0 50
1 -50.0 50
2 -31.0 31
3 -50.0 50
4 -50.0 50
5 -50.0 50
6 -20.0 20
7 -19.0 19
8 -16.0 16
9 -50.0 50
10 -13.0 13
11 -7.0 7
12 -7.0 7
13 -7.0 7
14 -7.0 7
15 -14.0 14
16 -14.0 14
17 -10.0 10
18 -7.0 7
19 -7.0 7
20 -15.0 15
21 -8.0 8
22 -8.0 8
23 -8.0 8
24 -10.0 10
25 -7.0 7
26 -7.0 7
27 -7.0 7
28 -7.0 7
29 -7.0 7
0 -50.0 50
1 -50.0 50
2 -50.0 50
3 -50.0 50
4 -50.0 50
5 -20.0 20
6 -16.0 16
7 -16.0 16
8 -25.0 25
9 -26.0 26
10 -16.0 16
11 -12.0 12
12 -11.0 11
13 -7.0 7
14 -7.0 7
15 -8.0 8
16 -8.0 8
17 -9.0 9
18 -10.0 10
19 -17.0 17
20 -7.0 7
21 -7.0 7
22 -8.0 8
23 -8.0 8
24 -8.0 8
25 -7.0 7
26 -12.0 12
27 -7.0 7
28 -7.0 7
29 -7.0 7
0 -50.0 50
1 -27.0 27
2 -50.0 50
3 -50.0 50
4 -22.0 22
5 -35.0 35
6 -39.0 39
7 -50.0 50
8 -22.0 22
9 -50.0 50
10 -15.0 15
11 -7.0 7
12 -7.0 7
13 -9.0 9
14 -10.0 10
15 -7.0 7
16 -11.0 11
17 -7.0 7
18 -9.0 9
19 -11.0 11
20 -10.0 10
21 -8.0 8
22 -7.0 7
23 -7.0 7
24 -7.0 7
25 -7.0 7
26 -7.0 7
27 -7.0 7
28 -7.0 7
29 -7.0 7
0 -50.0 50
1 -44.0 44
2 -50.0 50
3 -50.0 50
4 -24.0 24
5 -41.0 41
6 -26.0 26
7 -20.0 20
8 -14.0 14
9 -9.0 9
10 -8.0 8
11 -11.0 11
12 -19.0 19
13 -40.0 40
14 -13.0 13
15 -19.0 19
16 -13.0 13
17 -7.0 7
18 -7.0 7
19 -7.0 7
20 -8.0 8
21 -7.0 7
22 -9.0 9
23 -18.0 18
24 -16.0 16
25 -7.0 7
26 -7.0 7
27 -7.0 7
28 -7.0 7
29 -7.0 7
0 -24.0 24
1 -50.0 50
2 -50.0 50
3 -50.0 50
4 -12.0 12
5 -17.0 17
6 -28.0 28
7 -50.0 50
8 -35.0 35
9 -50.0 50
10 -15.0 15
11 -14.0 14
12 -12.0 12
13 -7.0 7
14 -9.0 9
15 -8.0 8
16 -7.0 7
17 -7.0 7
18 -11.0 11
19 -8.0 8
20 -7.0 7
21 -7.0 7
22 -7.0 7
23 -7.0 7
24 -7.0 7
25 -15.0 15
26 -15.0 15
27 -9.0 9
28 -7.0 7
29 -7.0 7
0 -50.0 50
1 -36.0 36
2 -50.0 50
3 -21.0 21
4 -50.0 50
5 -50.0 50
6 -50.0 50
7 -11.0 11
8 -8.0 8
9 -10.0 10
10 -16.0 16
11 -14.0 14
12 -17.0 17
13 -50.0 50
14 -17.0 17
15 -12.0 12
16 -13.0 13
17 -9.0 9
18 -10.0 10
19 -8.0 8
20 -7.0 7
21 -9.0 9
22 -8.0 8
23 -8.0 8
24 -7.0 7
25 -7.0 7
26 -7.0 7
27 -7.0 7
28 -7.0 7
29 -7.0 7
0 -50.0 50
1 -50.0 50
2 -50.0 50
3 -50.0 50
4 -50.0 50
5 -41.0 41
6 -41.0 41
7 -20.0 20
8 -31.0 31
9 -13.0 13
10 -10.0 10
11 -10.0 10
12 -7.0 7
13 -9.0 9
14 -12.0 12
15 -10.0 10
16 -7.0 7
17 -7.0 7
18 -7.0 7
19 -8.0 8
20 -9.0 9
21 -7.0 7
22 -8.0 8
23 -10.0 10
24 -10.0 10
25 -12.0 12
26 -7.0 7
27 -7.0 7
28 -7.0 7
29 -7.0 7
0 -50.0 50
1 -50.0 50
2 -50.0 50
3 -50.0 50
4 -19.0 19
5 -26.0 26
6 -50.0 50
7 -20.0 20
8 -19.0 19
9 -8.0 8
10 -7.0 7
11 -7.0 7
12 -10.0 10
13 -8.0 8
14 -8.0 8
15 -10.0 10
16 -13.0 13
17 -8.0 8
18 -7.0 7
19 -7.0 7
20 -7.0 7
21 -9.0 9
22 -9.0 9
23 -7.0 7
24 -7.0 7
25 -11.0 11
26 -7.0 7
27 -7.0 7
28 -7.0 7
29 -7.0 7
0 -37.0 37
1 -50.0 50
2 -39.0 39
3 -50.0 50
4 -50.0 50
5 -35.0 35
6 -50.0 50
7 -50.0 50
8 -16.0 16
9 -7.0 7
10 -10.0 10
11 -22.0 22
12 -8.0 8
13 -10.0 10
14 -11.0 11
15 -9.0 9
16 -7.0 7
17 -8.0 8
18 -7.0 7
19 -9.0 9
20 -11.0 11
21 -8.0 8
22 -9.0 9
23 -13.0 13
24 -8.0 8
25 -7.0 7
26 -7.0 7
27 -7.0 7
28 -7.0 7
29 -7.0 7
0 -50.0 50
1 -50.0 50
2 -50.0 50
3 -36.0 36
4 -50.0 50
5 -50.0 50
6 -20.0 20
7 -10.0 10
8 -11.0 11
9 -8.0 8
10 -13.0 13
11 -8.0 8
12 -8.0 8
13 -9.0 9
14 -12.0 12
15 -9.0 9
16 -30.0 30
17 -10.0 10
18 -9.0 9
19 -9.0 9
20 -7.0 7
21 -7.0 7
22 -8.0 8
23 -7.0 7
24 -10.0 10
25 -10.0 10
26 -11.0 11
27 -7.0 7
28 -7.0 7
29 -7.0 7
0 -50.0 50
1 -26.0 26
2 -50.0 50
3 -50.0 50
4 -50.0 50
5 -50.0 50
6 -50.0 50
7 -18.0 18
8 -8.0 8
9 -10.0 10
10 -21.0 21
11 -10.0 10
12 -7.0 7
13 -10.0 10
14 -8.0 8
15 -7.0 7
16 -7.0 7
17 -7.0 7
18 -10.0 10
19 -8.0 8
20 -13.0 13
21 -11.0 11
22 -14.0 14
23 -22.0 22
24 -11.0 11
25 -9.0 9
26 -9.0 9
27 -7.0 7
28 -7.0 7
29 -7.0 7
0 -50.0 50
1 -50.0 50
2 -41.0 41
3 -50.0 50
4 -50.0 50
5 -22.0 22
6 -50.0 50
7 -50.0 50
8 -27.0 27
9 -19.0 19
10 -7.0 7
11 -8.0 8
12 -9.0 9
13 -10.0 10
14 -7.0 7
15 -7.0 7
16 -9.0 9
17 -8.0 8
18 -7.0 7
19 -7.0 7
20 -7.0 7
21 -7.0 7
22 -7.0 7
23 -8.0 8
24 -8.0 8
25 -7.0 7
26 -7.0 7
27 -7.0 7
28 -7.0 7
29 -7.0 7
0 -33.0 33
1 -50.0 50
2 -50.0 50
3 -50.0 50
4 -43.0 43
5 -50.0 50
6 -23.0 23
7 -18.0 18
8 -16.0 16
9 -11.0 11
10 -16.0 16
11 -12.0 12
12 -9.0 9
13 -9.0 9
14 -9.0 9
15 -8.0 8
16 -9.0 9
17 -16.0 16
18 -7.0 7
19 -7.0 7
20 -7.0 7
21 -8.0 8
22 -7.0 7
23 -10.0 10
24 -42.0 42
25 -8.0 8
26 -7.0 7
27 -7.0 7
28 -7.0 7
29 -7.0 7
0 -50.0 50
1 -50.0 50
2 -50.0 50
3 -50.0 50
4 -20.0 20
5 -31.0 31
6 -17.0 17
7 -22.0 22
8 -44.0 44
9 -11.0 11
10 -17.0 17
11 -8.0 8
12 -17.0 17
13 -39.0 39
14 -25.0 25
15 -14.0 14
16 -7.0 7
17 -7.0 7
18 -8.0 8
19 -7.0 7
20 -7.0 7
21 -10.0 10
22 -9.0 9
23 -7.0 7
24 -7.0 7
25 -7.0 7
26 -7.0 7
27 -7.0 7
28 -7.0 7
29 -7.0 7
0 -50.0 50
1 -50.0 50
2 -50.0 50
3 -50.0 50
4 -20.0 20
5 -16.0 16
6 -32.0 32
7 -32.0 32
8 -50.0 50
9 -50.0 50
10 -25.0 25
11 -11.0 11
12 -12.0 12
13 -10.0 10
14 -10.0 10
15 -10.0 10
16 -12.0 12
17 -7.0 7
18 -10.0 10
19 -8.0 8
20 -7.0 7
21 -11.0 11
22 -7.0 7
23 -7.0 7
24 -7.0 7
25 -7.0 7
26 -7.0 7
27 -9.0 9
28 -7.0 7
29 -7.0 7
0 -50.0 50
1 -50.0 50
2 -50.0 50
3 -50.0 50
4 -46.0 46
5 -33.0 33
6 -12.0 12
7 -50.0 50
8 -19.0 19
9 -39.0 39
10 -11.0 11
11 -9.0 9
12 -10.0 10
13 -7.0 7
14 -7.0 7
15 -7.0 7
16 -12.0 12
17 -7.0 7
18 -7.0 7
19 -8.0 8
20 -9.0 9
21 -11.0 11
22 -9.0 9
23 -7.0 7
24 -8.0 8
25 -7.0 7
26 -7.0 7
27 -7.0 7
28 -7.0 7
29 -7.0 7
0 -50.0 50
1 -50.0 50
2 -27.0 27
3 -50.0 50
4 -28.0 28
5 -36.0 36
6 -29.0 29
7 -50.0 50
8 -46.0 46
9 -50.0 50
10 -13.0 13
11 -11.0 11
12 -14.0 14
13 -10.0 10
14 -7.0 7
15 -7.0 7
16 -7.0 7
17 -7.0 7
18 -7.0 7
19 -7.0 7
20 -7.0 7
21 -8.0 8
22 -7.0 7
23 -7.0 7
24 -8.0 8
25 -7.0 7
26 -7.0 7
27 -7.0 7
28 -7.0 7
29 -7.0 7
0 -50.0 50
1 -50.0 50
2 -50.0 50
3 -32.0 32
4 -23.0 23
5 -50.0 50
6 -33.0 33
7 -27.0 27
8 -23.0 23
9 -19.0 19
10 -9.0 9
11 -11.0 11
12 -11.0 11
13 -7.0 7
14 -9.0 9
15 -9.0 9
16 -12.0 12
17 -8.0 8
18 -13.0 13
19 -7.0 7
20 -8.0 8
21 -9.0 9
22 -9.0 9
23 -17.0 17
24 -7.0 7
25 -7.0 7
26 -7.0 7
27 -8.0 8
28 -7.0 7
29 -7.0 7
0 -50.0 50
1 -40.0 40
2 -50.0 50
3 -12.0 12
4 -50.0 50
5 -50.0 50
6 -37.0 37
7 -50.0 50
8 -21.0 21
9 -30.0 30
10 -9.0 9
11 -8.0 8
12 -10.0 10
13 -9.0 9
14 -9.0 9
15 -8.0 8
16 -7.0 7
17 -8.0 8
18 -11.0 11
19 -8.0 8
20 -10.0 10
21 -9.0 9
22 -7.0 7
23 -7.0 7
24 -7.0 7
25 -7.0 7
26 -8.0 8
27 -7.0 7
28 -7.0 7
29 -9.0 9
0 -50.0 50
1 -47.0 47
2 -50.0 50
3 -43.0 43
4 -33.0 33
5 -35.0 35
6 -50.0 50
7 -22.0 22
8 -18.0 18
9 -50.0 50
10 -12.0 12
11 -7.0 7
12 -8.0 8
13 -7.0 7
14 -7.0 7
15 -11.0 11
16 -9.0 9
17 -7.0 7
18 -7.0 7
19 -7.0 7
20 -8.0 8
21 -7.0 7
22 -8.0 8
23 -7.0 7
24 -15.0 15
25 -10.0 10
26 -7.0 7
27 -7.0 7
28 -7.0 7
29 -7.0 7
0 -50.0 50
1 -50.0 50
2 -42.0 42
3 -50.0 50
4 -30.0 30
5 -50.0 50
6 -50.0 50
7 -18.0 18
8 -14.0 14
9 -7.0 7
10 -7.0 7
11 -7.0 7
12 -7.0 7
13 -7.0 7
14 -8.0 8
15 -7.0 7
16 -8.0 8
17 -23.0 23
18 -7.0 7
19 -8.0 8
20 -11.0 11
21 -10.0 10
22 -9.0 9
23 -7.0 7
24 -9.0 9
25 -7.0 7
26 -8.0 8
27 -7.0 7
28 -7.0 7
29 -7.0 7
0 -50.0 50
1 -48.0 48
2 -50.0 50
3 -31.0 31
4 -50.0 50
5 -50.0 50
6 -50.0 50
7 -50.0 50
8 -16.0 16
9 -17.0 17
10 -13.0 13
11 -7.0 7
12 -7.0 7
13 -8.0 8
14 -8.0 8
15 -11.0 11
16 -7.0 7
17 -9.0 9
18 -19.0 19
19 -7.0 7
20 -7.0 7
21 -7.0 7
22 -15.0 15
23 -17.0 17
24 -7.0 7
25 -7.0 7
26 -8.0 8
27 -7.0 7
28 -7.0 7
29 -7.0 7
0 -44.0 44
1 -50.0 50
2 -50.0 50
3 -50.0 50
4 -50.0 50
5 -23.0 23
6 -28.0 28
7 -17.0 17
8 -15.0 15
9 -16.0 16
10 -50.0 50
11 -41.0 41
12 -11.0 11
13 -8.0 8
14 -7.0 7
15 -7.0 7
16 -7.0 7
17 -7.0 7
18 -10.0 10
19 -7.0 7
20 -8.0 8
21 -7.0 7
22 -7.0 7
23 -7.0 7
24 -9.0 9
25 -7.0 7
26 -7.0 7
27 -7.0 7
28 -7.0 7
29 -7.0 7
0 -50.0 50
1 -45.0 45
2 -50.0 50
3 -50.0 50
4 -29.0 29
5 -10.0 10
6 -9.0 9
7 -8.0 8
8 -17.0 17
9 -41.0 41
10 -24.0 24
11 -7.0 7
12 -11.0 11
13 -24.0 24
14 -8.0 8
15 -7.0 7
16 -7.0 7
17 -7.0 7
18 -13.0 13
19 -19.0 19
20 -17.0 17
21 -50.0 50
22 -14.0 14
23 -10.0 10
24 -7.0 7
25 -7.0 7
26 -7.0 7
27 -7.0 7
28 -7.0 7
29 -7.0 7
0 -50.0 50
1 -50.0 50
2 -50.0 50
3 -50.0 50
4 -26.0 26
5 -25.0 25
6 -50.0 50
7 -23.0 23
8 -12.0 12
9 -39.0 39
10 -43.0 43
11 -31.0 31
12 -9.0 9
13 -13.0 13
14 -7.0 7
15 -7.0 7
16 -8.0 8
17 -7.0 7
18 -9.0 9
19 -10.0 10
20 -7.0 7
21 -8.0 8
22 -8.0 8
23 -10.0 10
24 -7.0 7
25 -7.0 7
26 -7.0 7
27 -7.0 7
28 -7.0 7
29 -7.0 7
0 -50.0 50
1 -34.0 34
2 -50.0 50
3 -35.0 35
4 -50.0 50
5 -50.0 50
6 -21.0 21
7 -15.0 15
8 -14.0 14
9 -10.0 10
10 -10.0 10
11 -8.0 8
12 -7.0 7
13 -7.0 7
14 -9.0 9
15 -12.0 12
16 -11.0 11
17 -8.0 8
18 -11.0 11
19 -7.0 7
20 -14.0 14
21 -18.0 18
22 -11.0 11
23 -10.0 10
24 -8.0 8
25 -7.0 7
26 -7.0 7
27 -7.0 7
28 -7.0 7
29 -7.0 7
0 -50.0 50
1 -33.0 33
2 -50.0 50
3 -41.0 41
4 -50.0 50
5 -42.0 42
6 -34.0 34
7 -10.0 10
8 -11.0 11
9 -11.0 11
10 -10.0 10
11 -50.0 50
12 -47.0 47
13 -13.0 13
14 -14.0 14
15 -11.0 11
16 -12.0 12
17 -16.0 16
18 -8.0 8
19 -7.0 7
20 -7.0 7
21 -8.0 8
22 -8.0 8
23 -7.0 7
24 -7.0 7
25 -7.0 7
26 -7.0 7
27 -7.0 7
28 -7.0 7
29 -7.0 7
0 -50.0 50
1 -50.0 50
2 -50.0 50
3 -30.0 30
4 -20.0 20
5 -50.0 50
6 -29.0 29
7 -20.0 20
8 -22.0 22
9 -27.0 27
10 -11.0 11
11 -9.0 9
12 -7.0 7
13 -7.0 7
14 -15.0 15
15 -33.0 33
16 -9.0 9
17 -10.0 10
18 -15.0 15
19 -18.0 18
20 -15.0 15
21 -10.0 10
22 -8.0 8
23 -7.0 7
24 -7.0 7
25 -7.0 7
26 -7.0 7
27 -7.0 7
28 -7.0 7
29 -7.0 7
0 -50.0 50
1 -33.0 33
2 -50.0 50
3 -38.0 38
4 -50.0 50
5 -37.0 37
6 -50.0 50
7 -20.0 20
8 -36.0 36
9 -20.0 20
10 -11.0 11
11 -14.0 14
12 -9.0 9
13 -12.0 12
14 -11.0 11
15 -13.0 13
16 -12.0 12
17 -10.0 10
18 -8.0 8
19 -15.0 15
20 -7.0 7
21 -7.0 7
22 -7.0 7
23 -8.0 8
24 -8.0 8
25 -7.0 7
26 -7.0 7
27 -7.0 7
28 -7.0 7
29 -7.0 7
0 -21.0 21
1 -50.0 50
2 -50.0 50
3 -50.0 50
4 -50.0 50
5 -20.0 20
6 -48.0 48
7 -21.0 21
8 -8.0 8
9 -13.0 13
10 -13.0 13
11 -19.0 19
12 -31.0 31
13 -12.0 12
14 -13.0 13
15 -50.0 50
16 -25.0 25
17 -20.0 20
18 -7.0 7
19 -7.0 7
20 -7.0 7
21 -7.0 7
22 -8.0 8
23 -8.0 8
24 -7.0 7
25 -8.0 8
26 -7.0 7
27 -7.0 7
28 -7.0 7
29 -7.0 7
0 -50.0 50
1 -48.0 48
2 -50.0 50
3 -50.0 50
4 -35.0 35
5 -25.0 25
6 -50.0 50
7 -50.0 50
8 -24.0 24
9 -22.0 22
10 -16.0 16
11 -12.0 12
12 -11.0 11
13 -8.0 8
14 -8.0 8
15 -8.0 8
16 -13.0 13
17 -10.0 10
18 -18.0 18
19 -7.0 7
20 -7.0 7
21 -9.0 9
22 -12.0 12
23 -10.0 10
24 -7.0 7
25 -9.0 9
26 -11.0 11
27 -9.0 9
28 -7.0 7
29 -7.0 7
0 -50.0 50
1 -50.0 50
2 -50.0 50
3 -50.0 50
4 -20.0 20
5 -31.0 31
6 -49.0 49
7 -18.0 18
8 -10.0 10
9 -17.0 17
10 -10.0 10
11 -12.0 12
12 -15.0 15
13 -16.0 16
14 -50.0 50
15 -18.0 18
16 -13.0 13
17 -8.0 8
18 -7.0 7
19 -9.0 9
20 -8.0 8
21 -8.0 8
22 -12.0 12
23 -12.0 12
24 -8.0 8
25 -7.0 7
26 -7.0 7
27 -7.0 7
28 -7.0 7
29 -7.0 7
0 -29.0 29
1 -50.0 50
2 -50.0 50
3 -50.0 50
4 -50.0 50
5 -11.0 11
6 -18.0 18
7 -50.0 50
8 -23.0 23
9 -20.0 20
10 -12.0 12
11 -12.0 12
12 -9.0 9
13 -14.0 14
14 -19.0 19
15 -15.0 15
16 -14.0 14
17 -10.0 10
18 -7.0 7
19 -7.0 7
20 -10.0 10
21 -20.0 20
22 -12.0 12
23 -7.0 7
24 -7.0 7
25 -7.0 7
26 -7.0 7
27 -7.0 7
28 -7.0 7
29 -7.0 7
0 -50.0 50
1 -50.0 50
2 -50.0 50
3 -37.0 37
4 -50.0 50
5 -20.0 20
6 -21.0 21
7 -25.0 25
8 -17.0 17
9 -11.0 11
10 -8.0 8
11 -7.0 7
12 -10.0 10
13 -20.0 20
14 -14.0 14
15 -19.0 19
16 -25.0 25
17 -7.0 7
18 -7.0 7
19 -8.0 8
20 -8.0 8
21 -7.0 7
22 -7.0 7
23 -7.0 7
24 -8.0 8
25 -7.0 7
26 -8.0 8
27 -9.0 9
28 -7.0 7
29 -7.0 7
0 -36.0 36
1 -50.0 50
2 -50.0 50
3 -28.0 28
4 -48.0 48
5 -50.0 50
6 -10.0 10
7 -49.0 49
8 -13.0 13
9 -36.0 36
10 -28.0 28
11 -9.0 9
12 -11.0 11
13 -16.0 16
14 -10.0 10
15 -8.0 8
16 -9.0 9
17 -7.0 7
18 -7.0 7
19 -9.0 9
20 -7.0 7
21 -7.0 7
22 -8.0 8
23 -9.0 9
24 -7.0 7
25 -7.0 7
26 -7.0 7
27 -7.0 7
28 -7.0 7
29 -7.0 7
0 -50.0 50
1 -50.0 50
2 -50.0 50
3 -42.0 42
4 -37.0 37
5 -50.0 50
6 -32.0 32
7 -39.0 39
8 -7.0 7
9 -7.0 7
10 -7.0 7
11 -13.0 13
12 -14.0 14
13 -10.0 10
14 -9.0 9
15 -7.0 7
16 -8.0 8
17 -9.0 9
18 -7.0 7
19 -8.0 8
20 -9.0 9
21 -7.0 7
22 -7.0 7
23 -7.0 7
24 -13.0 13
25 -7.0 7
26 -7.0 7
27 -7.0 7
28 -7.0 7
29 -7.0 7
