0 -50.0 50
1 -50.0 50
2 -50.0 50
3 -39.0 39
4 -50.0 50
5 -50.0 50
6 -18.0 18
7 -18.0 18
8 -38.0 38
9 -12.0 12
10 -7.0 7
11 -7.0 7
12 -11.0 11
13 -7.0 7
14 -9.0 9
15 -8.0 8
16 -10.0 10
17 -9.0 9
18 -8.0 8
19 -7.0 7
20 -8.0 8
21 -12.0 12
22 -7.0 7
23 -7.0 7
24 -7.0 7
25 -7.0 7
26 -7.0 7
27 -7.0 7
0 -50.0 50
1 -50.0 50
2 -50.0 50
3 -50.0 50
4 -35.0 35
5 -35.0 35
6 -28.0 28
7 -50.0 50
8 -12.0 12
9 -7.0 7
10 -11.0 11
11 -11.0 11
12 -7.0 7
13 -18.0 18
14 -12.0 12
15 -8.0 8
16 -8.0 8
17 -9.0 9
18 -7.0 7
19 -7.0 7
20 -15.0 15
21 -17.0 17
22 -7.0 7
23 -7.0 7
24 -7.0 7
25 -7.0 7
26 -7.0 7
27 -7.0 7
0 -50.0 50
1 -50.0 50
2 -50.0 50
3 -30.0 30
4 -50.0 50
5 -41.0 41
6 -25.0 25
7 -19.0 19
8 -23.0 23
9 -22.0 22
10 -10.0 10
11 -12.0 12
12 -13.0 13
13 -29.0 29
14 -14.0 14
15 -10.0 10
16 -13.0 13
17 -9.0 9
18 -11.0 11
19 -20.0 20
20 -7.0 7
21 -9.0 9
22 -7.0 7
23 -7.0 7
24 -7.0 7
25 -7.0 7
26 -7.0 7
27 -7.0 7
0 -50.0 50
1 -50.0 50
2 -50.0 50
3 -50.0 50
4 -50.0 50
5 -14.0 14
6 -7.0 7
7 -10.0 10
8 -15.0 15
9 -9.0 9
10 -19.0 19
11 -50.0 50
12 -31.0 31
13 -39.0 39
14 -44.0 44
15 -23.0 23
16 -15.0 15
17 -11.0 11
18 -11.0 11
19 -12.0 12
20 -10.0 10
21 -11.0 11
22 -9.0 9
23 -7.0 7
24 -8.0 8
25 -7.0 7
26 -7.0 7
27 -7.0 7
0 -50.0 50
1 -50.0 50
2 -35.0 35
3 -50.0 50
4 -50.0 50
5 -16.0 16
6 -14.0 14
7 -15.0 15
8 -20.0 20
9 -22.0 22
10 -11.0 11
11 -11.0 11
12 -50.0 50
13 -36.0 36
14 -13.0 13
15 -37.0 37
16 -9.0 9
17 -9.0 9
18 -13.0 13
19 -7.0 7
20 -8.0 8
21 -10.0 10
22 -10.0 10
23 -7.0 7
24 -7.0 7
25 -7.0 7
26 -7.0 7
27 -7.0 7
0 -50.0 50
1 -50.0 50
2 -50.0 50
3 -42.0 42
4 -49.0 49
5 -13.0 13
6 -16.0 16
7 -13.0 13
8 -7.0 7
9 -19.0 19
10 -50.0 50
11 -37.0 37
12 -12.0 12
13 -20.0 20
14 -7.0 7
15 -7.0 7
16 -7.0 7
17 -7.0 7
18 -8.0 8
19 -7.0 7
20 -7.0 7
21 -9.0 9
22 -7.0 7
23 -7.0 7
24 -7.0 7
25 -7.0 7
26 -7.0 7
27 -7.0 7
0 -27.0 27
1 -50.0 50
2 -50.0 50
3 -50.0 50
4 -42.0 42
5 -17.0 17
6 -16.0 16
7 -50.0 50
8 -23.0 23
9 -35.0 35
10 -34.0 34
11 -10.0 10
12 -13.0 13
13 -10.0 10
14 -8.0 8
15 -7.0 7
16 -7.0 7
17 -9.0 9
18 -7.0 7
19 -9.0 9
20 -8.0 8
21 -8.0 8
22 -8.0 8
23 -7.0 7
24 -9.0 9
25 -7.0 7
26 -7.0 7
27 -7.0 7
0 -50.0 50
1 -50.0 50
2 -34.0 34
3 -50.0 50
4 -46.0 46
5 -33.0 33
6 -50.0 50
7 -44.0 44
8 -15.0 15
9 -12.0 12
10 -13.0 13
11 -11.0 11
12 -10.0 10
13 -7.0 7
14 -10.0 10
15 -7.0 7
16 -11.0 11
17 -9.0 9
18 -8.0 8
19 -7.0 7
20 -8.0 8
21 -7.0 7
22 -7.0 7
23 -7.0 7
24 -7.0 7
25 -7.0 7
26 -7.0 7
27 -7.0 7
0 -50.0 50
1 -50.0 50
2 -50.0 50
3 -50.0 50
4 -50.0 50
5 -46.0 46
6 -20.0 20
7 -14.0 14
8 -10.0 10
9 -10.0 10
10 -13.0 13
11 -7.0 7
12 -17.0 17
13 -15.0 15
14 -14.0 14
15 -16.0 16
16 -13.0 13
17 -7.0 7
18 -7.0 7
19 -8.0 8
20 -7.0 7
21 -7.0 7
22 -7.0 7
23 -8.0 8
24 -7.0 7
25 -7.0 7
26 -7.0 7
27 -7.0 7
0 -50.0 50
1 -50.0 50
2 -48.0 48
3 -50.0 50
4 -50.0 50
5 -50.0 50
6 -16.0 16
7 -9.0 9
8 -7.0 7
9 -13.0 13
10 -13.0 13
11 -12.0 12
12 -9.0 9
13 -7.0 7
14 -8.0 8
15 -8.0 8
16 -11.0 11
17 -17.0 17
18 -7.0 7
19 -7.0 7
20 -15.0 15
21 -7.0 7
22 -7.0 7
23 -8.0 8
24 -7.0 7
25 -7.0 7
26 -10.0 10
27 -7.0 7
0 -50.0 50
1 -50.0 50
2 -37.0 37
3 -50.0 50
4 -50.0 50
5 -39.0 39
6 -50.0 50
7 -7.0 7
8 -8.0 8
9 -9.0 9
10 -7.0 7
11 -16.0 16
12 -15.0 15
13 -11.0 11
14 -10.0 10
15 -11.0 11
16 -12.0 12
17 -7.0 7
18 -8.0 8
19 -8.0 8
20 -9.0 9
21 -7.0 7
22 -7.0 7
23 -7.0 7
24 -7.0 7
25 -7.0 7
26 -7.0 7
27 -7.0 7
0 -50.0 50
1 -50.0 50
2 -50.0 50
3 -41.0 41
4 -50.0 50
5 -19.0 19
6 -26.0 26
7 -33.0 33
8 -27.0 27
9 -8.0 8
10 -13.0 13
11 -8.0 8
12 -13.0 13
13 -10.0 10
14 -9.0 9
15 -11.0 11
16 -7.0 7
17 -7.0 7
18 -11.0 11
19 -9.0 9
20 -9.0 9
21 -9.0 9
22 -7.0 7
23 -7.0 7
24 -9.0 9
25 -7.0 7
26 -7.0 7
27 -9.0 9
0 -50.0 50
1 -50.0 50
2 -50.0 50
3 -50.0 50
4 -26.0 26
5 -41.0 41
6 -24.0 24
7 -34.0 34
8 -40.0 40
9 -39.0 39
10 -32.0 32
11 -11.0 11
12 -7.0 7
13 -12.0 12
14 -18.0 18
15 -9.0 9
16 -7.0 7
17 -8.0 8
18 -7.0 7
19 -8.0 8
20 -8.0 8
21 -9.0 9
22 -7.0 7
23 -7.0 7
24 -7.0 7
25 -7.0 7
26 -7.0 7
27 -7.0 7
0 -50.0 50
1 -26.0 26
2 -50.0 50
3 -50.0 50
4 -50.0 50
5 -44.0 44
6 -50.0 50
7 -14.0 14
8 -11.0 11
9 -20.0 20
10 -22.0 22
11 -12.0 12
12 -13.0 13
13 -7.0 7
14 -8.0 8
15 -8.0 8
16 -19.0 19
17 -17.0 17
18 -11.0 11
19 -9.0 9
20 -20.0 20
21 -13.0 13
22 -8.0 8
23 -7.0 7
24 -8.0 8
25 -7.0 7
26 -7.0 7
27 -7.0 7
0 -50.0 50
1 -31.0 31
2 -50.0 50
3 -50.0 50
4 -46.0 46
5 -20.0 20
6 -35.0 35
7 -19.0 19
8 -10.0 10
9 -50.0 50
10 -17.0 17
11 -10.0 10
12 -41.0 41
13 -13.0 13
14 -9.0 9
15 -11.0 11
16 -10.0 10
17 -9.0 9
18 -7.0 7
19 -7.0 7
20 -7.0 7
21 -8.0 8
22 -7.0 7
23 -9.0 9
24 -7.0 7
25 -7.0 7
26 -7.0 7
27 -7.0 7
0 -50.0 50
1 -50.0 50
2 -21.0 21
3 -50.0 50
4 -11.0 11
5 -50.0 50
6 -39.0 39
7 -50.0 50
8 -50.0 50
9 -33.0 33
10 -24.0 24
11 -19.0 19
12 -11.0 11
13 -12.0 12
14 -10.0 10
15 -15.0 15
16 -19.0 19
17 -11.0 11
18 -7.0 7
19 -7.0 7
20 -7.0 7
21 -8.0 8
22 -7.0 7
23 -11.0 11
24 -9.0 9
25 -7.0 7
26 -9.0 9
27 -7.0 7
0 -50.0 50
1 -50.0 50
2 -29.0 29
3 -45.0 45
4 -23.0 23
5 -50.0 50
6 -36.0 36
7 -50.0 50
8 -50.0 50
9 -8.0 8
10 -7.0 7
11 -11.0 11
12 -15.0 15
13 -9.0 9
14 -7.0 7
15 -7.0 7
16 -10.0 10
17 -13.0 13
18 -9.0 9
19 -11.0 11
20 -13.0 13
21 -8.0 8
22 -8.0 8
23 -7.0 7
24 -7.0 7
25 -10.0 10
26 -7.0 7
27 -7.0 7
0 -50.0 50
1 -33.0 33
2 -50.0 50
3 -50.0 50
4 -50.0 50
5 -19.0 19
6 -39.0 39
7 -35.0 35
8 -20.0 20
9 -14.0 14
10 -12.0 12
11 -14.0 14
12 -7.0 7
13 -10.0 10
14 -12.0 12
15 -31.0 31
16 -11.0 11
17 -7.0 7
18 -7.0 7
19 -9.0 9
20 -8.0 8
21 -9.0 9
22 -7.0 7
23 -7.0 7
24 -7.0 7
25 -7.0 7
26 -7.0 7
27 -7.0 7
0 -50.0 50
1 -45.0 45
2 -43.0 43
3 -50.0 50
4 -50.0 50
5 -16.0 16
6 -26.0 26
7 -27.0 27
8 -50.0 50
9 -35.0 35
10 -21.0 21
11 -28.0 28
12 -20.0 20
13 -11.0 11
14 -7.0 7
15 -7.0 7
16 -9.0 9
17 -7.0 7
18 -7.0 7
19 -7.0 7
20 -8.0 8
21 -8.0 8
22 -7.0 7
23 -14.0 14
24 -7.0 7
25 -7.0 7
26 -7.0 7
27 -7.0 7
0 -50.0 50
1 -33.0 33
2 -50.0 50
3 -50.0 50
4 -50.0 50
5 -12.0 12
6 -7.0 7
7 -14.0 14
8 -50.0 50
9 -25.0 25
10 -29.0 29
11 -15.0 15
12 -7.0 7
13 -10.0 10
14 -10.0 10
15 -8.0 8
16 -9.0 9
17 -7.0 7
18 -7.0 7
19 -12.0 12
20 -19.0 19
21 -7.0 7
22 -7.0 7
23 -7.0 7
24 -7.0 7
25 -9.0 9
26 -8.0 8
27 -7.0 7
0 -50.0 50
1 -40.0 40
2 -50.0 50
3 -50.0 50
4 -49.0 49
5 -50.0 50
6 -50.0 50
7 -21.0 21
8 -15.0 15
9 -22.0 22
10 -10.0 10
11 -22.0 22
12 -20.0 20
13 -10.0 10
14 -7.0 7
15 -7.0 7
16 -8.0 8
17 -7.0 7
18 -12.0 12
19 -10.0 10
20 -12.0 12
21 -16.0 16
22 -7.0 7
23 -7.0 7
24 -7.0 7
25 -7.0 7
26 -7.0 7
27 -7.0 7
0 -50.0 50
1 -50.0 50
2 -50.0 50
3 -43.0 43
4 -50.0 50
5 -22.0 22
6 -22.0 22
7 -27.0 27
8 -26.0 26
9 -15.0 15
10 -22.0 22
11 -32.0 32
12 -30.0 30
13 -18.0 18
14 -15.0 15
15 -12.0 12
16 -15.0 15
17 -14.0 14
18 -28.0 28
19 -10.0 10
20 -7.0 7
21 -7.0 7
22 -8.0 8
23 -7.0 7
24 -7.0 7
25 -10.0 10
26 -7.0 7
27 -7.0 7
0 -50.0 50
1 -46.0 46
2 -49.0 49
3 -50.0 50
4 -31.0 31
5 -50.0 50
6 -9.0 9
7 -26.0 26
8 -9.0 9
9 -9.0 9
10 -9.0 9
11 -16.0 16
12 -7.0 7
13 -45.0 45
14 -10.0 10
15 -14.0 14
16 -10.0 10
17 -8.0 8
18 -7.0 7
19 -7.0 7
20 -11.0 11
21 -8.0 8
22 -7.0 7
23 -12.0 12
24 -7.0 7
25 -7.0 7
26 -7.0 7
27 -7.0 7
0 -50.0 50
1 -50.0 50
2 -32.0 32
3 -50.0 50
4 -19.0 19
5 -39.0 39
6 -25.0 25
7 -50.0 50
8 -43.0 43
9 -50.0 50
10 -14.0 14
11 -7.0 7
12 -7.0 7
13 -7.0 7
14 -12.0 12
15 -14.0 14
16 -8.0 8
17 -7.0 7
18 -8.0 8
19 -7.0 7
20 -9.0 9
21 -8.0 8
22 -8.0 8
23 -11.0 11
24 -11.0 11
25 -10.0 10
26 -7.0 7
27 -7.0 7
0 -40.0 40
1 -50.0 50
2 -50.0 50
3 -50.0 50
4 -23.0 23
5 -50.0 50
6 -22.0 22
7 -50.0 50
8 -8.0 8
9 -11.0 11
10 -11.0 11
11 -8.0 8
12 -7.0 7
13 -9.0 9
14 -7.0 7
15 -11.0 11
16 -8.0 8
17 -12.0 12
18 -9.0 9
19 -12.0 12
20 -12.0 12
21 -8.0 8
22 -7.0 7
23 -7.0 7
24 -7.0 7
25 -7.0 7
26 -7.0 7
27 -9.0 9
0 -34.0 34
1 -50.0 50
2 -50.0 50
3 -50.0 50
4 -21.0 21
5 -35.0 35
6 -50.0 50
7 -37.0 37
8 -15.0 15
9 -19.0 19
10 -15.0 15
11 -12.0 12
12 -7.0 7
13 -10.0 10
14 -9.0 9
15 -7.0 7
16 -7.0 7
17 -29.0 29
18 -7.0 7
19 -7.0 7
20 -7.0 7
21 -13.0 13
22 -9.0 9
23 -15.0 15
24 -7.0 7
25 -8.0 8
26 -7.0 7
27 -7.0 7
0 -50.0 50
1 -50.0 50
2 -50.0 50
3 -50.0 50
4 -26.0 26
5 -17.0 17
6 -12.0 12
7 -50.0 50
8 -50.0 50
9 -9.0 9
10 -9.0 9
11 -12.0 12
12 -17.0 17
13 -48.0 48
14 -9.0 9
15 -8.0 8
16 -10.0 10
17 -7.0 7
18 -7.0 7
19 -7.0 7
20 -11.0 11
21 -7.0 7
22 -7.0 7
23 -11.0 11
24 -8.0 8
25 -7.0 7
26 -7.0 7
27 -7.0 7
0 -50.0 50
1 -50.0 50
2 -50.0 50
3 -50.0 50
4 -27.0 27
5 -32.0 32
6 -14.0 14
7 -11.0 11
8 -9.0 9
9 -21.0 21
10 -21.0 21
11 -35.0 35
12 -13.0 13
13 -17.0 17
14 -11.0 11
15 -7.0 7
16 -9.0 9
17 -12.0 12
18 -19.0 19
19 -7.0 7
20 -7.0 7
21 -10.0 10
22 -11.0 11
23 -10.0 10
24 -9.0 9
25 -7.0 7
26 -7.0 7
27 -7.0 7
0 -50.0 50
1 -50.0 50
2 -50.0 50
3 -17.0 17
4 -34.0 34
5 -50.0 50
6 -31.0 31
7 -50.0 50
8 -18.0 18
9 -18.0 18
10 -16.0 16
11 -18.0 18
12 -7.0 7
13 -7.0 7
14 -7.0 7
15 -9.0 9
16 -10.0 10
17 -7.0 7
18 -10.0 10
19 -8.0 8
20 -12.0 12
21 -7.0 7
22 -9.0 9
23 -7.0 7
24 -7.0 7
25 -7.0 7
26 -7.0 7
27 -7.0 7
0 -33.0 33
1 -50.0 50
2 -50.0 50
3 -50.0 50
4 -23.0 23
5 -50.0 50
6 -50.0 50
7 -10.0 10
8 -16.0 16
9 -11.0 11
10 -39.0 39
11 -7.0 7
12 -8.0 8
13 -7.0 7
14 -7.0 7
15 -8.0 8
16 -7.0 7
17 -9.0 9
18 -19.0 19
19 -12.0 12
20 -15.0 15
21 -10.0 10
22 -8.0 8
23 -8.0 8
24 -8.0 8
25 -7.0 7
26 -7.0 7
27 -7.0 7
0 -50.0 50
1 -49.0 49
2 -43.0 43
3 -50.0 50
4 -36.0 36
5 -50.0 50
6 -30.0 30
7 -44.0 44
8 -50.0 50
9 -14.0 14
10 -8.0 8
11 -7.0 7
12 -7.0 7
13 -9.0 9
14 -7.0 7
15 -7.0 7
16 -7.0 7
17 -8.0 8
18 -7.0 7
19 -7.0 7
20 -7.0 7
21 -9.0 9
22 -10.0 10
23 -7.0 7
24 -7.0 7
25 -7.0 7
26 -7.0 7
27 -7.0 7
0 -50.0 50
1 -50.0 50
2 -50.0 50
3 -50.0 50
4 -48.0 48
5 -50.0 50
6 -12.0 12
7 -21.0 21
8 -10.0 10
9 -19.0 19
10 -10.0 10
11 -11.0 11
12 -7.0 7
13 -11.0 11
14 -9.0 9
15 -7.0 7
16 -14.0 14
17 -7.0 7
18 -13.0 13
19 -9.0 9
20 -7.0 7
21 -7.0 7
22 -9.0 9
23 -7.0 7
24 -7.0 7
25 -9.0 9
26 -7.0 7
27 -7.0 7
0 -35.0 35
1 -50.0 50
2 -50.0 50
3 -43.0 43
4 -34.0 34
5 -50.0 50
6 -31.0 31
7 -9.0 9
8 -8.0 8
9 -7.0 7
10 -7.0 7
11 -10.0 10
12 -20.0 20
13 -8.0 8
14 -7.0 7
15 -8.0 8
16 -31.0 31
17 -29.0 29
18 -8.0 8
19 -8.0 8
20 -7.0 7
21 -11.0 11
22 -7.0 7
23 -7.0 7
24 -7.0 7
25 -7.0 7
26 -7.0 7
27 -7.0 7
0 -29.0 29
1 -50.0 50
2 -28.0 28
3 -50.0 50
4 -34.0 34
5 -50.0 50
6 -50.0 50
7 -22.0 22
8 -33.0 33
9 -19.0 19
10 -50.0 50
11 -50.0 50
12 -17.0 17
13 -8.0 8
14 -16.0 16
15 -7.0 7
16 -7.0 7
17 -9.0 9
18 -7.0 7
19 -12.0 12
20 -7.0 7
21 -7.0 7
22 -7.0 7
23 -9.0 9
24 -7.0 7
25 -7.0 7
26 -9.0 9
27 -9.0 9
0 -50.0 50
1 -50.0 50
2 -50.0 50
3 -39.0 39
4 -50.0 50
5 -42.0 42
6 -12.0 12
7 -13.0 13
8 -14.0 14
9 -11.0 11
10 -42.0 42
11 -15.0 15
12 -13.0 13
13 -12.0 12
14 -9.0 9
15 -14.0 14
16 -8.0 8
17 -30.0 30
18 -9.0 9
19 -7.0 7
20 -8.0 8
21 -7.0 7
22 -7.0 7
23 -7.0 7
24 -9.0 9
25 -8.0 8
26 -7.0 7
27 -7.0 7
0 -50.0 50
1 -50.0 50
2 -50.0 50
3 -41.0 41
4 -37.0 37
5 -50.0 50
6 -28.0 28
7 -32.0 32
8 -21.0 21
9 -8.0 8
10 -8.0 8
11 -9.0 9
12 -12.0 12
13 -8.0 8
14 -18.0 18
15 -21.0 21
16 -13.0 13
17 -13.0 13
18 -8.0 8
19 -7.0 7
20 -7.0 7
21 -7.0 7
22 -8.0 8
23 -7.0 7
24 -7.0 7
25 -7.0 7
26 -7.0 7
27 -7.0 7
0 -50.0 50
1 -50.0 50
2 -50.0 50
3 -50.0 50
4 -33.0 33
5 -50.0 50
6 -36.0 36
7 -29.0 29
8 -11.0 11
9 -8.0 8
10 -12.0 12
11 -8.0 8
12 -7.0 7
13 -8.0 8
14 -9.0 9
15 -11.0 11
16 -7.0 7
17 -10.0 10
18 -13.0 13
19 -7.0 7
20 -7.0 7
21 -28.0 28
22 -20.0 20
23 -10.0 10
24 -8.0 8
25 -7.0 7
26 -7.0 7
27 -7.0 7
0 -50.0 50
1 -50.0 50
2 -50.0 50
3 -22.0 22
4 -50.0 50
5 -50.0 50
6 -44.0 44
7 -28.0 28
8 -50.0 50
9 -16.0 16
10 -18.0 18
11 -10.0 10
12 -10.0 10
13 -11.0 11
14 -9.0 9
15 -7.0 7
16 -8.0 8
17 -7.0 7
18 -13.0 13
19 -9.0 9
20 -8.0 8
21 -9.0 9
22 -9.0 9
23 -7.0 7
24 -7.0 7
25 -7.0 7
26 -7.0 7
27 -7.0 7
0 -50.0 50
1 -50.0 50
2 -50.0 50
3 -31.0 31
4 -50.0 50
5 -40.0 40
6 -50.0 50
7 -35.0 35
8 -12.0 12
9 -12.0 12
10 -16.0 16
11 -10.0 10
12 -14.0 14
13 -10.0 10
14 -16.0 16
15 -8.0 8
16 -7.0 7
17 -32.0 32
18 -7.0 7
19 -8.0 8
20 -13.0 13
21 -13.0 13
22 -9.0 9
23 -12.0 12
24 -7.0 7
25 -7.0 7
26 -7.0 7
27 -7.0 7
0 -34.0 34
1 -50.0 50
2 -49.0 49
3 -50.0 50
4 -50.0 50
5 -50.0 50
6 -50.0 50
7 -18.0 18
8 -26.0 26
9 -20.0 20
10 -10.0 10
11 -14.0 14
12 -13.0 13
13 -7.0 7
14 -9.0 9
15 -7.0 7
16 -7.0 7
17 -9.0 9
18 -31.0 31
19 -20.0 20
20 -11.0 11
21 -10.0 10
22 -13.0 13
23 -12.0 12
24 -11.0 11
25 -7.0 7
26 -7.0 7
27 -7.0 7
