0 -42.0 42
1 -50.0 50
2 -50.0 50
3 -50.0 50
4 -28.0 28
5 -27.0 27
6 -9.0 9
7 -19.0 19
8 -20.0 20
9 -10.0 10
10 -50.0 50
11 -46.0 46
0 -50.0 50
1 -50.0 50
2 -50.0 50
3 -31.0 31
4 -50.0 50
5 -31.0 31
6 -24.0 24
7 -32.0 32
8 -11.0 11
9 -30.0 30
10 -12.0 12
11 -9.0 9
0 -28.0 28
1 -50.0 50
2 -50.0 50
3 -24.0 24
4 -50.0 50
5 -50.0 50
6 -50.0 50
7 -50.0 50
8 -18.0 18
9 -11.0 11
10 -7.0 7
11 -9.0 9
0 -50.0 50
1 -35.0 35
2 -50.0 50
3 -41.0 41
4 -50.0 50
5 -50.0 50
6 -37.0 37
7 -28.0 28
8 -18.0 18
9 -7.0 7
10 -8.0 8
11 -7.0 7
0 -50.0 50
1 -50.0 50
2 -50.0 50
3 -50.0 50
4 -36.0 36
5 -50.0 50
6 -35.0 35
7 -18.0 18
8 -9.0 9
9 -15.0 15
10 -18.0 18
11 -10.0 10
0 -50.0 50
1 -50.0 50
2 -50.0 50
3 -7.0 7
4 -15.0 15
5 -50.0 50
6 -50.0 50
7 -28.0 28
8 -14.0 14
9 -7.0 7
10 -7.0 7
11 -8.0 8
0 -50.0 50
1 -50.0 50
2 -50.0 50
3 -50.0 50
4 -21.0 21
5 -12.0 12
6 -14.0 14
7 -15.0 15
8 -15.0 15
9 -27.0 27
10 -13.0 13
11 -10.0 10
0 -50.0 50
1 -50.0 50
2 -44.0 44
3 -50.0 50
4 -35.0 35
5 -14.0 14
6 -19.0 19
7 -31.0 31
8 -31.0 31
9 -30.0 30
10 -50.0 50
11 -34.0 34
0 -50.0 50
1 -50.0 50
2 -50.0 50
3 -35.0 35
4 -38.0 38
5 -26.0 26
6 -38.0 38
7 -50.0 50
8 -22.0 22
9 -10.0 10
10 -10.0 10
11 -17.0 17
0 -50.0 50
1 -41.0 41
2 -50.0 50
3 -25.0 25
4 -50.0 50
5 -50.0 50
6 -36.0 36
7 -21.0 21
8 -11.0 11
9 -8.0 8
10 -28.0 28
11 -17.0 17
0 -50.0 50
1 -38.0 38
2 -41.0 41
3 -50.0 50
4 -50.0 50
5 -50.0 50
6 -43.0 43
7 -39.0 39
8 -22.0 22
9 -7.0 7
10 -7.0 7
11 -7.0 7
0 -37.0 37
1 -50.0 50
2 -50.0 50
3 -50.0 50
4 -45.0 45
5 -27.0 27
6 -16.0 16
7 -7.0 7
8 -10.0 10
9 -30.0 30
10 -27.0 27
11 -46.0 46
0 -50.0 50
1 -50.0 50
2 -35.0 35
3 -50.0 50
4 -29.0 29
5 -50.0 50
6 -16.0 16
7 -15.0 15
8 -7.0 7
9 -9.0 9
10 -33.0 33
11 -11.0 11
0 -50.0 50
1 -27.0 27
2 -50.0 50
3 -50.0 50
4 -36.0 36
5 -39.0 39
6 -50.0 50
7 -50.0 50
8 -26.0 26
9 -13.0 13
10 -7.0 7
11 -8.0 8
0 -28.0 28
1 -50.0 50
2 -50.0 50
3 -30.0 30
4 -50.0 50
5 -50.0 50
6 -16.0 16
7 -18.0 18
8 -13.0 13
9 -12.0 12
10 -11.0 11
11 -25.0 25
0 -26.0 26
1 -50.0 50
2 -50.0 50
3 -50.0 50
4 -50.0 50
5 -33.0 33
6 -50.0 50
7 -23.0 23
8 -22.0 22
9 -19.0 19
10 -14.0 14
11 -18.0 18
0 -50.0 50
1 -50.0 50
2 -50.0 50
3 -50.0 50
4 -49.0 49
5 -14.0 14
6 -16.0 16
7 -50.0 50
8 -28.0 28
9 -7.0 7
10 -7.0 7
11 -33.0 33
0 -50.0 50
1 -47.0 47
2 -47.0 47
3 -50.0 50
4 -50.0 50
5 -23.0 23
6 -30.0 30
7 -50.0 50
8 -19.0 19
9 -19.0 19
10 -18.0 18
11 -12.0 12
0 -50.0 50
1 -45.0 45
2 -50.0 50
3 -31.0 31
4 -44.0 44
5 -50.0 50
6 -35.0 35
7 -14.0 14
8 -7.0 7
9 -14.0 14
10 -19.0 19
11 -9.0 9
0 -50.0 50
1 -32.0 32
2 -50.0 50
3 -50.0 50
4 -50.0 50
5 -50.0 50
6 -31.0 31
7 -21.0 21
8 -11.0 11
9 -8.0 8
10 -7.0 7
11 -10.0 10
0 -50.0 50
1 -50.0 50
2 -50.0 50
3 -42.0 42
4 -31.0 31
5 -50.0 50
6 -23.0 23
7 -50.0 50
8 -40.0 40
9 -9.0 9
10 -7.0 7
11 -9.0 9
0 -50.0 50
1 -47.0 47
2 -50.0 50
3 -26.0 26
4 -50.0 50
5 -50.0 50
6 -50.0 50
7 -19.0 19
8 -15.0 15
9 -7.0 7
10 -7.0 7
11 -7.0 7
0 -50.0 50
1 -38.0 38
2 -40.0 40
3 -50.0 50
4 -47.0 47
5 -50.0 50
6 -46.0 46
7 -9.0 9
8 -11.0 11
9 -45.0 45
10 -11.0 11
11 -7.0 7
0 -50.0 50
1 -50.0 50
2 -50.0 50
3 -41.0 41
4 -18.0 18
5 -46.0 46
6 -50.0 50
7 -12.0 12
8 -10.0 10
9 -10.0 10
10 -7.0 7
11 -7.0 7
0 -50.0 50
1 -50.0 50
2 -18.0 18
3 -20.0 20
4 -50.0 50
5 -50.0 50
6 -50.0 50
7 -30.0 30
8 -36.0 36
9 -17.0 17
10 -13.0 13
11 -7.0 7
0 -23.0 23
1 -50.0 50
2 -50.0 50
3 -50.0 50
4 -27.0 27
5 -48.0 48
6 -29.0 29
7 -13.0 13
8 -15.0 15
9 -26.0 26
10 -44.0 44
11 -7.0 7
0 -50.0 50
1 -34.0 34
2 -50.0 50
3 -50.0 50
4 -50.0 50
5 -27.0 27
6 -13.0 13
7 -10.0 10
8 -50.0 50
9 -26.0 26
10 -9.0 9
11 -7.0 7
0 -42.0 42
1 -50.0 50
2 -21.0 21
3 -50.0 50
4 -50.0 50
5 -50.0 50
6 -29.0 29
7 -50.0 50
8 -50.0 50
9 -14.0 14
10 -8.0 8
11 -9.0 9
0 -28.0 28
1 -50.0 50
2 -50.0 50
3 -32.0 32
4 -50.0 50
5 -50.0 50
6 -50.0 50
7 -20.0 20
8 -14.0 14
9 -8.0 8
10 -12.0 12
11 -12.0 12
0 -50.0 50
1 -50.0 50
2 -50.0 50
3 -50.0 50
4 -31.0 31
5 -50.0 50
6 -33.0 33
7 -24.0 24
8 -21.0 21
9 -14.0 14
10 -16.0 16
11 -11.0 11
0 -50.0 50
1 -50.0 50
2 -50.0 50
3 -29.0 29
4 -32.0 32
5 -11.0 11
6 -24.0 24
7 -50.0 50
8 -50.0 50
9 -21.0 21
10 -26.0 26
11 -21.0 21
0 -50.0 50
1 -50.0 50
2 -50.0 50
3 -41.0 41
4 -50.0 50
5 -23.0 23
6 -11.0 11
7 -14.0 14
8 -21.0 21
9 -21.0 21
10 -32.0 32
11 -7.0 7
0 -50.0 50
1 -39.0 39
2 -50.0 50
3 -50.0 50
4 -50.0 50
5 -20.0 20
6 -24.0 24
7 -37.0 37
8 -22.0 22
9 -11.0 11
10 -13.0 13
11 -7.0 7
0 -50.0 50
1 -50.0 50
2 -50.0 50
3 -32.0 32
4 -50.0 50
5 -42.0 42
6 -15.0 15
7 -9.0 9
8 -8.0 8
9 -7.0 7
10 -43.0 43
11 -11.0 11
0 -21.0 21
1 -50.0 50
2 -50.0 50
3 -50.0 50
4 -16.0 16
5 -37.0 37
6 -50.0 50
7 -50.0 50
8 -37.0 37
9 -9.0 9
10 -8.0 8
11 -7.0 7
0 -50.0 50
1 -46.0 46
2 -50.0 50
3 -50.0 50
4 -50.0 50
5 -24.0 24
6 -49.0 49
7 -50.0 50
8 -32.0 32
9 -28.0 28
10 -9.0 9
11 -7.0 7
0 -50.0 50
1 -50.0 50
2 -50.0 50
3 -34.0 34
4 -26.0 26
5 -50.0 50
6 -27.0 27
7 -50.0 50
8 -21.0 21
9 -7.0 7
10 -7.0 7
11 -9.0 9
0 -50.0 50
1 -50.0 50
2 -44.0 44
3 -50.0 50
4 -36.0 36
5 -40.0 40
6 -12.0 12
7 -12.0 12
8 -12.0 12
9 -19.0 19
10 -7.0 7
11 -8.0 8
0 -50.0 50
1 -50.0 50
2 -50.0 50
3 -45.0 45
4 -47.0 47
5 -19.0 19
6 -45.0 45
7 -50.0 50
8 -26.0 26
9 -21.0 21
10 -30.0 30
11 -22.0 22
0 -50.0 50
1 -38.0 38
2 -50.0 50
3 -50.0 50
4 -30.0 30
5 -50.0 50
6 -37.0 37
7 -29.0 29
8 -19.0 19
9 -14.0 14
10 -12.0 12
11 -31.0 31
