0 -50.0 50
1 -50.0 50
2 -50.0 50
3 -50.0 50
4 -50.0 50
5 -36.0 36
6 -27.0 27
7 -10.0 10
8 -7.0 7
9 -11.0 11
10 -8.0 8
11 -7.0 7
12 -17.0 17
13 -13.0 13
14 -7.0 7
15 -8.0 8
16 -10.0 10
17 -7.0 7
18 -7.0 7
19 -14.0 14
20 -18.0 18
21 -7.0 7
22 -7.0 7
23 -7.0 7
0 -50.0 50
1 -50.0 50
2 -50.0 50
3 -40.0 40
4 -50.0 50
5 -50.0 50
6 -26.0 26
7 -39.0 39
8 -23.0 23
9 -15.0 15
10 -10.0 10
11 -10.0 10
12 -20.0 20
13 -19.0 19
14 -11.0 11
15 -11.0 11
16 -7.0 7
17 -7.0 7
18 -10.0 10
19 -12.0 12
20 -8.0 8
21 -8.0 8
22 -7.0 7
23 -7.0 7
0 -50.0 50
1 -43.0 43
2 -50.0 50
3 -38.0 38
4 -50.0 50
5 -50.0 50
6 -42.0 42
7 -50.0 50
8 -30.0 30
9 -17.0 17
10 -12.0 12
11 -12.0 12
12 -10.0 10
13 -10.0 10
14 -8.0 8
15 -8.0 8
16 -7.0 7
17 -11.0 11
18 -10.0 10
19 -7.0 7
20 -7.0 7
21 -25.0 25
22 -12.0 12
23 -7.0 7
0 -50.0 50
1 -26.0 26
2 -50.0 50
3 -50.0 50
4 -50.0 50
5 -40.0 40
6 -34.0 34
7 -23.0 23
8 -20.0 20
9 -14.0 14
10 -7.0 7
11 -7.0 7
12 -8.0 8
13 -16.0 16
14 -15.0 15
15 -7.0 7
16 -7.0 7
17 -9.0 9
18 -8.0 8
19 -7.0 7
20 -7.0 7
21 -8.0 8
22 -9.0 9
23 -7.0 7
0 -50.0 50
1 -33.0 33
2 -50.0 50
3 -41.0 41
4 -50.0 50
5 -25.0 25
6 -11.0 11
7 -25.0 25
8 -21.0 21
9 -12.0 12
10 -15.0 15
11 -50.0 50
12 -37.0 37
13 -21.0 21
14 -8.0 8
15 -9.0 9
16 -7.0 7
17 -7.0 7
18 -8.0 8
19 -7.0 7
20 -9.0 9
21 -7.0 7
22 -7.0 7
23 -7.0 7
0 -50.0 50
1 -50.0 50
2 -37.0 37
3 -50.0 50
4 -50.0 50
5 -26.0 26
6 -31.0 31
7 -50.0 50
8 -41.0 41
9 -22.0 22
10 -7.0 7
11 -9.0 9
12 -7.0 7
13 -7.0 7
14 -7.0 7
15 -9.0 9
16 -12.0 12
17 -12.0 12
18 -7.0 7
19 -8.0 8
20 -16.0 16
21 -14.0 14
22 -8.0 8
23 -21.0 21
0 -50.0 50
1 -42.0 42
2 -50.0 50
3 -50.0 50
4 -33.0 33
5 -48.0 48
6 -50.0 50
7 -15.0 15
8 -16.0 16
9 -7.0 7
10 -16.0 16
11 -7.0 7
12 -7.0 7
13 -7.0 7
14 -7.0 7
15 -9.0 9
16 -8.0 8
17 -10.0 10
18 -7.0 7
19 -8.0 8
20 -7.0 7
21 -7.0 7
22 -11.0 11
23 -7.0 7
0 -34.0 34
1 -50.0 50
2 -50.0 50
3 -50.0 50
4 -16.0 16
5 -24.0 24
6 -45.0 45
7 -18.0 18
8 -50.0 50
9 -50.0 50
10 -11.0 11
11 -27.0 27
12 -10.0 10
13 -7.0 7
14 -7.0 7
15 -10.0 10
16 -8.0 8
17 -10.0 10
18 -7.0 7
19 -7.0 7
20 -7.0 7
21 -7.0 7
22 -7.0 7
23 -9.0 9
0 -30.0 30
1 -50.0 50
2 -50.0 50
3 -50.0 50
4 -50.0 50
5 -35.0 35
6 -34.0 34
7 -50.0 50
8 -17.0 17
9 -15.0 15
10 -9.0 9
11 -7.0 7
12 -9.0 9
13 -8.0 8
14 -9.0 9
15 -7.0 7
16 -10.0 10
17 -12.0 12
18 -12.0 12
19 -7.0 7
20 -8.0 8
21 -7.0 7
22 -7.0 7
23 -7.0 7
0 -50.0 50
1 -50.0 50
2 -33.0 33
3 -50.0 50
4 -25.0 25
5 -50.0 50
6 -31.0 31
7 -25.0 25
8 -50.0 50
9 -9.0 9
10 -10.0 10
11 -14.0 14
12 -37.0 37
13 -17.0 17
14 -9.0 9
15 -15.0 15
16 -13.0 13
17 -18.0 18
18 -7.0 7
19 -7.0 7
20 -7.0 7
21 -7.0 7
22 -8.0 8
23 -7.0 7
0 -50.0 50
1 -50.0 50
2 -50.0 50
3 -24.0 24
4 -36.0 36
5 -34.0 34
6 -50.0 50
7 -16.0 16
8 -11.0 11
9 -11.0 11
10 -7.0 7
11 -14.0 14
12 -18.0 18
13 -12.0 12
14 -12.0 12
15 -14.0 14
16 -10.0 10
17 -8.0 8
18 -10.0 10
19 -8.0 8
20 -8.0 8
21 -7.0 7
22 -7.0 7
23 -7.0 7
0 -50.0 50
1 -50.0 50
2 -13.0 13
3 -50.0 50
4 -16.0 16
5 -50.0 50
6 -50.0 50
7 -45.0 45
8 -29.0 29
9 -23.0 23
10 -7.0 7
11 -7.0 7
12 -8.0 8
13 -7.0 7
14 -7.0 7
15 -8.0 8
16 -7.0 7
17 -8.0 8
18 -7.0 7
19 -8.0 8
20 -7.0 7
21 -7.0 7
22 -7.0 7
23 -7.0 7
0 -50.0 50
1 -32.0 32
2 -50.0 50
3 -50.0 50
4 -50.0 50
5 -33.0 33
6 -25.0 25
7 -18.0 18
8 -7.0 7
9 -23.0 23
10 -42.0 42
11 -34.0 34
12 -9.0 9
13 -9.0 9
14 -9.0 9
15 -10.0 10
16 -8.0 8
17 -7.0 7
18 -8.0 8
19 -11.0 11
20 -9.0 9
21 -9.0 9
22 -9.0 9
23 -7.0 7
0 -50.0 50
1 -50.0 50
2 -50.0 50
3 -50.0 50
4 -39.0 39
5 -50.0 50
6 -26.0 26
7 -31.0 31
8 -14.0 14
9 -7.0 7
10 -7.0 7
11 -8.0 8
12 -10.0 10
13 -9.0 9
14 -10.0 10
15 -16.0 16
16 -7.0 7
17 -9.0 9
18 -7.0 7
19 -9.0 9
20 -7.0 7
21 -7.0 7
22 -7.0 7
23 -7.0 7
0 -44.0 44
1 -50.0 50
2 -50.0 50
3 -50.0 50
4 -23.0 23
5 -33.0 33
6 -13.0 13
7 -14.0 14
8 -9.0 9
9 -33.0 33
10 -30.0 30
11 -50.0 50
12 -39.0 39
13 -16.0 16
14 -7.0 7
15 -8.0 8
16 -11.0 11
17 -14.0 14
18 -9.0 9
19 -7.0 7
20 -7.0 7
21 -7.0 7
22 -7.0 7
23 -7.0 7
0 -50.0 50
1 -37.0 37
2 -50.0 50
3 -50.0 50
4 -29.0 29
5 -50.0 50
6 -27.0 27
7 -31.0 31
8 -50.0 50
9 -35.0 35
10 -17.0 17
11 -32.0 32
12 -8.0 8
13 -7.0 7
14 -12.0 12
15 -7.0 7
16 -16.0 16
17 -7.0 7
18 -13.0 13
19 -7.0 7
20 -7.0 7
21 -7.0 7
22 -7.0 7
23 -7.0 7
0 -39.0 39
1 -50.0 50
2 -50.0 50
3 -50.0 50
4 -39.0 39
5 -50.0 50
6 -16.0 16
7 -22.0 22
8 -47.0 47
9 -16.0 16
10 -10.0 10
11 -9.0 9
12 -7.0 7
13 -9.0 9
14 -17.0 17
15 -36.0 36
16 -10.0 10
17 -13.0 13
18 -11.0 11
19 -10.0 10
20 -7.0 7
21 -8.0 8
22 -7.0 7
23 -7.0 7
0 -36.0 36
1 -50.0 50
2 -50.0 50
3 -39.0 39
4 -50.0 50
5 -37.0 37
6 -41.0 41
7 -50.0 50
8 -25.0 25
9 -17.0 17
10 -11.0 11
11 -10.0 10
12 -7.0 7
13 -13.0 13
14 -9.0 9
15 -9.0 9
16 -16.0 16
17 -19.0 19
18 -8.0 8
19 -9.0 9
20 -9.0 9
21 -7.0 7
22 -7.0 7
23 -7.0 7
0 -50.0 50
1 -50.0 50
2 -50.0 50
3 -50.0 50
4 -21.0 21
5 -22.0 22
6 -50.0 50
7 -21.0 21
8 -19.0 19
9 -10.0 10
10 -23.0 23
11 -17.0 17
12 -15.0 15
13 -10.0 10
14 -9.0 9
15 -9.0 9
16 -14.0 14
17 -7.0 7
18 -7.0 7
19 -8.0 8
20 -9.0 9
21 -12.0 12
22 -11.0 11
23 -7.0 7
0 -50.0 50
1 -33.0 33
2 -50.0 50
3 -50.0 50
4 -15.0 15
5 -50.0 50
6 -50.0 50
7 -31.0 31
8 -14.0 14
9 -7.0 7
10 -13.0 13
11 -20.0 20
12 -26.0 26
13 -20.0 20
14 -24.0 24
15 -39.0 39
16 -12.0 12
17 -7.0 7
18 -7.0 7
19 -7.0 7
20 -7.0 7
21 -8.0 8
22 -7.0 7
23 -7.0 7
0 -50.0 50
1 -50.0 50
2 -30.0 30
3 -48.0 48
4 -33.0 33
5 -50.0 50
6 -47.0 47
7 -39.0 39
8 -45.0 45
9 -50.0 50
10 -24.0 24
11 -39.0 39
12 -13.0 13
13 -12.0 12
14 -13.0 13
15 -14.0 14
16 -13.0 13
17 -12.0 12
18 -12.0 12
19 -8.0 8
20 -7.0 7
21 -7.0 7
22 -7.0 7
23 -7.0 7
0 -50.0 50
1 -50.0 50
2 -17.0 17
3 -50.0 50
4 -50.0 50
5 -14.0 14
6 -15.0 15
7 -50.0 50
8 -50.0 50
9 -34.0 34
10 -8.0 8
11 -13.0 13
12 -13.0 13
13 -11.0 11
14 -11.0 11
15 -12.0 12
16 -7.0 7
17 -7.0 7
18 -10.0 10
19 -8.0 8
20 -9.0 9
21 -7.0 7
22 -7.0 7
23 -15.0 15
0 -50.0 50
1 -50.0 50
2 -22.0 22
3 -30.0 30
4 -50.0 50
5 -35.0 35
6 -23.0 23
7 -32.0 32
8 -50.0 50
9 -29.0 29
10 -19.0 19
11 -27.0 27
12 -8.0 8
13 -8.0 8
14 -10.0 10
15 -7.0 7
16 -8.0 8
17 -7.0 7
18 -7.0 7
19 -7.0 7
20 -9.0 9
21 -7.0 7
22 -7.0 7
23 -7.0 7
0 -50.0 50
1 -50.0 50
2 -50.0 50
3 -33.0 33
4 -50.0 50
5 -50.0 50
6 -34.0 34
7 -24.0 24
8 -27.0 27
9 -18.0 18
10 -15.0 15
11 -13.0 13
12 -18.0 18
13 -50.0 50
14 -14.0 14
15 -14.0 14
16 -15.0 15
17 -13.0 13
18 -10.0 10
19 -12.0 12
20 -12.0 12
21 -7.0 7
22 -7.0 7
23 -7.0 7
0 -50.0 50
1 -50.0 50
2 -50.0 50
3 -35.0 35
4 -43.0 43
5 -33.0 33
6 -25.0 25
7 -35.0 35
8 -9.0 9
9 -9.0 9
10 -50.0 50
11 -50.0 50
12 -9.0 9
13 -10.0 10
14 -10.0 10
15 -7.0 7
16 -12.0 12
17 -7.0 7
18 -7.0 7
19 -7.0 7
20 -7.0 7
21 -7.0 7
22 -7.0 7
23 -9.0 9
0 -50.0 50
1 -50.0 50
2 -50.0 50
3 -33.0 33
4 -50.0 50
5 -50.0 50
6 -17.0 17
7 -18.0 18
8 -22.0 22
9 -10.0 10
10 -11.0 11
11 -22.0 22
12 -14.0 14
13 -7.0 7
14 -8.0 8
15 -8.0 8
16 -7.0 7
17 -10.0 10
18 -10.0 10
19 -13.0 13
20 -12.0 12
21 -7.0 7
22 -7.0 7
23 -7.0 7
0 -50.0 50
1 -50.0 50
2 -50.0 50
3 -29.0 29
4 -50.0 50
5 -32.0 32
6 -50.0 50
7 -26.0 26
8 -12.0 12
9 -14.0 14
10 -7.0 7
11 -7.0 7
12 -11.0 11
13 -8.0 8
14 -7.0 7
15 -9.0 9
16 -16.0 16
17 -9.0 9
18 -7.0 7
19 -7.0 7
20 -7.0 7
21 -8.0 8
22 -9.0 9
23 -7.0 7
0 -50.0 50
1 -37.0 37
2 -50.0 50
3 -20.0 20
4 -50.0 50
5 -50.0 50
6 -50.0 50
7 -46.0 46
8 -10.0 10
9 -7.0 7
10 -7.0 7
11 -9.0 9
12 -12.0 12
13 -19.0 19
14 -19.0 19
15 -9.0 9
16 -7.0 7
17 -11.0 11
18 -9.0 9
19 -9.0 9
20 -7.0 7
21 -10.0 10
22 -7.0 7
23 -7.0 7
0 -50.0 50
1 -50.0 50
2 -18.0 18
3 -50.0 50
4 -50.0 50
5 -38.0 38
6 -16.0 16
7 -24.0 24
8 -40.0 40
9 -44.0 44
10 -37.0 37
11 -45.0 45
12 -9.0 9
13 -17.0 17
14 -15.0 15
15 -7.0 7
16 -7.0 7
17 -8.0 8
18 -9.0 9
19 -11.0 11
20 -16.0 16
21 -7.0 7
22 -8.0 8
23 -9.0 9
0 -35.0 35
1 -50.0 50
2 -50.0 50
3 -38.0 38
4 -32.0 32
5 -50.0 50
6 -50.0 50
7 -50.0 50
8 -15.0 15
9 -7.0 7
10 -7.0 7
11 -7.0 7
12 -9.0 9
13 -9.0 9
14 -14.0 14
15 -8.0 8
16 -8.0 8
17 -7.0 7
18 -7.0 7
19 -10.0 10
20 -20.0 20
21 -9.0 9
22 -7.0 7
23 -8.0 8
0 -50.0 50
1 -50.0 50
2 -50.0 50
3 -50.0 50
4 -26.0 26
5 -36.0 36
6 -50.0 50
7 -21.0 21
8 -25.0 25
9 -15.0 15
10 -24.0 24
11 -11.0 11
12 -17.0 17
13 -16.0 16
14 -11.0 11
15 -7.0 7
16 -7.0 7
17 -10.0 10
18 -14.0 14
19 -13.0 13
20 -42.0 42
21 -7.0 7
22 -7.0 7
23 -7.0 7
0 -50.0 50
1 -50.0 50
2 -50.0 50
3 -50.0 50
4 -15.0 15
5 -13.0 13
6 -15.0 15
7 -50.0 50
8 -50.0 50
9 -14.0 14
10 -24.0 24
11 -10.0 10
12 -9.0 9
13 -9.0 9
14 -7.0 7
15 -7.0 7
16 -11.0 11
17 -10.0 10
18 -11.0 11
19 -7.0 7
20 -7.0 7
21 -7.0 7
22 -7.0 7
23 -7.0 7
0 -50.0 50
1 -33.0 33
2 -50.0 50
3 -26.0 26
4 -50.0 50
5 -31.0 31
6 -50.0 50
7 -38.0 38
8 -50.0 50
9 -20.0 20
10 -10.0 10
11 -8.0 8
12 -7.0 7
13 -11.0 11
14 -11.0 11
15 -14.0 14
16 -7.0 7
17 -8.0 8
18 -16.0 16
19 -11.0 11
20 -7.0 7
21 -9.0 9
22 -9.0 9
23 -14.0 14
0 -50.0 50
1 -50.0 50
2 -34.0 34
3 -50.0 50
4 -27.0 27
5 -39.0 39
6 -50.0 50
7 -50.0 50
8 -47.0 47
9 -11.0 11
10 -12.0 12
11 -19.0 19
12 -12.0 12
13 -7.0 7
14 -7.0 7
15 -9.0 9
16 -14.0 14
17 -10.0 10
18 -7.0 7
19 -7.0 7
20 -9.0 9
21 -9.0 9
22 -11.0 11
23 -7.0 7
0 -50.0 50
1 -50.0 50
2 -42.0 42
3 -50.0 50
4 -39.0 39
5 -35.0 35
6 -45.0 45
7 -14.0 14
8 -14.0 14
9 -9.0 9
10 -7.0 7
11 -7.0 7
12 -8.0 8
13 -10.0 10
14 -7.0 7
15 -14.0 14
16 -18.0 18
17 -9.0 9
18 -9.0 9
19 -11.0 11
20 -8.0 8
21 -7.0 7
22 -7.0 7
23 -7.0 7
0 -50.0 50
1 -50.0 50
2 -50.0 50
3 -50.0 50
4 -50.0 50
5 -38.0 38
6 -44.0 44
7 -21.0 21
8 -24.0 24
9 -26.0 26
10 -14.0 14
11 -14.0 14
12 -14.0 14
13 -11.0 11
14 -12.0 12
15 -8.0 8
16 -8.0 8
17 -8.0 8
18 -12.0 12
19 -19.0 19
20 -10.0 10
21 -7.0 7
22 -7.0 7
23 -7.0 7
0 -50.0 50
1 -48.0 48
2 -50.0 50
3 -49.0 49
4 -50.0 50
5 -50.0 50
6 -37.0 37
7 -20.0 20
8 -31.0 31
9 -18.0 18
10 -43.0 43
11 -11.0 11
12 -14.0 14
13 -11.0 11
14 -8.0 8
15 -13.0 13
16 -8.0 8
17 -7.0 7
18 -11.0 11
19 -14.0 14
20 -7.0 7
21 -7.0 7
22 -7.0 7
23 -7.0 7
0 -50.0 50
1 -41.0 41
2 -50.0 50
3 -50.0 50
4 -50.0 50
5 -36.0 36
6 -16.0 16
7 -20.0 20
8 -25.0 25
9 -19.0 19
10 -18.0 18
11 -26.0 26
12 -50.0 50
13 -25.0 25
14 -21.0 21
15 -41.0 41
16 -37.0 37
17 -12.0 12
18 -9.0 9
19 -8.0 8
20 -9.0 9
21 -9.0 9
22 -10.0 10
23 -11.0 11
0 -43.0 43
1 -50.0 50
2 -47.0 47
3 -50.0 50
4 -50.0 50
5 -26.0 26
6 -28.0 28
7 -31.0 31
8 -43.0 43
9 -19.0 19
10 -26.0 26
11 -13.0 13
12 -7.0 7
13 -8.0 8
14 -7.0 7
15 -8.0 8
16 -7.0 7
17 -8.0 8
18 -8.0 8
19 -11.0 11
20 -7.0 7
21 -7.0 7
22 -7.0 7
23 -7.0 7
0 -50.0 50
1 -35.0 35
2 -50.0 50
3 -28.0 28
4 -50.0 50
5 -50.0 50
6 -25.0 25
7 -30.0 30
8 -19.0 19
9 -11.0 11
10 -17.0 17
11 -12.0 12
12 -7.0 7
13 -50.0 50
14 -50.0 50
15 -24.0 24
16 -9.0 9
17 -22.0 22
18 -13.0 13
19 -8.0 8
20 -8.0 8
21 -8.0 8
22 -8.0 8
23 -10.0 10
