0 -50.0 50
1 -50.0 50
2 -50.0 50
3 -50.0 50
4 -50.0 50
5 -50.0 50
6 -50.0 50
7 -50.0 50
8 -50.0 50
9 -50.0 50
10 -42.0 42
11 -50.0 50
12 -50.0 50
13 -50.0 50
14 -50.0 50
15 -50.0 50
16 -50.0 50
17 -50.0 50
18 -50.0 50
19 -50.0 50
20 -50.0 50
21 -29.0 29
22 -50.0 50
23 -50.0 50
24 -50.0 50
25 -50.0 50
26 -50.0 50
27 -50.0 50
28 -50.0 50
29 -50.0 50
30 -50.0 50
31 -50.0 50
32 -50.0 50
33 -50.0 50
34 -50.0 50
35 -50.0 50
36 -50.0 50
37 -50.0 50
38 -50.0 50
39 -50.0 50
40 -43.0 43
41 -17.0 17
42 -24.0 24
43 -50.0 50
44 -46.0 46
0 -50.0 50
1 -50.0 50
2 -50.0 50
3 -50.0 50
4 -50.0 50
5 -50.0 50
6 -50.0 50
7 -50.0 50
8 -50.0 50
9 -50.0 50
10 -50.0 50
11 -50.0 50
12 -50.0 50
13 -50.0 50
14 -50.0 50
15 -50.0 50
16 -50.0 50
17 -22.0 22
18 -45.0 45
19 -50.0 50
20 -50.0 50
21 -50.0 50
22 -50.0 50
23 -50.0 50
24 -50.0 50
25 -50.0 50
26 -50.0 50
27 -50.0 50
28 -50.0 50
29 -32.0 32
30 -50.0 50
31 -50.0 50
32 -50.0 50
33 -50.0 50
34 -50.0 50
35 -35.0 35
36 -50.0 50
37 -50.0 50
38 -50.0 50
39 -50.0 50
40 -50.0 50
41 -31.0 31
42 -50.0 50
43 -50.0 50
44 -29.0 29
0 -50.0 50
1 -25.0 25
2 -50.0 50
3 -50.0 50
4 -50.0 50
5 -50.0 50
6 -50.0 50
7 -50.0 50
8 -50.0 50
9 -50.0 50
10 -50.0 50
11 -50.0 50
12 -50.0 50
13 -50.0 50
14 -50.0 50
15 -50.0 50
16 -50.0 50
17 -50.0 50
18 -50.0 50
19 -50.0 50
20 -50.0 50
21 -50.0 50
22 -50.0 50
23 -50.0 50
24 -50.0 50
25 -50.0 50
26 -37.0 37
27 -50.0 50
28 -50.0 50
29 -50.0 50
30 -49.0 49
31 -50.0 50
32 -50.0 50
33 -50.0 50
34 -50.0 50
35 -50.0 50
36 -50.0 50
37 -50.0 50
38 -42.0 42
39 -50.0 50
40 -50.0 50
41 -50.0 50
42 -50.0 50
43 -50.0 50
44 -27.0 27
0 -50.0 50
1 -50.0 50
2 -50.0 50
3 -50.0 50
4 -50.0 50
5 -50.0 50
6 -50.0 50
7 -50.0 50
8 -50.0 50
9 -50.0 50
10 -50.0 50
11 -50.0 50
12 -50.0 50
13 -50.0 50
14 -50.0 50
15 -50.0 50
16 -50.0 50
17 -50.0 50
18 -50.0 50
19 -50.0 50
20 -50.0 50
21 -50.0 50
22 -50.0 50
23 -50.0 50
24 -50.0 50
25 -50.0 50
26 -50.0 50
27 -50.0 50
28 -50.0 50
29 -44.0 44
30 -50.0 50
31 -50.0 50
32 -50.0 50
33 -50.0 50
34 -50.0 50
35 -50.0 50
36 -50.0 50
37 -14.0 14
38 -26.0 26
39 -50.0 50
40 -25.0 25
41 -50.0 50
42 -17.0 17
43 -50.0 50
44 -50.0 50
0 -50.0 50
1 -50.0 50
2 -50.0 50
3 -50.0 50
4 -50.0 50
5 -26.0 26
6 -50.0 50
7 -50.0 50
8 -50.0 50
9 -50.0 50
10 -50.0 50
11 -50.0 50
12 -50.0 50
13 -50.0 50
14 -50.0 50
15 -50.0 50
16 -50.0 50
17 -50.0 50
18 -50.0 50
19 -50.0 50
20 -50.0 50
21 -50.0 50
22 -50.0 50
23 -50.0 50
24 -50.0 50
25 -50.0 50
26 -50.0 50
27 -50.0 50
28 -50.0 50
29 -50.0 50
30 -50.0 50
31 -50.0 50
32 -50.0 50
33 -50.0 50
34 -50.0 50
35 -24.0 24
36 -34.0 34
37 -50.0 50
38 -31.0 31
39 -50.0 50
40 -23.0 23
41 -50.0 50
42 -50.0 50
43 -33.0 33
44 -31.0 31
0 -50.0 50
1 -50.0 50
2 -50.0 50
3 -50.0 50
4 -50.0 50
5 -50.0 50
6 -50.0 50
7 -28.0 28
8 -50.0 50
9 -50.0 50
10 -50.0 50
11 -50.0 50
12 -50.0 50
13 -50.0 50
14 -50.0 50
15 -50.0 50
16 -50.0 50
17 -50.0 50
18 -50.0 50
19 -50.0 50
20 -50.0 50
21 -50.0 50
22 -50.0 50
23 -50.0 50
24 -50.0 50
25 -50.0 50
26 -50.0 50
27 -50.0 50
28 -50.0 50
29 -50.0 50
30 -50.0 50
31 -50.0 50
32 -50.0 50
33 -50.0 50
34 -50.0 50
35 -50.0 50
36 -50.0 50
37 -25.0 25
38 -50.0 50
39 -50.0 50
40 -50.0 50
41 -50.0 50
42 -29.0 29
43 -11.0 11
44 -50.0 50
0 -50.0 50
1 -50.0 50
2 -50.0 50
3 -50.0 50
4 -50.0 50
5 -50.0 50
6 -50.0 50
7 -50.0 50
8 -50.0 50
9 -50.0 50
10 -50.0 50
11 -50.0 50
12 -50.0 50
13 -50.0 50
14 -50.0 50
15 -41.0 41
16 -50.0 50
17 -50.0 50
18 -50.0 50
19 -50.0 50
20 -50.0 50
21 -50.0 50
22 -50.0 50
23 -50.0 50
24 -50.0 50
25 -50.0 50
26 -50.0 50
27 -50.0 50
28 -50.0 50
29 -26.0 26
30 -50.0 50
31 -21.0 21
32 -50.0 50
33 -50.0 50
34 -50.0 50
35 -50.0 50
36 -50.0 50
37 -50.0 50
38 -16.0 16
39 -13.0 13
40 -17.0 17
41 -50.0 50
42 -41.0 41
43 -50.0 50
44 -38.0 38
0 -50.0 50
1 -50.0 50
2 -50.0 50
3 -50.0 50
4 -30.0 30
5 -50.0 50
6 -50.0 50
7 -50.0 50
8 -50.0 50
9 -50.0 50
10 -50.0 50
11 -50.0 50
12 -50.0 50
13 -50.0 50
14 -50.0 50
15 -50.0 50
16 -50.0 50
17 -50.0 50
18 -50.0 50
19 -50.0 50
20 -50.0 50
21 -42.0 42
22 -50.0 50
23 -36.0 36
24 -50.0 50
25 -50.0 50
26 -50.0 50
27 -50.0 50
28 -50.0 50
29 -50.0 50
30 -50.0 50
31 -50.0 50
32 -50.0 50
33 -50.0 50
34 -50.0 50
35 -50.0 50
36 -36.0 36
37 -16.0 16
38 -36.0 36
39 -50.0 50
40 -50.0 50
41 -50.0 50
42 -50.0 50
43 -50.0 50
44 -50.0 50
0 -50.0 50
1 -50.0 50
2 -50.0 50
3 -50.0 50
4 -50.0 50
5 -50.0 50
6 -50.0 50
7 -50.0 50
8 -50.0 50
9 -50.0 50
10 -50.0 50
11 -50.0 50
12 -50.0 50
13 -50.0 50
14 -50.0 50
15 -50.0 50
16 -50.0 50
17 -50.0 50
18 -50.0 50
19 -36.0 36
20 -50.0 50
21 -50.0 50
22 -50.0 50
23 -50.0 50
24 -50.0 50
25 -42.0 42
26 -50.0 50
27 -50.0 50
28 -50.0 50
29 -50.0 50
30 -50.0 50
31 -50.0 50
32 -50.0 50
33 -50.0 50
34 -50.0 50
35 -37.0 37
36 -50.0 50
37 -26.0 26
38 -27.0 27
39 -50.0 50
40 -50.0 50
41 -50.0 50
42 -50.0 50
43 -50.0 50
44 -50.0 50
0 -50.0 50
1 -50.0 50
2 -50.0 50
3 -50.0 50
4 -50.0 50
5 -50.0 50
6 -50.0 50
7 -50.0 50
8 -50.0 50
9 -50.0 50
10 -50.0 50
11 -50.0 50
12 -50.0 50
13 -50.0 50
14 -50.0 50
15 -50.0 50
16 -50.0 50
17 -50.0 50
18 -50.0 50
19 -50.0 50
20 -50.0 50
21 -50.0 50
22 -50.0 50
23 -50.0 50
24 -50.0 50
25 -50.0 50
26 -50.0 50
27 -50.0 50
28 -45.0 45
29 -50.0 50
30 -50.0 50
31 -50.0 50
32 -50.0 50
33 -50.0 50
34 -50.0 50
35 -26.0 26
36 -50.0 50
37 -50.0 50
38 -40.0 40
39 -50.0 50
40 -9.0 9
41 -9.0 9
42 -20.0 20
43 -16.0 16
44 -22.0 22
0 -50.0 50
1 -50.0 50
2 -50.0 50
3 -50.0 50
4 -50.0 50
5 -50.0 50
6 -50.0 50
7 -50.0 50
8 -50.0 50
9 -50.0 50
10 -50.0 50
11 -50.0 50
12 -50.0 50
13 -50.0 50
14 -50.0 50
15 -50.0 50
16 -50.0 50
17 -50.0 50
18 -50.0 50
19 -50.0 50
20 -50.0 50
21 -50.0 50
22 -50.0 50
23 -50.0 50
24 -50.0 50
25 -50.0 50
26 -50.0 50
27 -50.0 50
28 -50.0 50
29 -36.0 36
30 -50.0 50
31 -50.0 50
32 -50.0 50
33 -50.0 50
34 -50.0 50
35 -50.0 50
36 -50.0 50
37 -24.0 24
38 -50.0 50
39 -50.0 50
40 -36.0 36
41 -50.0 50
42 -50.0 50
43 -11.0 11
44 -11.0 11
0 -50.0 50
1 -50.0 50
2 -50.0 50
3 -50.0 50
4 -50.0 50
5 -50.0 50
6 -50.0 50
7 -50.0 50
8 -50.0 50
9 -50.0 50
10 -50.0 50
11 -50.0 50
12 -50.0 50
13 -50.0 50
14 -50.0 50
15 -50.0 50
16 -50.0 50
17 -50.0 50
18 -50.0 50
19 -50.0 50
20 -50.0 50
21 -48.0 48
22 -50.0 50
23 -50.0 50
24 -50.0 50
25 -50.0 50
26 -50.0 50
27 -50.0 50
28 -50.0 50
29 -38.0 38
30 -50.0 50
31 -17.0 17
32 -50.0 50
33 -50.0 50
34 -50.0 50
35 -50.0 50
36 -24.0 24
37 -50.0 50
38 -13.0 13
39 -20.0 20
40 -24.0 24
41 -50.0 50
42 -50.0 50
43 -50.0 50
44 -50.0 50
0 -50.0 50
1 -50.0 50
2 -50.0 50
3 -50.0 50
4 -50.0 50
5 -50.0 50
6 -50.0 50
7 -50.0 50
8 -50.0 50
9 -50.0 50
10 -50.0 50
11 -50.0 50
12 -50.0 50
13 -50.0 50
14 -50.0 50
15 -50.0 50
16 -50.0 50
17 -50.0 50
18 -45.0 45
19 -50.0 50
20 -50.0 50
21 -50.0 50
22 -50.0 50
23 -50.0 50
24 -50.0 50
25 -50.0 50
26 -50.0 50
27 -50.0 50
28 -13.0 13
29 -50.0 50
30 -50.0 50
31 -24.0 24
32 -50.0 50
33 -50.0 50
34 -50.0 50
35 -50.0 50
36 -26.0 26
37 -50.0 50
38 -34.0 34
39 -50.0 50
40 -50.0 50
41 -50.0 50
42 -11.0 11
43 -12.0 12
44 -9.0 9
0 -50.0 50
1 -50.0 50
2 -50.0 50
3 -50.0 50
4 -50.0 50
5 -50.0 50
6 -50.0 50
7 -50.0 50
8 -50.0 50
9 -37.0 37
10 -50.0 50
11 -50.0 50
12 -50.0 50
13 -50.0 50
14 -50.0 50
15 -50.0 50
16 -50.0 50
17 -50.0 50
18 -50.0 50
19 -50.0 50
20 -50.0 50
21 -50.0 50
22 -50.0 50
23 -50.0 50
24 -50.0 50
25 -50.0 50
26 -50.0 50
27 -50.0 50
28 -50.0 50
29 -50.0 50
30 -50.0 50
31 -21.0 21
32 -17.0 17
33 -50.0 50
34 -50.0 50
35 -50.0 50
36 -50.0 50
37 -50.0 50
38 -50.0 50
39 -23.0 23
40 -43.0 43
41 -50.0 50
42 -50.0 50
43 -50.0 50
44 -50.0 50
0 -50.0 50
1 -50.0 50
2 -50.0 50
3 -50.0 50
4 -50.0 50
5 -50.0 50
6 -50.0 50
7 -50.0 50
8 -31.0 31
9 -50.0 50
10 -50.0 50
11 -50.0 50
12 -50.0 50
13 -50.0 50
14 -50.0 50
15 -50.0 50
16 -50.0 50
17 -50.0 50
18 -50.0 50
19 -50.0 50
20 -50.0 50
21 -50.0 50
22 -50.0 50
23 -50.0 50
24 -50.0 50
25 -35.0 35
26 -50.0 50
27 -50.0 50
28 -50.0 50
29 -50.0 50
30 -50.0 50
31 -50.0 50
32 -50.0 50
33 -50.0 50
34 -50.0 50
35 -21.0 21
36 -47.0 47
37 -50.0 50
38 -50.0 50
39 -44.0 44
40 -50.0 50
41 -41.0 41
42 -32.0 32
43 -42.0 42
44 -50.0 50
0 -50.0 50
1 -50.0 50
2 -50.0 50
3 -50.0 50
4 -50.0 50
5 -50.0 50
6 -50.0 50
7 -50.0 50
8 -50.0 50
9 -50.0 50
10 -50.0 50
11 -50.0 50
12 -32.0 32
13 -50.0 50
14 -50.0 50
15 -50.0 50
16 -50.0 50
17 -50.0 50
18 -50.0 50
19 -50.0 50
20 -50.0 50
21 -50.0 50
22 -50.0 50
23 -46.0 46
24 -50.0 50
25 -50.0 50
26 -50.0 50
27 -50.0 50
28 -50.0 50
29 -29.0 29
30 -50.0 50
31 -50.0 50
32 -50.0 50
33 -50.0 50
34 -50.0 50
35 -50.0 50
36 -50.0 50
37 -50.0 50
38 -50.0 50
39 -50.0 50
40 -50.0 50
41 -20.0 20
42 -50.0 50
43 -50.0 50
44 -50.0 50
0 -50.0 50
1 -50.0 50
2 -50.0 50
3 -50.0 50
4 -50.0 50
5 -50.0 50
6 -50.0 50
7 -50.0 50
8 -50.0 50
9 -50.0 50
10 -50.0 50
11 -50.0 50
12 -50.0 50
13 -50.0 50
14 -50.0 50
15 -50.0 50
16 -50.0 50
17 -50.0 50
18 -50.0 50
19 -50.0 50
20 -50.0 50
21 -50.0 50
22 -50.0 50
23 -50.0 50
24 -36.0 36
25 -50.0 50
26 -50.0 50
27 -50.0 50
28 -50.0 50
29 -50.0 50
30 -50.0 50
31 -50.0 50
32 -50.0 50
33 -16.0 16
34 -23.0 23
35 -31.0 31
36 -50.0 50
37 -50.0 50
38 -50.0 50
39 -50.0 50
40 -39.0 39
41 -50.0 50
42 -50.0 50
43 -21.0 21
44 -17.0 17
0 -50.0 50
1 -50.0 50
2 -50.0 50
3 -50.0 50
4 -50.0 50
5 -50.0 50
6 -50.0 50
7 -50.0 50
8 -50.0 50
9 -50.0 50
10 -50.0 50
11 -50.0 50
12 -50.0 50
13 -50.0 50
14 -49.0 49
15 -50.0 50
16 -50.0 50
17 -50.0 50
18 -50.0 50
19 -50.0 50
20 -50.0 50
21 -50.0 50
22 -50.0 50
23 -50.0 50
24 -26.0 26
25 -50.0 50
26 -50.0 50
27 -50.0 50
28 -50.0 50
29 -50.0 50
30 -50.0 50
31 -50.0 50
32 -25.0 25
33 -12.0 12
34 -12.0 12
35 -12.0 12
36 -50.0 50
37 -50.0 50
38 -50.0 50
39 -50.0 50
40 -50.0 50
41 -50.0 50
42 -50.0 50
43 -44.0 44
44 -50.0 50
0 -50.0 50
1 -50.0 50
2 -50.0 50
3 -50.0 50
4 -50.0 50
5 -50.0 50
6 -50.0 50
7 -50.0 50
8 -50.0 50
9 -50.0 50
10 -50.0 50
11 -50.0 50
12 -50.0 50
13 -50.0 50
14 -50.0 50
15 -50.0 50
16 -50.0 50
17 -50.0 50
18 -50.0 50
19 -50.0 50
20 -35.0 35
21 -50.0 50
22 -50.0 50
23 -50.0 50
24 -50.0 50
25 -50.0 50
26 -50.0 50
27 -50.0 50
28 -50.0 50
29 -50.0 50
30 -50.0 50
31 -50.0 50
32 -22.0 22
33 -32.0 32
34 -50.0 50
35 -50.0 50
36 -50.0 50
37 -50.0 50
38 -50.0 50
39 -50.0 50
40 -50.0 50
41 -50.0 50
42 -10.0 10
43 -14.0 14
44 -23.0 23
0 -35.0 35
1 -50.0 50
2 -50.0 50
3 -50.0 50
4 -50.0 50
5 -50.0 50
6 -50.0 50
7 -50.0 50
8 -50.0 50
9 -50.0 50
10 -50.0 50
11 -50.0 50
12 -50.0 50
13 -50.0 50
14 -50.0 50
15 -50.0 50
16 -50.0 50
17 -50.0 50
18 -50.0 50
19 -50.0 50
20 -35.0 35
21 -50.0 50
22 -50.0 50
23 -50.0 50
24 -50.0 50
25 -50.0 50
26 -50.0 50
27 -50.0 50
28 -50.0 50
29 -50.0 50
30 -50.0 50
31 -50.0 50
32 -50.0 50
33 -50.0 50
34 -50.0 50
35 -50.0 50
36 -21.0 21
37 -50.0 50
38 -50.0 50
39 -50.0 50
40 -25.0 25
41 -31.0 31
42 -50.0 50
43 -22.0 22
44 -50.0 50
