0 -50.0 50
1 -50.0 50
2 -50.0 50
3 -16.0 16
4 -37.0 37
5 -34.0 34
6 -50.0 50
7 -11.0 11
8 -33.0 33
9 -28.0 28
10 -20.0 20
11 -21.0 21
12 -50.0 50
13 -50.0 50
14 -26.0 26
15 -14.0 14
0 -50.0 50
1 -37.0 37
2 -50.0 50
3 -27.0 27
4 -50.0 50
5 -19.0 19
6 -41.0 41
7 -17.0 17
8 -23.0 23
9 -50.0 50
10 -50.0 50
11 -47.0 47
12 -50.0 50
13 -9.0 9
14 -7.0 7
15 -9.0 9
0 -31.0 31
1 -50.0 50
2 -50.0 50
3 -32.0 32
4 -50.0 50
5 -47.0 47
6 -50.0 50
7 -18.0 18
8 -9.0 9
9 -7.0 7
10 -10.0 10
11 -7.0 7
12 -18.0 18
13 -10.0 10
14 -18.0 18
15 -7.0 7
0 -50.0 50
1 -38.0 38
2 -50.0 50
3 -24.0 24
4 -50.0 50
5 -50.0 50
6 -50.0 50
7 -16.0 16
8 -29.0 29
9 -45.0 45
10 -14.0 14
11 -8.0 8
12 -9.0 9
13 -9.0 9
14 -8.0 8
15 -7.0 7
0 -25.0 25
1 -50.0 50
2 -50.0 50
3 -50.0 50
4 -39.0 39
5 -31.0 31
6 -31.0 31
7 -21.0 21
8 -10.0 10
9 -17.0 17
10 -50.0 50
11 -24.0 24
12 -16.0 16
13 -7.0 7
14 -7.0 7
15 -7.0 7
0 -50.0 50
1 -50.0 50
2 -50.0 50
3 -50.0 50
4 -20.0 20
5 -46.0 46
6 -50.0 50
7 -21.0 21
8 -7.0 7
9 -7.0 7
10 -11.0 11
11 -11.0 11
12 -11.0 11
13 -7.0 7
14 -8.0 8
15 -10.0 10
0 -43.0 43
1 -50.0 50
2 -50.0 50
3 -50.0 50
4 -50.0 50
5 -29.0 29
6 -20.0 20
7 -9.0 9
8 -11.0 11
9 -12.0 12
10 -8.0 8
11 -9.0 9
12 -15.0 15
13 -7.0 7
14 -7.0 7
15 -9.0 9
0 -39.0 39
1 -50.0 50
2 -50.0 50
3 -50.0 50
4 -39.0 39
5 -21.0 21
6 -11.0 11
7 -13.0 13
8 -19.0 19
9 -50.0 50
10 -33.0 33
11 -24.0 24
12 -26.0 26
13 -37.0 37
14 -9.0 9
15 -7.0 7
0 -50.0 50
1 -20.0 20
2 -50.0 50
3 -43.0 43
4 -50.0 50
5 -50.0 50
6 -50.0 50
7 -31.0 31
8 -17.0 17
9 -20.0 20
10 -17.0 17
11 -7.0 7
12 -7.0 7
13 -7.0 7
14 -7.0 7
15 -7.0 7
0 -50.0 50
1 -50.0 50
2 -50.0 50
3 -49.0 49
4 -46.0 46
5 -25.0 25
6 -50.0 50
7 -26.0 26
8 -50.0 50
9 -10.0 10
10 -12.0 12
11 -18.0 18
12 -12.0 12
13 -7.0 7
14 -13.0 13
15 -9.0 9
0 -50.0 50
1 -48.0 48
2 -23.0 23
3 -50.0 50
4 -50.0 50
5 -50.0 50
6 -50.0 50
7 -39.0 39
8 -9.0 9
9 -10.0 10
10 -19.0 19
11 -7.0 7
12 -7.0 7
13 -8.0 8
14 -17.0 17
15 -14.0 14
0 -50.0 50
1 -50.0 50
2 -36.0 36
3 -21.0 21
4 -50.0 50
5 -50.0 50
6 -50.0 50
7 -31.0 31
8 -41.0 41
9 -20.0 20
10 -10.0 10
11 -8.0 8
12 -16.0 16
13 -13.0 13
14 -7.0 7
15 -7.0 7
0 -50.0 50
1 -50.0 50
2 -20.0 20
3 -49.0 49
4 -50.0 50
5 -15.0 15
6 -50.0 50
7 -39.0 39
8 -38.0 38
9 -14.0 14
10 -9.0 9
11 -14.0 14
12 -9.0 9
13 -7.0 7
14 -7.0 7
15 -7.0 7
0 -50.0 50
1 -50.0 50
2 -50.0 50
3 -50.0 50
4 -24.0 24
5 -50.0 50
6 -18.0 18
7 -18.0 18
8 -50.0 50
9 -22.0 22
10 -7.0 7
11 -9.0 9
12 -17.0 17
13 -9.0 9
14 -13.0 13
15 -10.0 10
0 -50.0 50
1 -50.0 50
2 -49.0 49
3 -50.0 50
4 -16.0 16
5 -39.0 39
6 -10.0 10
7 -9.0 9
8 -34.0 34
9 -50.0 50
10 -31.0 31
11 -16.0 16
12 -22.0 22
13 -13.0 13
14 -7.0 7
15 -7.0 7
0 -30.0 30
1 -50.0 50
2 -50.0 50
3 -39.0 39
4 -50.0 50
5 -45.0 45
6 -35.0 35
7 -46.0 46
8 -12.0 12
9 -11.0 11
10 -16.0 16
11 -7.0 7
12 -10.0 10
13 -13.0 13
14 -14.0 14
15 -7.0 7
0 -26.0 26
1 -50.0 50
2 -50.0 50
3 -31.0 31
4 -50.0 50
5 -50.0 50
6 -15.0 15
7 -14.0 14
8 -10.0 10
9 -15.0 15
10 -12.0 12
11 -8.0 8
12 -50.0 50
13 -40.0 40
14 -24.0 24
15 -10.0 10
0 -50.0 50
1 -50.0 50
2 -50.0 50
3 -50.0 50
4 -14.0 14
5 -25.0 25
6 -38.0 38
7 -23.0 23
8 -50.0 50
9 -36.0 36
10 -28.0 28
11 -15.0 15
12 -7.0 7
13 -7.0 7
14 -7.0 7
15 -7.0 7
0 -27.0 27
1 -50.0 50
2 -50.0 50
3 -50.0 50
4 -50.0 50
5 -33.0 33
6 -23.0 23
7 -35.0 35
8 -26.0 26
9 -17.0 17
10 -10.0 10
11 -11.0 11
12 -10.0 10
13 -7.0 7
14 -7.0 7
15 -8.0 8
0 -50.0 50
1 -42.0 42
2 -29.0 29
3 -50.0 50
4 -50.0 50
5 -42.0 42
6 -49.0 49
7 -9.0 9
8 -7.0 7
9 -7.0 7
10 -12.0 12
11 -7.0 7
12 -13.0 13
13 -13.0 13
14 -20.0 20
15 -8.0 8
0 -50.0 50
1 -50.0 50
2 -27.0 27
3 -50.0 50
4 -28.0 28
5 -50.0 50
6 -33.0 33
7 -10.0 10
8 -23.0 23
9 -50.0 50
10 -30.0 30
11 -15.0 15
12 -12.0 12
13 -7.0 7
14 -7.0 7
15 -7.0 7
0 -50.0 50
1 -50.0 50
2 -43.0 43
3 -50.0 50
4 -30.0 30
5 -39.0 39
6 -50.0 50
7 -50.0 50
8 -11.0 11
9 -9.0 9
10 -50.0 50
11 -7.0 7
12 -7.0 7
13 -8.0 8
14 -7.0 7
15 -7.0 7
0 -50.0 50
1 -45.0 45
2 -50.0 50
3 -50.0 50
4 -50.0 50
5 -16.0 16
6 -17.0 17
7 -8.0 8
8 -14.0 14
9 -50.0 50
10 -44.0 44
11 -10.0 10
12 -14.0 14
13 -12.0 12
14 -10.0 10
15 -10.0 10
0 -50.0 50
1 -40.0 40
2 -50.0 50
3 -50.0 50
4 -17.0 17
5 -31.0 31
6 -49.0 49
7 -18.0 18
8 -7.0 7
9 -7.0 7
10 -12.0 12
11 -19.0 19
12 -14.0 14
13 -16.0 16
14 -16.0 16
15 -20.0 20
0 -50.0 50
1 -50.0 50
2 -50.0 50
3 -17.0 17
4 -50.0 50
5 -37.0 37
6 -19.0 19
7 -31.0 31
8 -29.0 29
9 -50.0 50
10 -30.0 30
11 -25.0 25
12 -17.0 17
13 -13.0 13
14 -10.0 10
15 -7.0 7
0 -22.0 22
1 -50.0 50
2 -50.0 50
3 -50.0 50
4 -50.0 50
5 -38.0 38
6 -20.0 20
7 -50.0 50
8 -11.0 11
9 -12.0 12
10 -10.0 10
11 -12.0 12
12 -11.0 11
13 -33.0 33
14 -50.0 50
15 -18.0 18
0 -50.0 50
1 -50.0 50
2 -50.0 50
3 -50.0 50
4 -32.0 32
5 -39.0 39
6 -23.0 23
7 -19.0 19
8 -10.0 10
9 -7.0 7
10 -7.0 7
11 -14.0 14
12 -18.0 18
13 -7.0 7
14 -8.0 8
15 -7.0 7
0 -50.0 50
1 -50.0 50
2 -32.0 32
3 -50.0 50
4 -46.0 46
5 -15.0 15
6 -27.0 27
7 -31.0 31
8 -41.0 41
9 -33.0 33
10 -33.0 33
11 -17.0 17
12 -29.0 29
13 -23.0 23
14 -12.0 12
15 -10.0 10
0 -50.0 50
1 -50.0 50
2 -38.0 38
3 -50.0 50
4 -16.0 16
5 -19.0 19
6 -50.0 50
7 -50.0 50
8 -15.0 15
9 -13.0 13
10 -33.0 33
11 -11.0 11
12 -9.0 9
13 -14.0 14
14 -7.0 7
15 -7.0 7
0 -27.0 27
1 -50.0 50
2 -50.0 50
3 -35.0 35
4 -24.0 24
5 -50.0 50
6 -20.0 20
7 -50.0 50
8 -50.0 50
9 -19.0 19
10 -16.0 16
11 -9.0 9
12 -9.0 9
13 -10.0 10
14 -13.0 13
15 -22.0 22
0 -50.0 50
1 -50.0 50
2 -42.0 42
3 -46.0 46
4 -41.0 41
5 -50.0 50
6 -50.0 50
7 -14.0 14
8 -10.0 10
9 -9.0 9
10 -9.0 9
11 -7.0 7
12 -7.0 7
13 -11.0 11
14 -9.0 9
15 -7.0 7
0 -50.0 50
1 -25.0 25
2 -50.0 50
3 -50.0 50
4 -46.0 46
5 -50.0 50
6 -39.0 39
7 -25.0 25
8 -20.0 20
9 -9.0 9
10 -10.0 10
11 -11.0 11
12 -17.0 17
13 -17.0 17
14 -8.0 8
15 -7.0 7
0 -50.0 50
1 -50.0 50
2 -50.0 50
3 -17.0 17
4 -50.0 50
5 -17.0 17
6 -50.0 50
7 -19.0 19
8 -26.0 26
9 -10.0 10
10 -12.0 12
11 -12.0 12
12 -11.0 11
13 -7.0 7
14 -27.0 27
15 -14.0 14
0 -50.0 50
1 -49.0 49
2 -50.0 50
3 -50.0 50
4 -29.0 29
5 -50.0 50
6 -23.0 23
7 -16.0 16
8 -12.0 12
9 -10.0 10
10 -7.0 7
11 -50.0 50
12 -19.0 19
13 -9.0 9
14 -9.0 9
15 -7.0 7
0 -50.0 50
1 -50.0 50
2 -50.0 50
3 -19.0 19
4 -50.0 50
5 -50.0 50
6 -15.0 15
7 -15.0 15
8 -13.0 13
9 -8.0 8
10 -8.0 8
11 -17.0 17
12 -13.0 13
13 -27.0 27
14 -13.0 13
15 -10.0 10
0 -29.0 29
1 -50.0 50
2 -50.0 50
3 -13.0 13
4 -50.0 50
5 -50.0 50
6 -50.0 50
7 -30.0 30
8 -27.0 27
9 -50.0 50
10 -18.0 18
11 -20.0 20
12 -12.0 12
13 -7.0 7
14 -9.0 9
15 -10.0 10
0 -50.0 50
1 -29.0 29
2 -50.0 50
3 -46.0 46
4 -50.0 50
5 -50.0 50
6 -32.0 32
7 -50.0 50
8 -19.0 19
9 -7.0 7
10 -10.0 10
11 -10.0 10
12 -8.0 8
13 -9.0 9
14 -7.0 7
15 -7.0 7
0 -41.0 41
1 -50.0 50
2 -50.0 50
3 -46.0 46
4 -33.0 33
5 -50.0 50
6 -25.0 25
7 -13.0 13
8 -17.0 17
9 -16.0 16
10 -12.0 12
11 -15.0 15
12 -9.0 9
13 -7.0 7
14 -7.0 7
15 -7.0 7
0 -50.0 50
1 -50.0 50
2 -48.0 48
3 -50.0 50
4 -50.0 50
5 -50.0 50
6 -17.0 17
7 -12.0 12
8 -14.0 14
9 -7.0 7
10 -10.0 10
11 -10.0 10
12 -25.0 25
13 -8.0 8
14 -7.0 7
15 -9.0 9
0 -50.0 50
1 -45.0 45
2 -50.0 50
3 -33.0 33
4 -50.0 50
5 -39.0 39
6 -41.0 41
7 -50.0 50
8 -31.0 31
9 -22.0 22
10 -19.0 19
11 -10.0 10
12 -9.0 9
13 -7.0 7
14 -7.0 7
15 -7.0 7
