0 -50.0 50
1 -50.0 50
2 -50.0 50
3 -50.0 50
4 -50.0 50
5 -50.0 50
6 -50.0 50
7 -50.0 50
8 -50.0 50
9 -50.0 50
10 -50.0 50
11 -50.0 50
12 -50.0 50
13 -50.0 50
14 -50.0 50
15 -50.0 50
16 -50.0 50
17 -50.0 50
18 -50.0 50
19 -36.0 36
20 -50.0 50
21 -50.0 50
22 -50.0 50
23 -50.0 50
24 -50.0 50
25 -50.0 50
26 -50.0 50
27 -50.0 50
28 -50.0 50
29 -50.0 50
30 -50.0 50
31 -41.0 41
32 -50.0 50
33 -43.0 43
34 -50.0 50
35 -50.0 50
36 -50.0 50
37 -50.0 50
38 -50.0 50
39 -50.0 50
40 -50.0 50
41 -13.0 13
42 -17.0 17
43 -14.0 14
44 -16.0 16
45 -44.0 44
46 -40.0 40
47 -13.0 13
48 -19.0 19
49 -50.0 50
50 -40.0 40
51 -50.0 50
52 -50.0 50
53 -27.0 27
54 -12.0 12
55 -50.0 50
56 -11.0 11
57 -9.0 9
58 -14.0 14
59 -17.0 17
60 -11.0 11
61 -10.0 10
62 -10.0 10
63 -11.0 11
64 -21.0 21
65 -10.0 10
66 -10.0 10
67 -18.0 18
68 -9.0 9
69 -10.0 10
70 -11.0 11
71 -9.0 9
72 -18.0 18
73 -17.0 17
74 -11.0 11
75 -13.0 13
76 -10.0 10
77 -9.0 9
78 -19.0 19
79 -9.0 9
80 -16.0 16
81 -13.0 13
82 -10.0 10
83 -9.0 9
84 -9.0 9
85 -10.0 10
86 -9.0 9
87 -9.0 9
88 -15.0 15
89 -9.0 9
90 -30.0 30
91 -9.0 9
92 -9.0 9
93 -14.0 14
94 -9.0 9
95 -16.0 16
96 -9.0 9
97 -10.0 10
98 -11.0 11
99 -16.0 16
100 -9.0 9
101 -15.0 15
102 -9.0 9
103 -9.0 9
104 -9.0 9
105 -11.0 11
106 -11.0 11
107 -10.0 10
108 -9.0 9
109 -11.0 11
110 -9.0 9
111 -9.0 9
112 -10.0 10
113 -14.0 14
114 -11.0 11
115 -9.0 9
116 -9.0 9
117 -9.0 9
118 -9.0 9
119 -11.0 11
120 -9.0 9
121 -9.0 9
122 -10.0 10
123 -10.0 10
124 -9.0 9
125 -19.0 19
126 -9.0 9
127 -9.0 9
128 -10.0 10
129 -9.0 9
130 -9.0 9
131 -10.0 10
132 -14.0 14
133 -9.0 9
134 -10.0 10
135 -11.0 11
136 -9.0 9
137 -11.0 11
138 -16.0 16
139 -12.0 12
140 -11.0 11
141 -9.0 9
142 -11.0 11
143 -12.0 12
144 -9.0 9
145 -11.0 11
146 -9.0 9
147 -9.0 9
148 -17.0 17
149 -14.0 14
150 -12.0 12
151 -10.0 10
152 -9.0 9
153 -10.0 10
154 -10.0 10
155 -9.0 9
156 -9.0 9
157 -9.0 9
158 -13.0 13
159 -9.0 9
160 -9.0 9
161 -9.0 9
162 -9.0 9
163 -9.0 9
164 -9.0 9
165 -9.0 9
166 -9.0 9
167 -9.0 9
168 -9.0 9
169 -9.0 9
170 -9.0 9
171 -9.0 9
172 -9.0 9
173 -9.0 9
174 -9.0 9
175 -9.0 9
176 -9.0 9
177 -9.0 9
178 -9.0 9
179 -9.0 9
180 -9.0 9
181 -9.0 9
182 -9.0 9
183 -9.0 9
184 -9.0 9
185 -9.0 9
186 -9.0 9
187 -9.0 9
188 -9.0 9
189 -9.0 9
190 -9.0 9
191 -9.0 9
192 -9.0 9
193 -9.0 9
194 -9.0 9
195 -9.0 9
196 -9.0 9
197 -9.0 9
198 -9.0 9
199 -9.0 9
0 -50.0 50
1 -50.0 50
2 -50.0 50
3 -50.0 50
4 -50.0 50
5 -50.0 50
6 -50.0 50
7 -50.0 50
8 -50.0 50
9 -50.0 50
10 -50.0 50
11 -50.0 50
12 -50.0 50
13 -50.0 50
14 -50.0 50
15 -50.0 50
16 -50.0 50
17 -50.0 50
18 -45.0 45
19 -50.0 50
20 -50.0 50
21 -42.0 42
22 -50.0 50
23 -50.0 50
24 -50.0 50
25 -50.0 50
26 -50.0 50
27 -50.0 50
28 -50.0 50
29 -50.0 50
30 -45.0 45
31 -50.0 50
32 -49.0 49
33 -50.0 50
34 -50.0 50
35 -50.0 50
36 -50.0 50
37 -50.0 50
38 -50.0 50
39 -50.0 50
40 -50.0 50
41 -50.0 50
42 -50.0 50
43 -50.0 50
44 -50.0 50
45 -50.0 50
46 -10.0 10
47 -33.0 33
48 -12.0 12
49 -15.0 15
50 -9.0 9
51 -17.0 17
52 -22.0 22
53 -16.0 16
54 -33.0 33
55 -10.0 10
56 -15.0 15
57 -9.0 9
58 -17.0 17
59 -18.0 18
60 -13.0 13
61 -14.0 14
62 -12.0 12
63 -11.0 11
64 -11.0 11
65 -16.0 16
66 -9.0 9
67 -9.0 9
68 -9.0 9
69 -9.0 9
70 -9.0 9
71 -9.0 9
72 -10.0 10
73 -9.0 9
74 -9.0 9
75 -9.0 9
76 -11.0 11
77 -13.0 13
78 -10.0 10
79 -9.0 9
80 -9.0 9
81 -9.0 9
82 -11.0 11
83 -9.0 9
84 -9.0 9
85 -9.0 9
86 -9.0 9
87 -10.0 10
88 -20.0 20
89 -11.0 11
90 -11.0 11
91 -10.0 10
92 -9.0 9
93 -10.0 10
94 -9.0 9
95 -12.0 12
96 -12.0 12
97 -10.0 10
98 -10.0 10
99 -50.0 50
100 -9.0 9
101 -9.0 9
102 -9.0 9
103 -9.0 9
104 -9.0 9
105 -10.0 10
106 -10.0 10
107 -15.0 15
108 -9.0 9
109 -9.0 9
110 -13.0 13
111 -22.0 22
112 -9.0 9
113 -12.0 12
114 -9.0 9
115 -9.0 9
116 -12.0 12
117 -9.0 9
118 -10.0 10
119 -15.0 15
120 -12.0 12
121 -15.0 15
122 -9.0 9
123 -9.0 9
124 -17.0 17
125 -10.0 10
126 -9.0 9
127 -10.0 10
128 -9.0 9
129 -9.0 9
130 -9.0 9
131 -11.0 11
132 -11.0 11
133 -11.0 11
134 -10.0 10
135 -11.0 11
136 -10.0 10
137 -10.0 10
138 -10.0 10
139 -12.0 12
140 -9.0 9
141 -9.0 9
142 -11.0 11
143 -10.0 10
144 -9.0 9
145 -10.0 10
146 -9.0 9
147 -9.0 9
148 -11.0 11
149 -11.0 11
150 -11.0 11
151 -11.0 11
152 -9.0 9
153 -9.0 9
154 -11.0 11
155 -9.0 9
156 -10.0 10
157 -9.0 9
158 -9.0 9
159 -10.0 10
160 -13.0 13
161 -9.0 9
162 -9.0 9
163 -9.0 9
164 -10.0 10
165 -9.0 9
166 -9.0 9
167 -9.0 9
168 -9.0 9
169 -9.0 9
170 -9.0 9
171 -9.0 9
172 -9.0 9
173 -9.0 9
174 -9.0 9
175 -9.0 9
176 -9.0 9
177 -9.0 9
178 -9.0 9
179 -9.0 9
180 -9.0 9
181 -9.0 9
182 -9.0 9
183 -9.0 9
184 -9.0 9
185 -9.0 9
186 -9.0 9
187 -9.0 9
188 -9.0 9
189 -9.0 9
190 -9.0 9
191 -9.0 9
192 -9.0 9
193 -9.0 9
194 -9.0 9
195 -9.0 9
196 -9.0 9
197 -9.0 9
198 -9.0 9
199 -9.0 9
0 -50.0 50
1 -50.0 50
2 -50.0 50
3 -50.0 50
4 -50.0 50
5 -50.0 50
6 -50.0 50
7 -50.0 50
8 -50.0 50
9 -50.0 50
10 -50.0 50
11 -50.0 50
12 -50.0 50
13 -50.0 50
14 -50.0 50
15 -50.0 50
16 -28.0 28
17 -50.0 50
18 -50.0 50
19 -50.0 50
20 -50.0 50
21 -50.0 50
22 -50.0 50
23 -50.0 50
24 -50.0 50
25 -50.0 50
26 -46.0 46
27 -50.0 50
28 -50.0 50
29 -50.0 50
30 -50.0 50
31 -50.0 50
32 -50.0 50
33 -50.0 50
34 -47.0 47
35 -50.0 50
36 -27.0 27
37 -50.0 50
38 -50.0 50
39 -50.0 50
40 -50.0 50
41 -19.0 19
42 -50.0 50
43 -50.0 50
44 -50.0 50
45 -50.0 50
46 -50.0 50
47 -50.0 50
48 -15.0 15
49 -43.0 43
50 -29.0 29
51 -15.0 15
52 -11.0 11
53 -9.0 9
54 -10.0 10
55 -9.0 9
56 -12.0 12
57 -28.0 28
58 -11.0 11
59 -12.0 12
60 -21.0 21
61 -14.0 14
62 -14.0 14
63 -9.0 9
64 -10.0 10
65 -9.0 9
66 -11.0 11
67 -11.0 11
68 -9.0 9
69 -9.0 9
70 -11.0 11
71 -11.0 11
72 -10.0 10
73 -10.0 10
74 -10.0 10
75 -10.0 10
76 -9.0 9
77 -9.0 9
78 -9.0 9
79 -9.0 9
80 -11.0 11
81 -10.0 10
82 -9.0 9
83 -9.0 9
84 -9.0 9
85 -9.0 9
86 -9.0 9
87 -10.0 10
88 -11.0 11
89 -9.0 9
90 -9.0 9
91 -9.0 9
92 -11.0 11
93 -10.0 10
94 -9.0 9
95 -9.0 9
96 -9.0 9
97 -9.0 9
98 -9.0 9
99 -9.0 9
100 -10.0 10
101 -9.0 9
102 -9.0 9
103 -9.0 9
104 -9.0 9
105 -9.0 9
106 -9.0 9
107 -12.0 12
108 -31.0 31
109 -11.0 11
110 -9.0 9
111 -9.0 9
112 -11.0 11
113 -10.0 10
114 -10.0 10
115 -10.0 10
116 -15.0 15
117 -9.0 9
118 -12.0 12
119 -14.0 14
120 -27.0 27
121 -10.0 10
122 -10.0 10
123 -10.0 10
124 -9.0 9
125 -14.0 14
126 -12.0 12
127 -9.0 9
128 -9.0 9
129 -11.0 11
130 -14.0 14
131 -9.0 9
132 -10.0 10
133 -14.0 14
134 -13.0 13
135 -9.0 9
136 -10.0 10
137 -9.0 9
138 -9.0 9
139 -9.0 9
140 -13.0 13
141 -10.0 10
142 -11.0 11
143 -10.0 10
144 -9.0 9
145 -11.0 11
146 -12.0 12
147 -9.0 9
148 -10.0 10
149 -9.0 9
150 -10.0 10
151 -13.0 13
152 -10.0 10
153 -9.0 9
154 -12.0 12
155 -9.0 9
156 -9.0 9
157 -9.0 9
158 -9.0 9
159 -9.0 9
160 -9.0 9
161 -9.0 9
162 -9.0 9
163 -9.0 9
164 -9.0 9
165 -9.0 9
166 -9.0 9
167 -9.0 9
168 -9.0 9
169 -9.0 9
170 -9.0 9
171 -9.0 9
172 -9.0 9
173 -9.0 9
174 -9.0 9
175 -9.0 9
176 -9.0 9
177 -9.0 9
178 -9.0 9
179 -9.0 9
180 -9.0 9
181 -9.0 9
182 -9.0 9
183 -9.0 9
184 -9.0 9
185 -9.0 9
186 -9.0 9
187 -9.0 9
188 -9.0 9
189 -9.0 9
190 -9.0 9
191 -9.0 9
192 -9.0 9
193 -9.0 9
194 -9.0 9
195 -9.0 9
196 -9.0 9
197 -9.0 9
198 -9.0 9
199 -9.0 9
0 -50.0 50
1 -50.0 50
2 -50.0 50
3 -50.0 50
4 -50.0 50
5 -50.0 50
6 -50.0 50
7 -50.0 50
8 -50.0 50
9 -50.0 50
10 -50.0 50
11 -50.0 50
12 -50.0 50
13 -50.0 50
14 -50.0 50
15 -50.0 50
16 -16.0 16
17 -47.0 47
18 -50.0 50
19 -50.0 50
20 -50.0 50
21 -50.0 50
22 -50.0 50
23 -50.0 50
24 -50.0 50
25 -50.0 50
26 -37.0 37
27 -50.0 50
28 -50.0 50
29 -50.0 50
30 -41.0 41
31 -50.0 50
32 -50.0 50
33 -50.0 50
34 -50.0 50
35 -48.0 48
36 -50.0 50
37 -41.0 41
38 -50.0 50
39 -50.0 50
40 -50.0 50
41 -50.0 50
42 -50.0 50
43 -44.0 44
44 -40.0 40
45 -50.0 50
46 -50.0 50
47 -50.0 50
48 -50.0 50
49 -24.0 24
50 -22.0 22
51 -50.0 50
52 -29.0 29
53 -16.0 16
54 -17.0 17
55 -43.0 43
56 -27.0 27
57 -11.0 11
58 -16.0 16
59 -19.0 19
60 -11.0 11
61 -13.0 13
62 -9.0 9
63 -10.0 10
64 -13.0 13
65 -10.0 10
66 -18.0 18
67 -16.0 16
68 -10.0 10
69 -11.0 11
70 -16.0 16
71 -11.0 11
72 -12.0 12
73 -14.0 14
74 -9.0 9
75 -9.0 9
76 -11.0 11
77 -10.0 10
78 -10.0 10
79 -9.0 9
80 -9.0 9
81 -10.0 10
82 -10.0 10
83 -11.0 11
84 -9.0 9
85 -9.0 9
86 -9.0 9
87 -11.0 11
88 -9.0 9
89 -9.0 9
90 -9.0 9
91 -10.0 10
92 -11.0 11
93 -9.0 9
94 -15.0 15
95 -9.0 9
96 -10.0 10
97 -9.0 9
98 -9.0 9
99 -9.0 9
100 -14.0 14
101 -10.0 10
102 -18.0 18
103 -9.0 9
104 -9.0 9
105 -9.0 9
106 -9.0 9
107 -9.0 9
108 -15.0 15
109 -9.0 9
110 -10.0 10
111 -9.0 9
112 -11.0 11
113 -9.0 9
114 -16.0 16
115 -13.0 13
116 -12.0 12
117 -12.0 12
118 -9.0 9
119 -10.0 10
120 -10.0 10
121 -11.0 11
122 -10.0 10
123 -9.0 9
124 -9.0 9
125 -11.0 11
126 -16.0 16
127 -9.0 9
128 -9.0 9
129 -15.0 15
130 -9.0 9
131 -11.0 11
132 -9.0 9
133 -9.0 9
134 -9.0 9
135 -9.0 9
136 -11.0 11
137 -17.0 17
138 -12.0 12
139 -50.0 50
140 -11.0 11
141 -10.0 10
142 -20.0 20
143 -10.0 10
144 -11.0 11
145 -16.0 16
146 -9.0 9
147 -10.0 10
148 -9.0 9
149 -9.0 9
150 -9.0 9
151 -10.0 10
152 -9.0 9
153 -11.0 11
154 -9.0 9
155 -9.0 9
156 -9.0 9
157 -9.0 9
158 -9.0 9
159 -9.0 9
160 -9.0 9
161 -9.0 9
162 -9.0 9
163 -9.0 9
164 -9.0 9
165 -9.0 9
166 -9.0 9
167 -9.0 9
168 -9.0 9
169 -9.0 9
170 -9.0 9
171 -9.0 9
172 -9.0 9
173 -9.0 9
174 -9.0 9
175 -9.0 9
176 -9.0 9
177 -9.0 9
178 -9.0 9
179 -9.0 9
180 -9.0 9
181 -9.0 9
182 -9.0 9
183 -9.0 9
184 -9.0 9
185 -9.0 9
186 -9.0 9
187 -9.0 9
188 -9.0 9
189 -9.0 9
190 -9.0 9
191 -9.0 9
192 -9.0 9
193 -9.0 9
194 -9.0 9
195 -9.0 9
196 -9.0 9
197 -9.0 9
198 -9.0 9
199 -9.0 9
0 -50.0 50
1 -50.0 50
2 -50.0 50
3 -50.0 50
4 -50.0 50
5 -50.0 50
6 -31.0 31
7 -50.0 50
8 -50.0 50
9 -50.0 50
10 -50.0 50
11 -50.0 50
12 -50.0 50
13 -50.0 50
14 -50.0 50
15 -50.0 50
16 -50.0 50
17 -50.0 50
18 -50.0 50
19 -50.0 50
20 -50.0 50
21 -50.0 50
22 -50.0 50
23 -50.0 50
24 -41.0 41
25 -50.0 50
26 -50.0 50
27 -50.0 50
28 -50.0 50
29 -50.0 50
30 -50.0 50
31 -50.0 50
32 -50.0 50
33 -50.0 50
34 -50.0 50
35 -50.0 50
36 -50.0 50
37 -50.0 50
38 -38.0 38
39 -50.0 50
40 -50.0 50
41 -21.0 21
42 -18.0 18
43 -24.0 24
44 -17.0 17
45 -22.0 22
46 -50.0 50
47 -11.0 11
48 -13.0 13
49 -12.0 12
50 -25.0 25
51 -13.0 13
52 -11.0 11
53 -14.0 14
54 -15.0 15
55 -21.0 21
56 -10.0 10
57 -11.0 11
58 -44.0 44
59 -37.0 37
60 -9.0 9
61 -9.0 9
62 -10.0 10
63 -11.0 11
64 -15.0 15
65 -10.0 10
66 -10.0 10
67 -9.0 9
68 -9.0 9
69 -10.0 10
70 -23.0 23
71 -18.0 18
72 -12.0 12
73 -12.0 12
74 -10.0 10
75 -9.0 9
76 -10.0 10
77 -10.0 10
78 -15.0 15
79 -9.0 9
80 -11.0 11
81 -9.0 9
82 -12.0 12
83 -11.0 11
84 -9.0 9
85 -9.0 9
86 -11.0 11
87 -10.0 10
88 -11.0 11
89 -9.0 9
90 -9.0 9
91 -12.0 12
92 -9.0 9
93 -40.0 40
94 -13.0 13
95 -12.0 12
96 -10.0 10
97 -9.0 9
98 -10.0 10
99 -12.0 12
100 -9.0 9
101 -9.0 9
102 -10.0 10
103 -11.0 11
104 -9.0 9
105 -9.0 9
106 -9.0 9
107 -9.0 9
108 -11.0 11
109 -9.0 9
110 -15.0 15
111 -9.0 9
112 -9.0 9
113 -10.0 10
114 -12.0 12
115 -9.0 9
116 -10.0 10
117 -12.0 12
118 -10.0 10
119 -10.0 10
120 -9.0 9
121 -10.0 10
122 -9.0 9
123 -11.0 11
124 -9.0 9
125 -10.0 10
126 -12.0 12
127 -9.0 9
128 -17.0 17
129 -10.0 10
130 -11.0 11
131 -9.0 9
132 -10.0 10
133 -9.0 9
134 -11.0 11
135 -10.0 10
136 -9.0 9
137 -9.0 9
138 -9.0 9
139 -10.0 10
140 -11.0 11
141 -9.0 9
142 -9.0 9
143 -9.0 9
144 -9.0 9
145 -9.0 9
146 -9.0 9
147 -10.0 10
148 -10.0 10
149 -9.0 9
150 -10.0 10
151 -9.0 9
152 -9.0 9
153 -9.0 9
154 -46.0 46
155 -10.0 10
156 -9.0 9
157 -9.0 9
158 -10.0 10
159 -9.0 9
160 -9.0 9
161 -9.0 9
162 -9.0 9
163 -9.0 9
164 -9.0 9
165 -9.0 9
166 -9.0 9
167 -9.0 9
168 -9.0 9
169 -9.0 9
170 -9.0 9
171 -9.0 9
172 -9.0 9
173 -9.0 9
174 -9.0 9
175 -9.0 9
176 -9.0 9
177 -9.0 9
178 -9.0 9
179 -9.0 9
180 -9.0 9
181 -9.0 9
182 -9.0 9
183 -9.0 9
184 -9.0 9
185 -9.0 9
186 -9.0 9
187 -9.0 9
188 -9.0 9
189 -9.0 9
190 -9.0 9
191 -9.0 9
192 -9.0 9
193 -9.0 9
194 -9.0 9
195 -9.0 9
196 -9.0 9
197 -9.0 9
198 -9.0 9
199 -9.0 9
0 -50.0 50
1 -50.0 50
2 -50.0 50
3 -50.0 50
4 -50.0 50
5 -50.0 50
6 -50.0 50
7 -50.0 50
8 -50.0 50
9 -50.0 50
10 -50.0 50
11 -50.0 50
12 -50.0 50
13 -50.0 50
14 -48.0 48
15 -50.0 50
16 -50.0 50
17 -50.0 50
18 -50.0 50
19 -50.0 50
20 -50.0 50
21 -50.0 50
22 -50.0 50
23 -50.0 50
24 -50.0 50
25 -50.0 50
26 -42.0 42
27 -50.0 50
28 -50.0 50
29 -50.0 50
30 -50.0 50
31 -50.0 50
32 -50.0 50
33 -50.0 50
34 -50.0 50
35 -50.0 50
36 -50.0 50
37 -50.0 50
38 -50.0 50
39 -48.0 48
40 -50.0 50
41 -50.0 50
42 -41.0 41
43 -50.0 50
44 -50.0 50
45 -50.0 50
46 -50.0 50
47 -50.0 50
48 -31.0 31
49 -50.0 50
50 -50.0 50
51 -11.0 11
52 -16.0 16
53 -35.0 35
54 -50.0 50
55 -29.0 29
56 -19.0 19
57 -16.0 16
58 -15.0 15
59 -10.0 10
60 -11.0 11
61 -9.0 9
62 -9.0 9
63 -10.0 10
64 -9.0 9
65 -9.0 9
66 -11.0 11
67 -10.0 10
68 -11.0 11
69 -18.0 18
70 -9.0 9
71 -10.0 10
72 -11.0 11
73 -12.0 12
74 -9.0 9
75 -11.0 11
76 -13.0 13
77 -9.0 9
78 -14.0 14
79 -10.0 10
80 -10.0 10
81 -10.0 10
82 -14.0 14
83 -10.0 10
84 -10.0 10
85 -11.0 11
86 -9.0 9
87 -13.0 13
88 -10.0 10
89 -10.0 10
90 -14.0 14
91 -10.0 10
92 -10.0 10
93 -12.0 12
94 -9.0 9
95 -10.0 10
96 -10.0 10
97 -10.0 10
98 -9.0 9
99 -9.0 9
100 -9.0 9
101 -10.0 10
102 -9.0 9
103 -11.0 11
104 -10.0 10
105 -10.0 10
106 -9.0 9
107 -12.0 12
108 -9.0 9
109 -9.0 9
110 -10.0 10
111 -9.0 9
112 -9.0 9
113 -9.0 9
114 -9.0 9
115 -9.0 9
116 -9.0 9
117 -9.0 9
118 -11.0 11
119 -11.0 11
120 -12.0 12
121 -9.0 9
122 -9.0 9
123 -11.0 11
124 -11.0 11
125 -10.0 10
126 -9.0 9
127 -9.0 9
128 -34.0 34
129 -12.0 12
130 -9.0 9
131 -10.0 10
132 -11.0 11
133 -10.0 10
134 -10.0 10
135 -9.0 9
136 -12.0 12
137 -14.0 14
138 -9.0 9
139 -50.0 50
140 -9.0 9
141 -9.0 9
142 -9.0 9
143 -11.0 11
144 -9.0 9
145 -11.0 11
146 -13.0 13
147 -10.0 10
148 -11.0 11
149 -9.0 9
150 -9.0 9
151 -9.0 9
152 -9.0 9
153 -9.0 9
154 -10.0 10
155 -9.0 9
156 -10.0 10
157 -9.0 9
158 -9.0 9
159 -9.0 9
160 -9.0 9
161 -9.0 9
162 -9.0 9
163 -9.0 9
164 -9.0 9
165 -10.0 10
166 -9.0 9
167 -9.0 9
168 -9.0 9
169 -9.0 9
170 -9.0 9
171 -9.0 9
172 -9.0 9
173 -9.0 9
174 -9.0 9
175 -9.0 9
176 -9.0 9
177 -9.0 9
178 -9.0 9
179 -9.0 9
180 -9.0 9
181 -9.0 9
182 -9.0 9
183 -9.0 9
184 -9.0 9
185 -9.0 9
186 -9.0 9
187 -9.0 9
188 -9.0 9
189 -9.0 9
190 -9.0 9
191 -9.0 9
192 -9.0 9
193 -9.0 9
194 -9.0 9
195 -9.0 9
196 -9.0 9
197 -9.0 9
198 -9.0 9
199 -9.0 9
0 -50.0 50
1 -50.0 50
2 -50.0 50
3 -50.0 50
4 -50.0 50
5 -50.0 50
6 -50.0 50
7 -50.0 50
8 -50.0 50
9 -50.0 50
10 -50.0 50
11 -50.0 50
12 -50.0 50
13 -50.0 50
14 -50.0 50
15 -50.0 50
16 -50.0 50
17 -50.0 50
18 -50.0 50
19 -50.0 50
20 -50.0 50
21 -50.0 50
22 -50.0 50
23 -44.0 44
24 -42.0 42
25 -50.0 50
26 -50.0 50
27 -50.0 50
28 -50.0 50
29 -50.0 50
30 -50.0 50
31 -50.0 50
32 -50.0 50
33 -50.0 50
34 -50.0 50
35 -50.0 50
36 -50.0 50
37 -50.0 50
38 -50.0 50
39 -50.0 50
40 -50.0 50
41 -50.0 50
42 -50.0 50
43 -50.0 50
44 -50.0 50
45 -15.0 15
46 -30.0 30
47 -50.0 50
48 -13.0 13
49 -14.0 14
50 -15.0 15
51 -19.0 19
52 -39.0 39
53 -50.0 50
54 -19.0 19
55 -28.0 28
56 -22.0 22
57 -10.0 10
58 -10.0 10
59 -9.0 9
60 -9.0 9
61 -9.0 9
62 -9.0 9
63 -9.0 9
64 -10.0 10
65 -13.0 13
66 -37.0 37
67 -12.0 12
68 -13.0 13
69 -14.0 14
70 -10.0 10
71 -10.0 10
72 -9.0 9
73 -11.0 11
74 -9.0 9
75 -10.0 10
76 -15.0 15
77 -14.0 14
78 -18.0 18
79 -18.0 18
80 -12.0 12
81 -10.0 10
82 -11.0 11
83 -9.0 9
84 -10.0 10
85 -12.0 12
86 -9.0 9
87 -9.0 9
88 -10.0 10
89 -10.0 10
90 -10.0 10
91 -9.0 9
92 -9.0 9
93 -10.0 10
94 -9.0 9
95 -35.0 35
96 -10.0 10
97 -10.0 10
98 -10.0 10
99 -9.0 9
100 -10.0 10
101 -9.0 9
102 -10.0 10
103 -14.0 14
104 -9.0 9
105 -9.0 9
106 -11.0 11
107 -11.0 11
108 -9.0 9
109 -15.0 15
110 -19.0 19
111 -10.0 10
112 -10.0 10
113 -9.0 9
114 -9.0 9
115 -15.0 15
116 -10.0 10
117 -9.0 9
118 -10.0 10
119 -9.0 9
120 -9.0 9
121 -18.0 18
122 -12.0 12
123 -12.0 12
124 -9.0 9
125 -9.0 9
126 -9.0 9
127 -9.0 9
128 -9.0 9
129 -9.0 9
130 -10.0 10
131 -9.0 9
132 -9.0 9
133 -9.0 9
134 -10.0 10
135 -9.0 9
136 -12.0 12
137 -11.0 11
138 -10.0 10
139 -9.0 9
140 -10.0 10
141 -9.0 9
142 -10.0 10
143 -13.0 13
144 -9.0 9
145 -9.0 9
146 -9.0 9
147 -12.0 12
148 -9.0 9
149 -10.0 10
150 -9.0 9
151 -14.0 14
152 -9.0 9
153 -9.0 9
154 -9.0 9
155 -9.0 9
156 -10.0 10
157 -9.0 9
158 -9.0 9
159 -9.0 9
160 -10.0 10
161 -9.0 9
162 -9.0 9
163 -11.0 11
164 -9.0 9
165 -9.0 9
166 -9.0 9
167 -9.0 9
168 -9.0 9
169 -9.0 9
170 -9.0 9
171 -9.0 9
172 -9.0 9
173 -9.0 9
174 -9.0 9
175 -9.0 9
176 -9.0 9
177 -9.0 9
178 -9.0 9
179 -9.0 9
180 -9.0 9
181 -9.0 9
182 -9.0 9
183 -9.0 9
184 -9.0 9
185 -9.0 9
186 -9.0 9
187 -9.0 9
188 -9.0 9
189 -9.0 9
190 -9.0 9
191 -9.0 9
192 -9.0 9
193 -9.0 9
194 -9.0 9
195 -9.0 9
196 -9.0 9
197 -9.0 9
198 -9.0 9
199 -9.0 9
0 -50.0 50
1 -50.0 50
2 -50.0 50
3 -50.0 50
4 -50.0 50
5 -50.0 50
6 -50.0 50
7 -50.0 50
8 -50.0 50
9 -50.0 50
10 -50.0 50
11 -40.0 40
12 -50.0 50
13 -50.0 50
14 -50.0 50
15 -50.0 50
16 -50.0 50
17 -50.0 50
18 -50.0 50
19 -50.0 50
20 -50.0 50
21 -50.0 50
22 -50.0 50
23 -50.0 50
24 -50.0 50
25 -50.0 50
26 -50.0 50
27 -35.0 35
28 -50.0 50
29 -50.0 50
30 -50.0 50
31 -50.0 50
32 -50.0 50
33 -50.0 50
34 -50.0 50
35 -33.0 33
36 -16.0 16
37 -26.0 26
38 -50.0 50
39 -19.0 19
40 -20.0 20
41 -50.0 50
42 -50.0 50
43 -50.0 50
44 -29.0 29
45 -41.0 41
46 -50.0 50
47 -50.0 50
48 -50.0 50
49 -50.0 50
50 -50.0 50
51 -50.0 50
52 -50.0 50
53 -50.0 50
54 -50.0 50
55 -26.0 26
56 -17.0 17
57 -12.0 12
58 -9.0 9
59 -10.0 10
60 -9.0 9
61 -16.0 16
62 -22.0 22
63 -23.0 23
64 -44.0 44
65 -10.0 10
66 -10.0 10
67 -9.0 9
68 -9.0 9
69 -9.0 9
70 -10.0 10
71 -50.0 50
72 -9.0 9
73 -11.0 11
74 -9.0 9
75 -10.0 10
76 -9.0 9
77 -9.0 9
78 -10.0 10
79 -9.0 9
80 -9.0 9
81 -10.0 10
82 -13.0 13
83 -13.0 13
84 -9.0 9
85 -11.0 11
86 -10.0 10
87 -9.0 9
88 -10.0 10
89 -9.0 9
90 -10.0 10
91 -11.0 11
92 -11.0 11
93 -9.0 9
94 -9.0 9
95 -9.0 9
96 -9.0 9
97 -9.0 9
98 -9.0 9
99 -9.0 9
100 -20.0 20
101 -12.0 12
102 -10.0 10
103 -10.0 10
104 -9.0 9
105 -22.0 22
106 -9.0 9
107 -9.0 9
108 -9.0 9
109 -9.0 9
110 -11.0 11
111 -9.0 9
112 -9.0 9
113 -9.0 9
114 -11.0 11
115 -10.0 10
116 -9.0 9
117 -9.0 9
118 -12.0 12
119 -12.0 12
120 -50.0 50
121 -9.0 9
122 -12.0 12
123 -10.0 10
124 -10.0 10
125 -10.0 10
126 -9.0 9
127 -10.0 10
128 -9.0 9
129 -11.0 11
130 -9.0 9
131 -11.0 11
132 -11.0 11
133 -10.0 10
134 -9.0 9
135 -45.0 45
136 -11.0 11
137 -9.0 9
138 -9.0 9
139 -9.0 9
140 -30.0 30
141 -9.0 9
142 -9.0 9
143 -10.0 10
144 -9.0 9
145 -10.0 10
146 -9.0 9
147 -9.0 9
148 -10.0 10
149 -16.0 16
150 -12.0 12
151 -10.0 10
152 -10.0 10
153 -11.0 11
154 -10.0 10
155 -12.0 12
156 -16.0 16
157 -9.0 9
158 -9.0 9
159 -9.0 9
160 -9.0 9
161 -9.0 9
162 -9.0 9
163 -9.0 9
164 -9.0 9
165 -10.0 10
166 -9.0 9
167 -9.0 9
168 -9.0 9
169 -9.0 9
170 -9.0 9
171 -9.0 9
172 -9.0 9
173 -9.0 9
174 -9.0 9
175 -9.0 9
176 -9.0 9
177 -9.0 9
178 -9.0 9
179 -9.0 9
180 -9.0 9
181 -9.0 9
182 -9.0 9
183 -9.0 9
184 -9.0 9
185 -9.0 9
186 -9.0 9
187 -9.0 9
188 -9.0 9
189 -9.0 9
190 -9.0 9
191 -9.0 9
192 -9.0 9
193 -9.0 9
194 -9.0 9
195 -9.0 9
196 -9.0 9
197 -9.0 9
198 -9.0 9
199 -9.0 9
0 -50.0 50
1 -50.0 50
2 -50.0 50
3 -50.0 50
4 -50.0 50
5 -50.0 50
6 -50.0 50
7 -50.0 50
8 -50.0 50
9 -50.0 50
10 -50.0 50
11 -50.0 50
12 -50.0 50
13 -50.0 50
14 -50.0 50
15 -50.0 50
16 -50.0 50
17 -50.0 50
18 -50.0 50
19 -50.0 50
20 -50.0 50
21 -50.0 50
22 -50.0 50
23 -50.0 50
24 -29.0 29
25 -50.0 50
26 -50.0 50
27 -50.0 50
28 -50.0 50
29 -50.0 50
30 -50.0 50
31 -50.0 50
32 -50.0 50
33 -50.0 50
34 -50.0 50
35 -50.0 50
36 -37.0 37
37 -22.0 22
38 -20.0 20
39 -50.0 50
40 -50.0 50
41 -50.0 50
42 -50.0 50
43 -50.0 50
44 -25.0 25
45 -19.0 19
46 -15.0 15
47 -22.0 22
48 -50.0 50
49 -49.0 49
50 -39.0 39
51 -13.0 13
52 -27.0 27
53 -13.0 13
54 -12.0 12
55 -13.0 13
56 -9.0 9
57 -14.0 14
58 -36.0 36
59 -25.0 25
60 -17.0 17
61 -34.0 34
62 -10.0 10
63 -11.0 11
64 -10.0 10
65 -12.0 12
66 -9.0 9
67 -9.0 9
68 -9.0 9
69 -11.0 11
70 -9.0 9
71 -10.0 10
72 -9.0 9
73 -11.0 11
74 -9.0 9
75 -11.0 11
76 -10.0 10
77 -10.0 10
78 -9.0 9
79 -11.0 11
80 -12.0 12
81 -11.0 11
82 -13.0 13
83 -10.0 10
84 -10.0 10
85 -9.0 9
86 -9.0 9
87 -10.0 10
88 -9.0 9
89 -12.0 12
90 -13.0 13
91 -9.0 9
92 -9.0 9
93 -18.0 18
94 -12.0 12
95 -9.0 9
96 -9.0 9
97 -14.0 14
98 -13.0 13
99 -12.0 12
100 -9.0 9
101 -9.0 9
102 -9.0 9
103 -10.0 10
104 -13.0 13
105 -9.0 9
106 -50.0 50
107 -14.0 14
108 -10.0 10
109 -9.0 9
110 -11.0 11
111 -10.0 10
112 -9.0 9
113 -12.0 12
114 -9.0 9
115 -12.0 12
116 -11.0 11
117 -9.0 9
118 -9.0 9
119 -11.0 11
120 -13.0 13
121 -9.0 9
122 -9.0 9
123 -9.0 9
124 -10.0 10
125 -10.0 10
126 -11.0 11
127 -9.0 9
128 -11.0 11
129 -9.0 9
130 -11.0 11
131 -9.0 9
132 -9.0 9
133 -9.0 9
134 -10.0 10
135 -9.0 9
136 -10.0 10
137 -10.0 10
138 -11.0 11
139 -10.0 10
140 -10.0 10
141 -9.0 9
142 -9.0 9
143 -11.0 11
144 -11.0 11
145 -50.0 50
146 -9.0 9
147 -10.0 10
148 -9.0 9
149 -9.0 9
150 -10.0 10
151 -14.0 14
152 -10.0 10
153 -12.0 12
154 -10.0 10
155 -11.0 11
156 -9.0 9
157 -10.0 10
158 -9.0 9
159 -9.0 9
160 -9.0 9
161 -9.0 9
162 -9.0 9
163 -9.0 9
164 -9.0 9
165 -9.0 9
166 -9.0 9
167 -9.0 9
168 -9.0 9
169 -9.0 9
170 -9.0 9
171 -9.0 9
172 -9.0 9
173 -9.0 9
174 -9.0 9
175 -9.0 9
176 -9.0 9
177 -9.0 9
178 -9.0 9
179 -9.0 9
180 -9.0 9
181 -9.0 9
182 -9.0 9
183 -9.0 9
184 -9.0 9
185 -9.0 9
186 -9.0 9
187 -9.0 9
188 -9.0 9
189 -9.0 9
190 -9.0 9
191 -9.0 9
192 -9.0 9
193 -9.0 9
194 -9.0 9
195 -9.0 9
196 -9.0 9
197 -9.0 9
198 -9.0 9
199 -9.0 9
0 -50.0 50
1 -50.0 50
2 -50.0 50
3 -50.0 50
4 -50.0 50
5 -50.0 50
6 -50.0 50
7 -50.0 50
8 -50.0 50
9 -50.0 50
10 -50.0 50
11 -50.0 50
12 -50.0 50
13 -50.0 50
14 -50.0 50
15 -50.0 50
16 -50.0 50
17 -50.0 50
18 -50.0 50
19 -50.0 50
20 -50.0 50
21 -50.0 50
22 -50.0 50
23 -50.0 50
24 -50.0 50
25 -50.0 50
26 -26.0 26
27 -50.0 50
28 -47.0 47
29 -50.0 50
30 -50.0 50
31 -50.0 50
32 -38.0 38
33 -50.0 50
34 -50.0 50
35 -50.0 50
36 -50.0 50
37 -50.0 50
38 -50.0 50
39 -50.0 50
40 -50.0 50
41 -14.0 14
42 -16.0 16
43 -16.0 16
44 -50.0 50
45 -50.0 50
46 -16.0 16
47 -15.0 15
48 -11.0 11
49 -22.0 22
50 -50.0 50
51 -50.0 50
52 -37.0 37
53 -10.0 10
54 -9.0 9
55 -10.0 10
56 -11.0 11
57 -12.0 12
58 -50.0 50
59 -9.0 9
60 -10.0 10
61 -13.0 13
62 -9.0 9
63 -10.0 10
64 -12.0 12
65 -9.0 9
66 -10.0 10
67 -10.0 10
68 -11.0 11
69 -10.0 10
70 -9.0 9
71 -11.0 11
72 -10.0 10
73 -13.0 13
74 -24.0 24
75 -14.0 14
76 -9.0 9
77 -13.0 13
78 -19.0 19
79 -22.0 22
80 -9.0 9
81 -11.0 11
82 -12.0 12
83 -14.0 14
84 -11.0 11
85 -10.0 10
86 -9.0 9
87 -9.0 9
88 -9.0 9
89 -11.0 11
90 -16.0 16
91 -9.0 9
92 -10.0 10
93 -12.0 12
94 -9.0 9
95 -10.0 10
96 -9.0 9
97 -10.0 10
98 -11.0 11
99 -9.0 9
100 -9.0 9
101 -9.0 9
102 -10.0 10
103 -9.0 9
104 -9.0 9
105 -13.0 13
106 -9.0 9
107 -10.0 10
108 -11.0 11
109 -9.0 9
110 -9.0 9
111 -12.0 12
112 -9.0 9
113 -11.0 11
114 -10.0 10
115 -11.0 11
116 -36.0 36
117 -13.0 13
118 -23.0 23
119 -10.0 10
120 -10.0 10
121 -9.0 9
122 -9.0 9
123 -9.0 9
124 -10.0 10
125 -31.0 31
126 -9.0 9
127 -9.0 9
128 -10.0 10
129 -10.0 10
130 -10.0 10
131 -9.0 9
132 -9.0 9
133 -9.0 9
134 -9.0 9
135 -10.0 10
136 -9.0 9
137 -10.0 10
138 -11.0 11
139 -10.0 10
140 -10.0 10
141 -9.0 9
142 -10.0 10
143 -11.0 11
144 -9.0 9
145 -9.0 9
146 -22.0 22
147 -10.0 10
148 -11.0 11
149 -9.0 9
150 -13.0 13
151 -9.0 9
152 -9.0 9
153 -9.0 9
154 -11.0 11
155 -9.0 9
156 -9.0 9
157 -13.0 13
158 -9.0 9
159 -9.0 9
160 -9.0 9
161 -9.0 9
162 -9.0 9
163 -9.0 9
164 -9.0 9
165 -9.0 9
166 -9.0 9
167 -9.0 9
168 -9.0 9
169 -9.0 9
170 -9.0 9
171 -9.0 9
172 -9.0 9
173 -9.0 9
174 -9.0 9
175 -9.0 9
176 -9.0 9
177 -9.0 9
178 -9.0 9
179 -9.0 9
180 -9.0 9
181 -9.0 9
182 -9.0 9
183 -9.0 9
184 -9.0 9
185 -9.0 9
186 -9.0 9
187 -9.0 9
188 -9.0 9
189 -9.0 9
190 -9.0 9
191 -9.0 9
192 -9.0 9
193 -9.0 9
194 -9.0 9
195 -9.0 9
196 -9.0 9
197 -9.0 9
198 -9.0 9
199 -9.0 9
0 -50.0 50
1 -50.0 50
2 -50.0 50
3 -50.0 50
4 -50.0 50
5 -44.0 44
6 -50.0 50
7 -50.0 50
8 -50.0 50
9 -50.0 50
10 -50.0 50
11 -50.0 50
12 -50.0 50
13 -50.0 50
14 -50.0 50
15 -50.0 50
16 -50.0 50
17 -50.0 50
18 -50.0 50
19 -50.0 50
20 -50.0 50
21 -50.0 50
22 -50.0 50
23 -50.0 50
24 -50.0 50
25 -40.0 40
26 -50.0 50
27 -50.0 50
28 -50.0 50
29 -50.0 50
30 -50.0 50
31 -50.0 50
32 -50.0 50
33 -39.0 39
34 -50.0 50
35 -22.0 22
36 -50.0 50
37 -50.0 50
38 -50.0 50
39 -50.0 50
40 -50.0 50
41 -50.0 50
42 -50.0 50
43 -50.0 50
44 -50.0 50
45 -50.0 50
46 -50.0 50
47 -44.0 44
48 -19.0 19
49 -21.0 21
50 -13.0 13
51 -13.0 13
52 -14.0 14
53 -10.0 10
54 -17.0 17
55 -24.0 24
56 -18.0 18
57 -12.0 12
58 -9.0 9
59 -11.0 11
60 -9.0 9
61 -10.0 10
62 -10.0 10
63 -25.0 25
64 -19.0 19
65 -9.0 9
66 -10.0 10
67 -9.0 9
68 -10.0 10
69 -10.0 10
70 -9.0 9
71 -11.0 11
72 -13.0 13
73 -9.0 9
74 -10.0 10
75 -9.0 9
76 -11.0 11
77 -9.0 9
78 -9.0 9
79 -10.0 10
80 -13.0 13
81 -14.0 14
82 -10.0 10
83 -11.0 11
84 -11.0 11
85 -9.0 9
86 -15.0 15
87 -9.0 9
88 -9.0 9
89 -19.0 19
90 -12.0 12
91 -9.0 9
92 -9.0 9
93 -9.0 9
94 -12.0 12
95 -9.0 9
96 -10.0 10
97 -9.0 9
98 -9.0 9
99 -31.0 31
100 -14.0 14
101 -10.0 10
102 -9.0 9
103 -10.0 10
104 -9.0 9
105 -47.0 47
106 -10.0 10
107 -9.0 9
108 -9.0 9
109 -9.0 9
110 -10.0 10
111 -9.0 9
112 -31.0 31
113 -9.0 9
114 -10.0 10
115 -9.0 9
116 -9.0 9
117 -14.0 14
118 -13.0 13
119 -12.0 12
120 -9.0 9
121 -11.0 11
122 -9.0 9
123 -9.0 9
124 -9.0 9
125 -9.0 9
126 -11.0 11
127 -10.0 10
128 -13.0 13
129 -11.0 11
130 -28.0 28
131 -9.0 9
132 -9.0 9
133 -13.0 13
134 -11.0 11
135 -9.0 9
136 -10.0 10
137 -14.0 14
138 -9.0 9
139 -11.0 11
140 -10.0 10
141 -9.0 9
142 -9.0 9
143 -12.0 12
144 -9.0 9
145 -10.0 10
146 -10.0 10
147 -9.0 9
148 -12.0 12
149 -12.0 12
150 -9.0 9
151 -9.0 9
152 -11.0 11
153 -9.0 9
154 -9.0 9
155 -11.0 11
156 -10.0 10
157 -9.0 9
158 -10.0 10
159 -10.0 10
160 -9.0 9
161 -9.0 9
162 -9.0 9
163 -9.0 9
164 -9.0 9
165 -9.0 9
166 -9.0 9
167 -9.0 9
168 -9.0 9
169 -9.0 9
170 -9.0 9
171 -9.0 9
172 -9.0 9
173 -9.0 9
174 -9.0 9
175 -9.0 9
176 -9.0 9
177 -9.0 9
178 -9.0 9
179 -9.0 9
180 -9.0 9
181 -9.0 9
182 -9.0 9
183 -9.0 9
184 -9.0 9
185 -9.0 9
186 -9.0 9
187 -9.0 9
188 -9.0 9
189 -9.0 9
190 -9.0 9
191 -9.0 9
192 -9.0 9
193 -9.0 9
194 -9.0 9
195 -9.0 9
196 -9.0 9
197 -9.0 9
198 -9.0 9
199 -9.0 9
0 -50.0 50
1 -50.0 50
2 -50.0 50
3 -50.0 50
4 -50.0 50
5 -50.0 50
6 -50.0 50
7 -48.0 48
8 -50.0 50
9 -50.0 50
10 -50.0 50
11 -50.0 50
12 -50.0 50
13 -50.0 50
14 -50.0 50
15 -50.0 50
16 -50.0 50
17 -50.0 50
18 -50.0 50
19 -50.0 50
20 -50.0 50
21 -50.0 50
22 -50.0 50
23 -50.0 50
24 -50.0 50
25 -50.0 50
26 -50.0 50
27 -50.0 50
28 -50.0 50
29 -50.0 50
30 -49.0 49
31 -50.0 50
32 -50.0 50
33 -50.0 50
34 -25.0 25
35 -50.0 50
36 -35.0 35
37 -50.0 50
38 -50.0 50
39 -39.0 39
40 -42.0 42
41 -17.0 17
42 -15.0 15
43 -50.0 50
44 -50.0 50
45 -22.0 22
46 -19.0 19
47 -15.0 15
48 -22.0 22
49 -40.0 40
50 -50.0 50
51 -45.0 45
52 -50.0 50
53 -37.0 37
54 -50.0 50
55 -50.0 50
56 -38.0 38
57 -13.0 13
58 -19.0 19
59 -13.0 13
60 -46.0 46
61 -13.0 13
62 -13.0 13
63 -19.0 19
64 -9.0 9
65 -23.0 23
66 -9.0 9
67 -9.0 9
68 -50.0 50
69 -9.0 9
70 -9.0 9
71 -9.0 9
72 -9.0 9
73 -9.0 9
74 -9.0 9
75 -10.0 10
76 -12.0 12
77 -9.0 9
78 -11.0 11
79 -10.0 10
80 -10.0 10
81 -9.0 9
82 -11.0 11
83 -10.0 10
84 -9.0 9
85 -11.0 11
86 -9.0 9
87 -9.0 9
88 -11.0 11
89 -9.0 9
90 -46.0 46
91 -20.0 20
92 -10.0 10
93 -10.0 10
94 -9.0 9
95 -9.0 9
96 -11.0 11
97 -21.0 21
98 -14.0 14
99 -9.0 9
100 -9.0 9
101 -11.0 11
102 -10.0 10
103 -9.0 9
104 -9.0 9
105 -9.0 9
106 -9.0 9
107 -19.0 19
108 -10.0 10
109 -9.0 9
110 -10.0 10
111 -10.0 10
112 -10.0 10
113 -9.0 9
114 -13.0 13
115 -11.0 11
116 -50.0 50
117 -10.0 10
118 -14.0 14
119 -13.0 13
120 -9.0 9
121 -10.0 10
122 -10.0 10
123 -9.0 9
124 -9.0 9
125 -9.0 9
126 -10.0 10
127 -12.0 12
128 -9.0 9
129 -9.0 9
130 -10.0 10
131 -11.0 11
132 -9.0 9
133 -9.0 9
134 -9.0 9
135 -9.0 9
136 -9.0 9
137 -11.0 11
138 -10.0 10
139 -9.0 9
140 -10.0 10
141 -9.0 9
142 -9.0 9
143 -12.0 12
144 -9.0 9
145 -9.0 9
146 -9.0 9
147 -9.0 9
148 -16.0 16
149 -9.0 9
150 -9.0 9
151 -9.0 9
152 -33.0 33
153 -9.0 9
154 -9.0 9
155 -10.0 10
156 -10.0 10
157 -9.0 9
158 -9.0 9
159 -9.0 9
160 -9.0 9
161 -9.0 9
162 -9.0 9
163 -9.0 9
164 -9.0 9
165 -9.0 9
166 -9.0 9
167 -9.0 9
168 -9.0 9
169 -9.0 9
170 -9.0 9
171 -9.0 9
172 -9.0 9
173 -9.0 9
174 -9.0 9
175 -9.0 9
176 -9.0 9
177 -9.0 9
178 -9.0 9
179 -9.0 9
180 -9.0 9
181 -9.0 9
182 -9.0 9
183 -9.0 9
184 -9.0 9
185 -9.0 9
186 -9.0 9
187 -9.0 9
188 -9.0 9
189 -9.0 9
190 -9.0 9
191 -9.0 9
192 -9.0 9
193 -9.0 9
194 -9.0 9
195 -9.0 9
196 -9.0 9
197 -9.0 9
198 -9.0 9
199 -9.0 9
0 -50.0 50
1 -50.0 50
2 -50.0 50
3 -50.0 50
4 -50.0 50
5 -50.0 50
6 -31.0 31
7 -50.0 50
8 -50.0 50
9 -50.0 50
10 -50.0 50
11 -50.0 50
12 -50.0 50
13 -50.0 50
14 -50.0 50
15 -50.0 50
16 -50.0 50
17 -50.0 50
18 -50.0 50
19 -50.0 50
20 -50.0 50
21 -50.0 50
22 -50.0 50
23 -50.0 50
24 -50.0 50
25 -50.0 50
26 -50.0 50
27 -50.0 50
28 -50.0 50
29 -50.0 50
30 -42.0 42
31 -50.0 50
32 -50.0 50
33 -50.0 50
34 -50.0 50
35 -50.0 50
36 -50.0 50
37 -50.0 50
38 -11.0 11
39 -50.0 50
40 -16.0 16
41 -32.0 32
42 -23.0 23
43 -50.0 50
44 -50.0 50
45 -50.0 50
46 -11.0 11
47 -43.0 43
48 -19.0 19
49 -50.0 50
50 -50.0 50
51 -14.0 14
52 -9.0 9
53 -13.0 13
54 -10.0 10
55 -10.0 10
56 -11.0 11
57 -23.0 23
58 -44.0 44
59 -27.0 27
60 -10.0 10
61 -9.0 9
62 -9.0 9
63 -12.0 12
64 -10.0 10
65 -9.0 9
66 -10.0 10
67 -10.0 10
68 -50.0 50
69 -12.0 12
70 -25.0 25
71 -9.0 9
72 -9.0 9
73 -10.0 10
74 -9.0 9
75 -9.0 9
76 -9.0 9
77 -18.0 18
78 -9.0 9
79 -18.0 18
80 -23.0 23
81 -11.0 11
82 -9.0 9
83 -10.0 10
84 -9.0 9
85 -9.0 9
86 -10.0 10
87 -11.0 11
88 -10.0 10
89 -9.0 9
90 -10.0 10
91 -9.0 9
92 -11.0 11
93 -10.0 10
94 -9.0 9
95 -10.0 10
96 -9.0 9
97 -9.0 9
98 -18.0 18
99 -12.0 12
100 -18.0 18
101 -9.0 9
102 -9.0 9
103 -9.0 9
104 -14.0 14
105 -9.0 9
106 -9.0 9
107 -9.0 9
108 -9.0 9
109 -14.0 14
110 -9.0 9
111 -10.0 10
112 -10.0 10
113 -12.0 12
114 -9.0 9
115 -10.0 10
116 -9.0 9
117 -9.0 9
118 -10.0 10
119 -9.0 9
120 -9.0 9
121 -19.0 19
122 -9.0 9
123 -9.0 9
124 -10.0 10
125 -10.0 10
126 -11.0 11
127 -11.0 11
128 -32.0 32
129 -9.0 9
130 -9.0 9
131 -12.0 12
132 -10.0 10
133 -9.0 9
134 -9.0 9
135 -10.0 10
136 -10.0 10
137 -9.0 9
138 -10.0 10
139 -10.0 10
140 -9.0 9
141 -9.0 9
142 -9.0 9
143 -9.0 9
144 -12.0 12
145 -10.0 10
146 -10.0 10
147 -11.0 11
148 -9.0 9
149 -10.0 10
150 -9.0 9
151 -10.0 10
152 -10.0 10
153 -9.0 9
154 -9.0 9
155 -9.0 9
156 -9.0 9
157 -10.0 10
158 -10.0 10
159 -11.0 11
160 -9.0 9
161 -9.0 9
162 -9.0 9
163 -9.0 9
164 -9.0 9
165 -9.0 9
166 -9.0 9
167 -9.0 9
168 -9.0 9
169 -9.0 9
170 -9.0 9
171 -9.0 9
172 -9.0 9
173 -9.0 9
174 -9.0 9
175 -9.0 9
176 -9.0 9
177 -9.0 9
178 -9.0 9
179 -9.0 9
180 -9.0 9
181 -9.0 9
182 -9.0 9
183 -9.0 9
184 -9.0 9
185 -9.0 9
186 -9.0 9
187 -9.0 9
188 -9.0 9
189 -9.0 9
190 -9.0 9
191 -9.0 9
192 -9.0 9
193 -9.0 9
194 -9.0 9
195 -9.0 9
196 -9.0 9
197 -9.0 9
198 -9.0 9
199 -9.0 9
0 -50.0 50
1 -50.0 50
2 -50.0 50
3 -50.0 50
4 -50.0 50
5 -50.0 50
6 -19.0 19
7 -50.0 50
8 -50.0 50
9 -50.0 50
10 -50.0 50
11 -50.0 50
12 -50.0 50
13 -50.0 50
14 -50.0 50
15 -50.0 50
16 -50.0 50
17 -50.0 50
18 -50.0 50
19 -50.0 50
20 -50.0 50
21 -50.0 50
22 -50.0 50
23 -50.0 50
24 -50.0 50
25 -50.0 50
26 -50.0 50
27 -50.0 50
28 -50.0 50
29 -50.0 50
30 -50.0 50
31 -23.0 23
32 -50.0 50
33 -50.0 50
34 -50.0 50
35 -47.0 47
36 -50.0 50
37 -50.0 50
38 -50.0 50
39 -50.0 50
40 -41.0 41
41 -50.0 50
42 -18.0 18
43 -50.0 50
44 -50.0 50
45 -50.0 50
46 -17.0 17
47 -12.0 12
48 -33.0 33
49 -15.0 15
50 -15.0 15
51 -15.0 15
52 -20.0 20
53 -27.0 27
54 -50.0 50
55 -19.0 19
56 -13.0 13
57 -9.0 9
58 -10.0 10
59 -11.0 11
60 -21.0 21
61 -9.0 9
62 -11.0 11
63 -13.0 13
64 -10.0 10
65 -10.0 10
66 -11.0 11
67 -9.0 9
68 -9.0 9
69 -20.0 20
70 -10.0 10
71 -10.0 10
72 -9.0 9
73 -12.0 12
74 -10.0 10
75 -9.0 9
76 -14.0 14
77 -9.0 9
78 -12.0 12
79 -15.0 15
80 -9.0 9
81 -9.0 9
82 -9.0 9
83 -9.0 9
84 -9.0 9
85 -10.0 10
86 -17.0 17
87 -16.0 16
88 -10.0 10
89 -16.0 16
90 -13.0 13
91 -10.0 10
92 -10.0 10
93 -10.0 10
94 -10.0 10
95 -9.0 9
96 -14.0 14
97 -10.0 10
98 -9.0 9
99 -9.0 9
100 -11.0 11
101 -9.0 9
102 -9.0 9
103 -10.0 10
104 -10.0 10
105 -9.0 9
106 -9.0 9
107 -9.0 9
108 -10.0 10
109 -9.0 9
110 -10.0 10
111 -12.0 12
112 -9.0 9
113 -9.0 9
114 -9.0 9
115 -9.0 9
116 -10.0 10
117 -11.0 11
118 -10.0 10
119 -10.0 10
120 -10.0 10
121 -10.0 10
122 -13.0 13
123 -9.0 9
124 -9.0 9
125 -9.0 9
126 -9.0 9
127 -10.0 10
128 -12.0 12
129 -11.0 11
130 -9.0 9
131 -10.0 10
132 -9.0 9
133 -9.0 9
134 -11.0 11
135 -9.0 9
136 -11.0 11
137 -12.0 12
138 -10.0 10
139 -9.0 9
140 -11.0 11
141 -9.0 9
142 -10.0 10
143 -9.0 9
144 -9.0 9
145 -9.0 9
146 -10.0 10
147 -9.0 9
148 -9.0 9
149 -9.0 9
150 -10.0 10
151 -10.0 10
152 -10.0 10
153 -9.0 9
154 -10.0 10
155 -9.0 9
156 -9.0 9
157 -15.0 15
158 -9.0 9
159 -11.0 11
160 -9.0 9
161 -9.0 9
162 -9.0 9
163 -9.0 9
164 -9.0 9
165 -9.0 9
166 -9.0 9
167 -9.0 9
168 -9.0 9
169 -9.0 9
170 -9.0 9
171 -9.0 9
172 -9.0 9
173 -9.0 9
174 -9.0 9
175 -9.0 9
176 -9.0 9
177 -9.0 9
178 -9.0 9
179 -9.0 9
180 -9.0 9
181 -9.0 9
182 -9.0 9
183 -9.0 9
184 -9.0 9
185 -9.0 9
186 -9.0 9
187 -9.0 9
188 -9.0 9
189 -9.0 9
190 -9.0 9
191 -9.0 9
192 -9.0 9
193 -9.0 9
194 -9.0 9
195 -9.0 9
196 -9.0 9
197 -9.0 9
198 -9.0 9
199 -9.0 9
0 -50.0 50
1 -50.0 50
2 -50.0 50
3 -50.0 50
4 -36.0 36
5 -50.0 50
6 -50.0 50
7 -50.0 50
8 -50.0 50
9 -50.0 50
10 -50.0 50
11 -50.0 50
12 -50.0 50
13 -50.0 50
14 -50.0 50
15 -50.0 50
16 -50.0 50
17 -50.0 50
18 -50.0 50
19 -50.0 50
20 -50.0 50
21 -50.0 50
22 -50.0 50
23 -50.0 50
24 -50.0 50
25 -50.0 50
26 -50.0 50
27 -50.0 50
28 -50.0 50
29 -50.0 50
30 -50.0 50
31 -50.0 50
32 -50.0 50
33 -50.0 50
34 -50.0 50
35 -50.0 50
36 -50.0 50
37 -40.0 40
38 -25.0 25
39 -29.0 29
40 -50.0 50
41 -50.0 50
42 -50.0 50
43 -50.0 50
44 -50.0 50
45 -50.0 50
46 -50.0 50
47 -34.0 34
48 -50.0 50
49 -11.0 11
50 -19.0 19
51 -12.0 12
52 -18.0 18
53 -20.0 20
54 -34.0 34
55 -50.0 50
56 -50.0 50
57 -50.0 50
58 -12.0 12
59 -11.0 11
60 -12.0 12
61 -11.0 11
62 -10.0 10
63 -10.0 10
64 -17.0 17
65 -42.0 42
66 -17.0 17
67 -11.0 11
68 -15.0 15
69 -14.0 14
70 -9.0 9
71 -9.0 9
72 -10.0 10
73 -13.0 13
74 -9.0 9
75 -18.0 18
76 -10.0 10
77 -11.0 11
78 -11.0 11
79 -9.0 9
80 -11.0 11
81 -9.0 9
82 -9.0 9
83 -9.0 9
84 -11.0 11
85 -9.0 9
86 -11.0 11
87 -10.0 10
88 -10.0 10
89 -11.0 11
90 -9.0 9
91 -9.0 9
92 -11.0 11
93 -11.0 11
94 -9.0 9
95 -11.0 11
96 -9.0 9
97 -10.0 10
98 -9.0 9
99 -9.0 9
100 -10.0 10
101 -9.0 9
102 -13.0 13
103 -9.0 9
104 -9.0 9
105 -50.0 50
106 -10.0 10
107 -9.0 9
108 -11.0 11
109 -9.0 9
110 -12.0 12
111 -9.0 9
112 -10.0 10
113 -9.0 9
114 -13.0 13
115 -9.0 9
116 -9.0 9
117 -9.0 9
118 -9.0 9
119 -11.0 11
120 -10.0 10
121 -25.0 25
122 -9.0 9
123 -9.0 9
124 -10.0 10
125 -11.0 11
126 -10.0 10
127 -9.0 9
128 -10.0 10
129 -10.0 10
130 -19.0 19
131 -9.0 9
132 -12.0 12
133 -9.0 9
134 -11.0 11
135 -9.0 9
136 -50.0 50
137 -10.0 10
138 -12.0 12
139 -9.0 9
140 -9.0 9
141 -9.0 9
142 -9.0 9
143 -11.0 11
144 -33.0 33
145 -11.0 11
146 -10.0 10
147 -9.0 9
148 -10.0 10
149 -10.0 10
150 -10.0 10
151 -9.0 9
152 -9.0 9
153 -10.0 10
154 -10.0 10
155 -10.0 10
156 -9.0 9
157 -9.0 9
158 -10.0 10
159 -10.0 10
160 -11.0 11
161 -9.0 9
162 -9.0 9
163 -9.0 9
164 -9.0 9
165 -9.0 9
166 -9.0 9
167 -9.0 9
168 -9.0 9
169 -9.0 9
170 -9.0 9
171 -9.0 9
172 -9.0 9
173 -9.0 9
174 -9.0 9
175 -9.0 9
176 -9.0 9
177 -9.0 9
178 -9.0 9
179 -9.0 9
180 -9.0 9
181 -9.0 9
182 -9.0 9
183 -9.0 9
184 -9.0 9
185 -9.0 9
186 -9.0 9
187 -9.0 9
188 -9.0 9
189 -9.0 9
190 -9.0 9
191 -9.0 9
192 -9.0 9
193 -9.0 9
194 -9.0 9
195 -9.0 9
196 -9.0 9
197 -9.0 9
198 -9.0 9
199 -9.0 9
0 -50.0 50
1 -50.0 50
2 -50.0 50
3 -50.0 50
4 -50.0 50
5 -50.0 50
6 -50.0 50
7 -50.0 50
8 -50.0 50
9 -50.0 50
10 -50.0 50
11 -50.0 50
12 -50.0 50
13 -50.0 50
14 -50.0 50
15 -50.0 50
16 -50.0 50
17 -50.0 50
18 -50.0 50
19 -50.0 50
20 -50.0 50
21 -50.0 50
22 -42.0 42
23 -50.0 50
24 -50.0 50
25 -50.0 50
26 -50.0 50
27 -50.0 50
28 -50.0 50
29 -42.0 42
30 -50.0 50
31 -50.0 50
32 -50.0 50
33 -50.0 50
34 -50.0 50
35 -50.0 50
36 -36.0 36
37 -50.0 50
38 -50.0 50
39 -50.0 50
40 -50.0 50
41 -50.0 50
42 -50.0 50
43 -50.0 50
44 -20.0 20
45 -33.0 33
46 -50.0 50
47 -50.0 50
48 -16.0 16
49 -9.0 9
50 -10.0 10
51 -9.0 9
52 -16.0 16
53 -20.0 20
54 -12.0 12
55 -17.0 17
56 -25.0 25
57 -14.0 14
58 -9.0 9
59 -11.0 11
60 -10.0 10
61 -14.0 14
62 -9.0 9
63 -15.0 15
64 -10.0 10
65 -9.0 9
66 -13.0 13
67 -35.0 35
68 -14.0 14
69 -9.0 9
70 -9.0 9
71 -12.0 12
72 -9.0 9
73 -9.0 9
74 -11.0 11
75 -9.0 9
76 -9.0 9
77 -10.0 10
78 -9.0 9
79 -9.0 9
80 -10.0 10
81 -9.0 9
82 -9.0 9
83 -9.0 9
84 -10.0 10
85 -19.0 19
86 -9.0 9
87 -9.0 9
88 -10.0 10
89 -11.0 11
90 -9.0 9
91 -17.0 17
92 -9.0 9
93 -12.0 12
94 -11.0 11
95 -10.0 10
96 -10.0 10
97 -11.0 11
98 -9.0 9
99 -11.0 11
100 -14.0 14
101 -10.0 10
102 -9.0 9
103 -13.0 13
104 -11.0 11
105 -11.0 11
106 -9.0 9
107 -9.0 9
108 -9.0 9
109 -9.0 9
110 -11.0 11
111 -9.0 9
112 -10.0 10
113 -9.0 9
114 -10.0 10
115 -9.0 9
116 -11.0 11
117 -9.0 9
118 -10.0 10
119 -11.0 11
120 -9.0 9
121 -15.0 15
122 -10.0 10
123 -11.0 11
124 -9.0 9
125 -11.0 11
126 -9.0 9
127 -9.0 9
128 -16.0 16
129 -11.0 11
130 -11.0 11
131 -9.0 9
132 -9.0 9
133 -11.0 11
134 -9.0 9
135 -10.0 10
136 -12.0 12
137 -9.0 9
138 -12.0 12
139 -9.0 9
140 -9.0 9
141 -9.0 9
142 -9.0 9
143 -10.0 10
144 -10.0 10
145 -10.0 10
146 -10.0 10
147 -9.0 9
148 -9.0 9
149 -9.0 9
150 -10.0 10
151 -9.0 9
152 -9.0 9
153 -9.0 9
154 -9.0 9
155 -11.0 11
156 -10.0 10
157 -9.0 9
158 -11.0 11
159 -9.0 9
160 -9.0 9
161 -9.0 9
162 -9.0 9
163 -9.0 9
164 -9.0 9
165 -9.0 9
166 -9.0 9
167 -9.0 9
168 -9.0 9
169 -9.0 9
170 -9.0 9
171 -9.0 9
172 -9.0 9
173 -9.0 9
174 -9.0 9
175 -9.0 9
176 -9.0 9
177 -9.0 9
178 -9.0 9
179 -9.0 9
180 -9.0 9
181 -9.0 9
182 -9.0 9
183 -9.0 9
184 -9.0 9
185 -9.0 9
186 -9.0 9
187 -9.0 9
188 -9.0 9
189 -9.0 9
190 -9.0 9
191 -9.0 9
192 -9.0 9
193 -9.0 9
194 -9.0 9
195 -9.0 9
196 -9.0 9
197 -9.0 9
198 -9.0 9
199 -9.0 9
0 -50.0 50
1 -50.0 50
2 -50.0 50
3 -27.0 27
4 -50.0 50
5 -50.0 50
6 -50.0 50
7 -50.0 50
8 -50.0 50
9 -50.0 50
10 -50.0 50
11 -50.0 50
12 -50.0 50
13 -50.0 50
14 -50.0 50
15 -50.0 50
16 -50.0 50
17 -50.0 50
18 -50.0 50
19 -50.0 50
20 -50.0 50
21 -40.0 40
22 -50.0 50
23 -50.0 50
24 -50.0 50
25 -50.0 50
26 -50.0 50
27 -50.0 50
28 -50.0 50
29 -50.0 50
30 -50.0 50
31 -50.0 50
32 -50.0 50
33 -50.0 50
34 -50.0 50
35 -50.0 50
36 -50.0 50
37 -18.0 18
38 -50.0 50
39 -14.0 14
40 -21.0 21
41 -22.0 22
42 -50.0 50
43 -50.0 50
44 -50.0 50
45 -50.0 50
46 -35.0 35
47 -50.0 50
48 -18.0 18
49 -16.0 16
50 -50.0 50
51 -16.0 16
52 -9.0 9
53 -12.0 12
54 -50.0 50
55 -11.0 11
56 -12.0 12
57 -18.0 18
58 -12.0 12
59 -12.0 12
60 -13.0 13
61 -16.0 16
62 -15.0 15
63 -17.0 17
64 -9.0 9
65 -9.0 9
66 -50.0 50
67 -12.0 12
68 -13.0 13
69 -12.0 12
70 -11.0 11
71 -12.0 12
72 -9.0 9
73 -14.0 14
74 -27.0 27
75 -10.0 10
76 -10.0 10
77 -9.0 9
78 -9.0 9
79 -9.0 9
80 -15.0 15
81 -10.0 10
82 -9.0 9
83 -11.0 11
84 -9.0 9
85 -9.0 9
86 -10.0 10
87 -9.0 9
88 -10.0 10
89 -9.0 9
90 -9.0 9
91 -9.0 9
92 -9.0 9
93 -9.0 9
94 -11.0 11
95 -9.0 9
96 -9.0 9
97 -9.0 9
98 -9.0 9
99 -9.0 9
100 -9.0 9
101 -9.0 9
102 -9.0 9
103 -10.0 10
104 -9.0 9
105 -10.0 10
106 -14.0 14
107 -9.0 9
108 -9.0 9
109 -10.0 10
110 -9.0 9
111 -9.0 9
112 -10.0 10
113 -9.0 9
114 -9.0 9
115 -9.0 9
116 -9.0 9
117 -9.0 9
118 -9.0 9
119 -9.0 9
120 -10.0 10
121 -9.0 9
122 -10.0 10
123 -10.0 10
124 -9.0 9
125 -9.0 9
126 -9.0 9
127 -10.0 10
128 -17.0 17
129 -11.0 11
130 -9.0 9
131 -11.0 11
132 -11.0 11
133 -9.0 9
134 -9.0 9
135 -10.0 10
136 -9.0 9
137 -11.0 11
138 -9.0 9
139 -10.0 10
140 -10.0 10
141 -10.0 10
142 -9.0 9
143 -10.0 10
144 -9.0 9
145 -9.0 9
146 -13.0 13
147 -19.0 19
148 -11.0 11
149 -13.0 13
150 -10.0 10
151 -13.0 13
152 -9.0 9
153 -9.0 9
154 -10.0 10
155 -10.0 10
156 -10.0 10
157 -10.0 10
158 -9.0 9
159 -9.0 9
160 -9.0 9
161 -9.0 9
162 -9.0 9
163 -9.0 9
164 -9.0 9
165 -9.0 9
166 -9.0 9
167 -9.0 9
168 -9.0 9
169 -9.0 9
170 -9.0 9
171 -9.0 9
172 -9.0 9
173 -9.0 9
174 -9.0 9
175 -9.0 9
176 -9.0 9
177 -9.0 9
178 -9.0 9
179 -9.0 9
180 -9.0 9
181 -9.0 9
182 -9.0 9
183 -9.0 9
184 -9.0 9
185 -9.0 9
186 -9.0 9
187 -9.0 9
188 -9.0 9
189 -9.0 9
190 -9.0 9
191 -9.0 9
192 -9.0 9
193 -9.0 9
194 -9.0 9
195 -9.0 9
196 -9.0 9
197 -9.0 9
198 -9.0 9
199 -9.0 9
0 -50.0 50
1 -50.0 50
2 -50.0 50
3 -50.0 50
4 -50.0 50
5 -50.0 50
6 -50.0 50
7 -50.0 50
8 -50.0 50
9 -50.0 50
10 -22.0 22
11 -50.0 50
12 -50.0 50
13 -50.0 50
14 -50.0 50
15 -50.0 50
16 -50.0 50
17 -50.0 50
18 -50.0 50
19 -50.0 50
20 -50.0 50
21 -50.0 50
22 -50.0 50
23 -50.0 50
24 -50.0 50
25 -50.0 50
26 -50.0 50
27 -50.0 50
28 -50.0 50
29 -50.0 50
30 -50.0 50
31 -50.0 50
32 -50.0 50
33 -28.0 28
34 -50.0 50
35 -32.0 32
36 -50.0 50
37 -50.0 50
38 -50.0 50
39 -50.0 50
40 -50.0 50
41 -50.0 50
42 -50.0 50
43 -26.0 26
44 -17.0 17
45 -24.0 24
46 -20.0 20
47 -18.0 18
48 -35.0 35
49 -50.0 50
50 -50.0 50
51 -50.0 50
52 -32.0 32
53 -10.0 10
54 -15.0 15
55 -24.0 24
56 -40.0 40
57 -21.0 21
58 -9.0 9
59 -9.0 9
60 -9.0 9
61 -13.0 13
62 -11.0 11
63 -12.0 12
64 -15.0 15
65 -11.0 11
66 -11.0 11
67 -9.0 9
68 -11.0 11
69 -9.0 9
70 -11.0 11
71 -9.0 9
72 -10.0 10
73 -12.0 12
74 -13.0 13
75 -9.0 9
76 -9.0 9
77 -13.0 13
78 -9.0 9
79 -10.0 10
80 -10.0 10
81 -28.0 28
82 -10.0 10
83 -9.0 9
84 -9.0 9
85 -11.0 11
86 -9.0 9
87 -9.0 9
88 -14.0 14
89 -12.0 12
90 -9.0 9
91 -9.0 9
92 -10.0 10
93 -9.0 9
94 -11.0 11
95 -9.0 9
96 -10.0 10
97 -13.0 13
98 -9.0 9
99 -9.0 9
100 -9.0 9
101 -10.0 10
102 -9.0 9
103 -9.0 9
104 -13.0 13
105 -11.0 11
106 -11.0 11
107 -9.0 9
108 -11.0 11
109 -10.0 10
110 -10.0 10
111 -9.0 9
112 -12.0 12
113 -9.0 9
114 -9.0 9
115 -12.0 12
116 -10.0 10
117 -10.0 10
118 -49.0 49
119 -12.0 12
120 -9.0 9
121 -9.0 9
122 -9.0 9
123 -9.0 9
124 -9.0 9
125 -9.0 9
126 -12.0 12
127 -11.0 11
128 -12.0 12
129 -12.0 12
130 -9.0 9
131 -10.0 10
132 -11.0 11
133 -10.0 10
134 -13.0 13
135 -9.0 9
136 -9.0 9
137 -16.0 16
138 -10.0 10
139 -9.0 9
140 -10.0 10
141 -9.0 9
142 -9.0 9
143 -9.0 9
144 -10.0 10
145 -10.0 10
146 -9.0 9
147 -10.0 10
148 -11.0 11
149 -10.0 10
150 -9.0 9
151 -9.0 9
152 -9.0 9
153 -9.0 9
154 -9.0 9
155 -10.0 10
156 -9.0 9
157 -9.0 9
158 -9.0 9
159 -9.0 9
160 -9.0 9
161 -9.0 9
162 -9.0 9
163 -9.0 9
164 -9.0 9
165 -9.0 9
166 -9.0 9
167 -9.0 9
168 -9.0 9
169 -9.0 9
170 -9.0 9
171 -9.0 9
172 -9.0 9
173 -9.0 9
174 -9.0 9
175 -9.0 9
176 -9.0 9
177 -9.0 9
178 -9.0 9
179 -9.0 9
180 -9.0 9
181 -9.0 9
182 -9.0 9
183 -9.0 9
184 -9.0 9
185 -9.0 9
186 -9.0 9
187 -9.0 9
188 -9.0 9
189 -9.0 9
190 -9.0 9
191 -9.0 9
192 -9.0 9
193 -9.0 9
194 -9.0 9
195 -9.0 9
196 -9.0 9
197 -9.0 9
198 -9.0 9
199 -9.0 9
0 -50.0 50
1 -50.0 50
2 -50.0 50
3 -26.0 26
4 -50.0 50
5 -50.0 50
6 -50.0 50
7 -50.0 50
8 -50.0 50
9 -50.0 50
10 -50.0 50
11 -50.0 50
12 -50.0 50
13 -50.0 50
14 -50.0 50
15 -50.0 50
16 -50.0 50
17 -50.0 50
18 -50.0 50
19 -50.0 50
20 -50.0 50
21 -50.0 50
22 -50.0 50
23 -50.0 50
24 -50.0 50
25 -50.0 50
26 -50.0 50
27 -50.0 50
28 -50.0 50
29 -50.0 50
30 -50.0 50
31 -50.0 50
32 -49.0 49
33 -50.0 50
34 -34.0 34
35 -50.0 50
36 -50.0 50
37 -50.0 50
38 -29.0 29
39 -50.0 50
40 -50.0 50
41 -50.0 50
42 -50.0 50
43 -37.0 37
44 -50.0 50
45 -50.0 50
46 -50.0 50
47 -50.0 50
48 -50.0 50
49 -50.0 50
50 -50.0 50
51 -26.0 26
52 -21.0 21
53 -22.0 22
54 -17.0 17
55 -11.0 11
56 -9.0 9
57 -10.0 10
58 -10.0 10
59 -10.0 10
60 -13.0 13
61 -14.0 14
62 -17.0 17
63 -10.0 10
64 -10.0 10
65 -9.0 9
66 -9.0 9
67 -11.0 11
68 -9.0 9
69 -12.0 12
70 -9.0 9
71 -11.0 11
72 -9.0 9
73 -9.0 9
74 -10.0 10
75 -9.0 9
76 -22.0 22
77 -50.0 50
78 -16.0 16
79 -12.0 12
80 -20.0 20
81 -11.0 11
82 -11.0 11
83 -9.0 9
84 -10.0 10
85 -9.0 9
86 -9.0 9
87 -11.0 11
88 -9.0 9
89 -12.0 12
90 -9.0 9
91 -11.0 11
92 -9.0 9
93 -14.0 14
94 -10.0 10
95 -10.0 10
96 -9.0 9
97 -9.0 9
98 -13.0 13
99 -11.0 11
100 -11.0 11
101 -13.0 13
102 -9.0 9
103 -11.0 11
104 -13.0 13
105 -10.0 10
106 -9.0 9
107 -10.0 10
108 -11.0 11
109 -9.0 9
110 -10.0 10
111 -9.0 9
112 -9.0 9
113 -12.0 12
114 -13.0 13
115 -10.0 10
116 -10.0 10
117 -11.0 11
118 -9.0 9
119 -10.0 10
120 -10.0 10
121 -10.0 10
122 -9.0 9
123 -10.0 10
124 -9.0 9
125 -18.0 18
126 -13.0 13
127 -9.0 9
128 -9.0 9
129 -9.0 9
130 -10.0 10
131 -10.0 10
132 -9.0 9
133 -9.0 9
134 -10.0 10
135 -9.0 9
136 -10.0 10
137 -10.0 10
138 -9.0 9
139 -19.0 19
140 -9.0 9
141 -9.0 9
142 -11.0 11
143 -18.0 18
144 -9.0 9
145 -17.0 17
146 -15.0 15
147 -10.0 10
148 -9.0 9
149 -13.0 13
150 -9.0 9
151 -10.0 10
152 -13.0 13
153 -9.0 9
154 -10.0 10
155 -10.0 10
156 -9.0 9
157 -9.0 9
158 -9.0 9
159 -9.0 9
160 -9.0 9
161 -9.0 9
162 -9.0 9
163 -9.0 9
164 -9.0 9
165 -9.0 9
166 -9.0 9
167 -9.0 9
168 -9.0 9
169 -9.0 9
170 -9.0 9
171 -9.0 9
172 -9.0 9
173 -9.0 9
174 -9.0 9
175 -9.0 9
176 -9.0 9
177 -9.0 9
178 -9.0 9
179 -9.0 9
180 -9.0 9
181 -9.0 9
182 -9.0 9
183 -9.0 9
184 -9.0 9
185 -9.0 9
186 -9.0 9
187 -9.0 9
188 -9.0 9
189 -9.0 9
190 -9.0 9
191 -9.0 9
192 -9.0 9
193 -9.0 9
194 -9.0 9
195 -9.0 9
196 -9.0 9
197 -9.0 9
198 -9.0 9
199 -9.0 9
0 -50.0 50
1 -50.0 50
2 -50.0 50
3 -50.0 50
4 -50.0 50
5 -42.0 42
6 -50.0 50
7 -50.0 50
8 -50.0 50
9 -50.0 50
10 -50.0 50
11 -50.0 50
12 -50.0 50
13 -50.0 50
14 -50.0 50
15 -50.0 50
16 -44.0 44
17 -50.0 50
18 -50.0 50
19 -50.0 50
20 -50.0 50
21 -50.0 50
22 -50.0 50
23 -50.0 50
24 -50.0 50
25 -50.0 50
26 -50.0 50
27 -50.0 50
28 -50.0 50
29 -50.0 50
30 -11.0 11
31 -50.0 50
32 -50.0 50
33 -35.0 35
34 -50.0 50
35 -50.0 50
36 -50.0 50
37 -26.0 26
38 -50.0 50
39 -50.0 50
40 -50.0 50
41 -44.0 44
42 -17.0 17
43 -41.0 41
44 -50.0 50
45 -50.0 50
46 -39.0 39
47 -14.0 14
48 -44.0 44
49 -25.0 25
50 -50.0 50
51 -50.0 50
52 -20.0 20
53 -31.0 31
54 -34.0 34
55 -15.0 15
56 -14.0 14
57 -18.0 18
58 -10.0 10
59 -11.0 11
60 -11.0 11
61 -11.0 11
62 -34.0 34
63 -9.0 9
64 -9.0 9
65 -11.0 11
66 -9.0 9
67 -9.0 9
68 -10.0 10
69 -12.0 12
70 -10.0 10
71 -9.0 9
72 -9.0 9
73 -50.0 50
74 -10.0 10
75 -11.0 11
76 -13.0 13
77 -9.0 9
78 -9.0 9
79 -9.0 9
80 -9.0 9
81 -9.0 9
82 -10.0 10
83 -26.0 26
84 -9.0 9
85 -11.0 11
86 -10.0 10
87 -9.0 9
88 -10.0 10
89 -9.0 9
90 -9.0 9
91 -9.0 9
92 -17.0 17
93 -10.0 10
94 -11.0 11
95 -9.0 9
96 -10.0 10
97 -12.0 12
98 -9.0 9
99 -10.0 10
100 -13.0 13
101 -14.0 14
102 -10.0 10
103 -10.0 10
104 -11.0 11
105 -9.0 9
106 -9.0 9
107 -11.0 11
108 -10.0 10
109 -9.0 9
110 -15.0 15
111 -9.0 9
112 -12.0 12
113 -9.0 9
114 -9.0 9
115 -11.0 11
116 -10.0 10
117 -9.0 9
118 -9.0 9
119 -9.0 9
120 -9.0 9
121 -9.0 9
122 -10.0 10
123 -13.0 13
124 -18.0 18
125 -9.0 9
126 -10.0 10
127 -9.0 9
128 -9.0 9
129 -10.0 10
130 -9.0 9
131 -10.0 10
132 -11.0 11
133 -9.0 9
134 -18.0 18
135 -9.0 9
136 -13.0 13
137 -11.0 11
138 -10.0 10
139 -21.0 21
140 -10.0 10
141 -9.0 9
142 -15.0 15
143 -10.0 10
144 -9.0 9
145 -21.0 21
146 -11.0 11
147 -9.0 9
148 -10.0 10
149 -9.0 9
150 -10.0 10
151 -9.0 9
152 -9.0 9
153 -12.0 12
154 -10.0 10
155 -10.0 10
156 -9.0 9
157 -9.0 9
158 -9.0 9
159 -9.0 9
160 -10.0 10
161 -9.0 9
162 -11.0 11
163 -9.0 9
164 -9.0 9
165 -9.0 9
166 -9.0 9
167 -9.0 9
168 -9.0 9
169 -9.0 9
170 -9.0 9
171 -9.0 9
172 -9.0 9
173 -9.0 9
174 -9.0 9
175 -9.0 9
176 -9.0 9
177 -9.0 9
178 -9.0 9
179 -9.0 9
180 -9.0 9
181 -9.0 9
182 -9.0 9
183 -9.0 9
184 -9.0 9
185 -9.0 9
186 -9.0 9
187 -9.0 9
188 -9.0 9
189 -9.0 9
190 -9.0 9
191 -9.0 9
192 -9.0 9
193 -9.0 9
194 -9.0 9
195 -9.0 9
196 -9.0 9
197 -9.0 9
198 -9.0 9
199 -9.0 9
