0 -50.0 50
1 -38.0 38
2 -47.0 47
3 -32.0 32
4 -50.0 50
5 -50.0 50
6 -50.0 50
7 -14.0 14
8 -14.0 14
9 -7.0 7
0 -50.0 50
1 -50.0 50
2 -36.0 36
3 -23.0 23
4 -50.0 50
5 -50.0 50
6 -50.0 50
7 -21.0 21
8 -50.0 50
9 -28.0 28
0 -50.0 50
1 -50.0 50
2 -50.0 50
3 -27.0 27
4 -43.0 43
5 -50.0 50
6 -13.0 13
7 -11.0 11
8 -11.0 11
9 -13.0 13
0 -39.0 39
1 -50.0 50
2 -50.0 50
3 -43.0 43
4 -50.0 50
5 -24.0 24
6 -28.0 28
7 -26.0 26
8 -9.0 9
9 -9.0 9
0 -50.0 50
1 -50.0 50
2 -40.0 40
3 -50.0 50
4 -46.0 46
5 -14.0 14
6 -26.0 26
7 -10.0 10
8 -42.0 42
9 -35.0 35
0 -35.0 35
1 -50.0 50
2 -50.0 50
3 -50.0 50
4 -29.0 29
5 -46.0 46
6 -50.0 50
7 -25.0 25
8 -24.0 24
9 -7.0 7
0 -50.0 50
1 -50.0 50
2 -50.0 50
3 -43.0 43
4 -40.0 40
5 -36.0 36
6 -11.0 11
7 -16.0 16
8 -49.0 49
9 -22.0 22
0 -50.0 50
1 -50.0 50
2 -50.0 50
3 -16.0 16
4 -50.0 50
5 -33.0 33
6 -35.0 35
7 -33.0 33
8 -9.0 9
9 -7.0 7
0 -37.0 37
1 -50.0 50
2 -50.0 50
3 -43.0 43
4 -50.0 50
5 -50.0 50
6 -9.0 9
7 -11.0 11
8 -50.0 50
9 -18.0 18
0 -50.0 50
1 -50.0 50
2 -39.0 39
3 -42.0 42
4 -50.0 50
5 -31.0 31
6 -47.0 47
7 -18.0 18
8 -10.0 10
9 -9.0 9
0 -50.0 50
1 -32.0 32
2 -50.0 50
3 -50.0 50
4 -44.0 44
5 -50.0 50
6 -26.0 26
7 -32.0 32
8 -38.0 38
9 -17.0 17
0 -50.0 50
1 -50.0 50
2 -50.0 50
3 -50.0 50
4 -35.0 35
5 -50.0 50
6 -9.0 9
7 -8.0 8
8 -23.0 23
9 -9.0 9
0 -50.0 50
1 -50.0 50
2 -50.0 50
3 -50.0 50
4 -20.0 20
5 -26.0 26
6 -50.0 50
7 -44.0 44
8 -11.0 11
9 -12.0 12
0 -31.0 31
1 -50.0 50
2 -50.0 50
3 -46.0 46
4 -50.0 50
5 -45.0 45
6 -32.0 32
7 -9.0 9
8 -7.0 7
9 -7.0 7
0 -50.0 50
1 -50.0 50
2 -23.0 23
3 -50.0 50
4 -50.0 50
5 -39.0 39
6 -25.0 25
7 -11.0 11
8 -50.0 50
9 -25.0 25
0 -25.0 25
1 -50.0 50
2 -50.0 50
3 -50.0 50
4 -41.0 41
5 -17.0 17
6 -21.0 21
7 -23.0 23
8 -38.0 38
9 -15.0 15
0 -50.0 50
1 -50.0 50
2 -26.0 26
3 -50.0 50
4 -50.0 50
5 -11.0 11
6 -18.0 18
7 -29.0 29
8 -19.0 19
9 -23.0 23
0 -50.0 50
1 -47.0 47
2 -50.0 50
3 -50.0 50
4 -36.0 36
5 -50.0 50
6 -50.0 50
7 -47.0 47
8 -8.0 8
9 -10.0 10
0 -42.0 42
1 -50.0 50
2 -50.0 50
3 -28.0 28
4 -50.0 50
5 -20.0 20
6 -14.0 14
7 -13.0 13
8 -50.0 50
9 -18.0 18
0 -50.0 50
1 -31.0 31
2 -50.0 50
3 -50.0 50
4 -48.0 48
5 -19.0 19
6 -23.0 23
7 -50.0 50
8 -47.0 47
9 -45.0 45
0 -50.0 50
1 -50.0 50
2 -50.0 50
3 -22.0 22
4 -50.0 50
5 -50.0 50
6 -9.0 9
7 -20.0 20
8 -15.0 15
9 -7.0 7
0 -50.0 50
1 -50.0 50
2 -50.0 50
3 -33.0 33
4 -37.0 37
5 -50.0 50
6 -50.0 50
7 -17.0 17
8 -14.0 14
9 -9.0 9
0 -50.0 50
1 -50.0 50
2 -50.0 50
3 -20.0 20
4 -50.0 50
5 -20.0 20
6 -50.0 50
7 -20.0 20
8 -14.0 14
9 -9.0 9
0 -50.0 50
1 -50.0 50
2 -50.0 50
3 -16.0 16
4 -50.0 50
5 -50.0 50
6 -32.0 32
7 -14.0 14
8 -12.0 12
9 -9.0 9
0 -50.0 50
1 -50.0 50
2 -26.0 26
3 -50.0 50
4 -29.0 29
5 -50.0 50
6 -23.0 23
7 -49.0 49
8 -33.0 33
9 -26.0 26
0 -50.0 50
1 -42.0 42
2 -50.0 50
3 -19.0 19
4 -50.0 50
5 -50.0 50
6 -50.0 50
7 -10.0 10
8 -15.0 15
9 -7.0 7
0 -50.0 50
1 -50.0 50
2 -50.0 50
3 -28.0 28
4 -38.0 38
5 -50.0 50
6 -50.0 50
7 -25.0 25
8 -9.0 9
9 -7.0 7
0 -50.0 50
1 -36.0 36
2 -50.0 50
3 -44.0 44
4 -40.0 40
5 -44.0 44
6 -18.0 18
7 -18.0 18
8 -50.0 50
9 -30.0 30
0 -50.0 50
1 -40.0 40
2 -50.0 50
3 -50.0 50
4 -50.0 50
5 -39.0 39
6 -26.0 26
7 -21.0 21
8 -10.0 10
9 -7.0 7
0 -50.0 50
1 -50.0 50
2 -48.0 48
3 -20.0 20
4 -50.0 50
5 -40.0 40
6 -50.0 50
7 -42.0 42
8 -39.0 39
9 -10.0 10
0 -50.0 50
1 -50.0 50
2 -37.0 37
3 -50.0 50
4 -31.0 31
5 -50.0 50
6 -28.0 28
7 -27.0 27
8 -48.0 48
9 -25.0 25
0 -50.0 50
1 -50.0 50
2 -50.0 50
3 -31.0 31
4 -40.0 40
5 -50.0 50
6 -10.0 10
7 -16.0 16
8 -50.0 50
9 -21.0 21
0 -32.0 32
1 -50.0 50
2 -43.0 43
3 -50.0 50
4 -36.0 36
5 -50.0 50
6 -26.0 26
7 -35.0 35
8 -28.0 28
9 -9.0 9
0 -50.0 50
1 -50.0 50
2 -23.0 23
3 -50.0 50
4 -32.0 32
5 -50.0 50
6 -50.0 50
7 -50.0 50
8 -23.0 23
9 -7.0 7
0 -50.0 50
1 -15.0 15
2 -50.0 50
3 -50.0 50
4 -36.0 36
5 -27.0 27
6 -22.0 22
7 -34.0 34
8 -33.0 33
9 -50.0 50
0 -50.0 50
1 -50.0 50
2 -50.0 50
3 -18.0 18
4 -43.0 43
5 -50.0 50
6 -50.0 50
7 -50.0 50
8 -31.0 31
9 -13.0 13
0 -50.0 50
1 -50.0 50
2 -50.0 50
3 -35.0 35
4 -30.0 30
5 -50.0 50
6 -50.0 50
7 -38.0 38
8 -50.0 50
9 -36.0 36
0 -50.0 50
1 -50.0 50
2 -50.0 50
3 -50.0 50
4 -39.0 39
5 -50.0 50
6 -18.0 18
7 -15.0 15
8 -13.0 13
9 -8.0 8
0 -50.0 50
1 -47.0 47
2 -36.0 36
3 -39.0 39
4 -50.0 50
5 -50.0 50
6 -21.0 21
7 -12.0 12
8 -12.0 12
9 -12.0 12
0 -50.0 50
1 -50.0 50
2 -32.0 32
3 -50.0 50
4 -50.0 50
5 -25.0 25
6 -46.0 46
7 -15.0 15
8 -11.0 11
9 -15.0 15
