0 -50.0 50
1 -50.0 50
2 -50.0 50
3 -50.0 50
4 -40.0 40
5 -50.0 50
6 -50.0 50
7 -50.0 50
8 -50.0 50
9 -50.0 50
10 -50.0 50
11 -50.0 50
12 -50.0 50
13 -50.0 50
14 -50.0 50
0 -50.0 50
1 -50.0 50
2 -50.0 50
3 -50.0 50
4 -50.0 50
5 -50.0 50
6 -50.0 50
7 -43.0 43
8 -50.0 50
9 -50.0 50
10 -50.0 50
11 -50.0 50
12 -50.0 50
13 -50.0 50
14 -50.0 50
0 -50.0 50
1 -50.0 50
2 -50.0 50
3 -50.0 50
4 -49.0 49
5 -50.0 50
6 -50.0 50
7 -50.0 50
8 -50.0 50
9 -50.0 50
10 -50.0 50
11 -50.0 50
12 -50.0 50
13 -50.0 50
14 -50.0 50
0 -50.0 50
1 -50.0 50
2 -50.0 50
3 -50.0 50
4 -50.0 50
5 -50.0 50
6 -50.0 50
7 -50.0 50
8 -44.0 44
9 -50.0 50
10 -50.0 50
11 -50.0 50
12 -50.0 50
13 -50.0 50
14 -50.0 50
0 -50.0 50
1 -50.0 50
2 -50.0 50
3 -50.0 50
4 -50.0 50
5 -50.0 50
6 -50.0 50
7 -50.0 50
8 -50.0 50
9 -50.0 50
10 -50.0 50
11 -50.0 50
12 -50.0 50
13 -50.0 50
14 -50.0 50
0 -50.0 50
1 -50.0 50
2 -50.0 50
3 -25.0 25
4 -50.0 50
5 -50.0 50
6 -50.0 50
7 -50.0 50
8 -50.0 50
9 -50.0 50
10 -50.0 50
11 -50.0 50
12 -50.0 50
13 -50.0 50
14 -50.0 50
0 -50.0 50
1 -50.0 50
2 -50.0 50
3 -50.0 50
4 -50.0 50
5 -50.0 50
6 -50.0 50
7 -50.0 50
8 -50.0 50
9 -50.0 50
10 -50.0 50
11 -50.0 50
12 -50.0 50
13 -50.0 50
14 -49.0 49
0 -50.0 50
1 -50.0 50
2 -50.0 50
3 -50.0 50
4 -50.0 50
5 -50.0 50
6 -50.0 50
7 -50.0 50
8 -50.0 50
9 -50.0 50
10 -50.0 50
11 -50.0 50
12 -50.0 50
13 -50.0 50
14 -50.0 50
0 -50.0 50
1 -50.0 50
2 -50.0 50
3 -50.0 50
4 -50.0 50
5 -50.0 50
6 -50.0 50
7 -50.0 50
8 -50.0 50
9 -50.0 50
10 -50.0 50
11 -50.0 50
12 -50.0 50
13 -50.0 50
14 -50.0 50
0 -50.0 50
1 -50.0 50
2 -50.0 50
3 -50.0 50
4 -50.0 50
5 -50.0 50
6 -50.0 50
7 -50.0 50
8 -50.0 50
9 -50.0 50
10 -50.0 50
11 -50.0 50
12 -50.0 50
13 -50.0 50
14 -50.0 50
0 -50.0 50
1 -50.0 50
2 -50.0 50
3 -50.0 50
4 -50.0 50
5 -50.0 50
6 -50.0 50
7 -29.0 29
8 -50.0 50
9 -50.0 50
10 -50.0 50
11 -50.0 50
12 -50.0 50
13 -50.0 50
14 -50.0 50
0 -50.0 50
1 -50.0 50
2 -50.0 50
3 -50.0 50
4 -50.0 50
5 -50.0 50
6 -50.0 50
7 -50.0 50
8 -50.0 50
9 -50.0 50
10 -50.0 50
11 -50.0 50
12 -50.0 50
13 -50.0 50
14 -50.0 50
0 -50.0 50
1 -50.0 50
2 -50.0 50
3 -50.0 50
4 -50.0 50
5 -50.0 50
6 -50.0 50
7 -50.0 50
8 -50.0 50
9 -50.0 50
10 -50.0 50
11 -19.0 19
12 -50.0 50
13 -50.0 50
14 -50.0 50
0 -50.0 50
1 -50.0 50
2 -50.0 50
3 -50.0 50
4 -50.0 50
5 -50.0 50
6 -50.0 50
7 -50.0 50
8 -50.0 50
9 -50.0 50
10 -50.0 50
11 -50.0 50
12 -50.0 50
13 -36.0 36
14 -50.0 50
0 -50.0 50
1 -50.0 50
2 -50.0 50
3 -50.0 50
4 -50.0 50
5 -50.0 50
6 -50.0 50
7 -50.0 50
8 -50.0 50
9 -50.0 50
10 -50.0 50
11 -50.0 50
12 -50.0 50
13 -48.0 48
14 -50.0 50
0 -50.0 50
1 -50.0 50
2 -50.0 50
3 -50.0 50
4 -50.0 50
5 -13.0 13
6 -50.0 50
7 -50.0 50
8 -50.0 50
9 -50.0 50
10 -50.0 50
11 -50.0 50
12 -50.0 50
13 -50.0 50
14 -50.0 50
0 -50.0 50
1 -50.0 50
2 -50.0 50
3 -50.0 50
4 -50.0 50
5 -50.0 50
6 -50.0 50
7 -50.0 50
8 -50.0 50
9 -50.0 50
10 -50.0 50
11 -50.0 50
12 -50.0 50
13 -50.0 50
14 -50.0 50
0 -50.0 50
1 -50.0 50
2 -42.0 42
3 -50.0 50
4 -50.0 50
5 -50.0 50
6 -50.0 50
7 -50.0 50
8 -50.0 50
9 -50.0 50
10 -50.0 50
11 -50.0 50
12 -50.0 50
13 -50.0 50
14 -50.0 50
0 -50.0 50
1 -50.0 50
2 -50.0 50
3 -50.0 50
4 -50.0 50
5 -50.0 50
6 -50.0 50
7 -50.0 50
8 -50.0 50
9 -50.0 50
10 -50.0 50
11 -50.0 50
12 -34.0 34
13 -50.0 50
14 -50.0 50
0 -50.0 50
1 -50.0 50
2 -50.0 50
3 -50.0 50
4 -50.0 50
5 -50.0 50
6 -50.0 50
7 -50.0 50
8 -50.0 50
9 -50.0 50
10 -50.0 50
11 -25.0 25
12 -50.0 50
13 -50.0 50
14 -50.0 50
