
0 -50.0 50
10 -50.0 50
20 -7.0 7
27 -7.0 7
0 -50.0 50
10 -7.0 7
20 -7.0 7
27 -7.0 7
0 -50.0 50
10 -50.0 50
20 -7.0 7
27 -7.0 7
0 -50.0 50
10 -50.0 50
20 -8.0 8
27 -7.0 7
0 -50.0 50
10 -7.0 7
20 -7.0 7
27 -7.0 7
0 -50.0 50
10 -50.0 50
20 -7.0 7
27 -7.0 7
0 -50.0 50
10 -50.0 50
20 -50.0 50
27 -7.0 7
0 -50.0 50
10 -50.0 50
20 -7.0 7
27 -7.0 7
0 -50.0 50
10 -7.0 7
20 -50.0 50
27 -7.0 7
0 -50.0 50
10 -50.0 50
20 -7.0 7
27 -7.0 7
0 -50.0 50
10 -7.0 7
20 -7.0 7
27 -7.0 7
0 -50.0 50
10 -50.0 50
20 -7.0 7
27 -7.0 7
0 -50.0 50
10 -50.0 50
20 -50.0 50
27 -7.0 7
0 -50.0 50
10 -8.0 8
20 -7.0 7
27 -7.0 7
0 -50.0 50
10 -50.0 50
20 -50.0 50
27 -7.0 7
0 -50.0 50
10 -50.0 50
20 -50.0 50
27 -7.0 7
0 -50.0 50
10 -50.0 50
20 -50.0 50
27 -7.0 7
0 -50.0 50
10 -50.0 50
20 -7.0 7
27 -7.0 7
0 -50.0 50
10 -50.0 50
20 -7.0 7
27 -7.0 7
0 -50.0 50
10 -50.0 50
20 -7.0 7
27 -7.0 7
0 -50.0 50
10 -50.0 50
20 -50.0 50
27 -7.0 7
0 -50.0 50
10 -7.0 7
20 -7.0 7
27 -50.0 50
0 -50.0 50
10 -50.0 50
20 -7.0 7
27 -7.0 7
0 -50.0 50
10 -50.0 50
20 -7.0 7
27 -7.0 7
0 -50.0 50
10 -50.0 50
20 -7.0 7
27 -7.0 7
0 -50.0 50
10 -50.0 50
20 -50.0 50
27 -7.0 7
0 -50.0 50
10 -7.0 7
20 -7.0 7
27 -7.0 7
0 -50.0 50
10 -50.0 50
20 -7.0 7
27 -7.0 7
0 -50.0 50
10 -50.0 50
20 -7.0 7
27 -7.0 7
0 -50.0 50
10 -7.0 7
20 -8.0 8
27 -7.0 7
0 -50.0 50
10 -8.0 8
20 -50.0 50
27 -7.0 7
0 -50.0 50
10 -50.0 50
20 -50.0 50
27 -7.0 7
0 -50.0 50
10 -50.0 50
20 -7.0 7
27 -50.0 50
0 -50.0 50
10 -50.0 50
20 -7.0 7
27 -7.0 7
0 -50.0 50
10 -7.0 7
20 -50.0 50
27 -7.0 7
0 -50.0 50
10 -50.0 50
20 -7.0 7
27 -7.0 7
0 -50.0 50
10 -50.0 50
20 -50.0 50
27 -7.0 7
0 -50.0 50
10 -50.0 50
20 -7.0 7
27 -7.0 7
0 -50.0 50
10 -7.0 7
20 -7.0 7
27 -7.0 7
0 -50.0 50
10 -7.0 7
20 -7.0 7
27 -7.0 7