0 -50.0 50
1 -47.0 47
2 -50.0 50
3 -50.0 50
4 -50.0 50
5 -26.0 26
6 -28.0 28
7 -12.0 12
0 -50.0 50
1 -50.0 50
2 -37.0 37
3 -44.0 44
4 -50.0 50
5 -16.0 16
6 -36.0 36
7 -7.0 7
0 -45.0 45
1 -50.0 50
2 -50.0 50
3 -50.0 50
4 -20.0 20
5 -31.0 31
6 -22.0 22
7 -42.0 42
0 -50.0 50
1 -50.0 50
2 -50.0 50
3 -43.0 43
4 -34.0 34
5 -44.0 44
6 -44.0 44
7 -10.0 10
0 -50.0 50
1 -50.0 50
2 -50.0 50
3 -50.0 50
4 -15.0 15
5 -14.0 14
6 -12.0 12
7 -18.0 18
0 -50.0 50
1 -50.0 50
2 -18.0 18
3 -50.0 50
4 -50.0 50
5 -50.0 50
6 -20.0 20
7 -50.0 50
0 -50.0 50
1 -31.0 31
2 -50.0 50
3 -50.0 50
4 -41.0 41
5 -50.0 50
6 -36.0 36
7 -24.0 24
0 -50.0 50
1 -37.0 37
2 -50.0 50
3 -50.0 50
4 -44.0 44
5 -50.0 50
6 -31.0 31
7 -11.0 11
0 -50.0 50
1 -50.0 50
2 -50.0 50
3 -22.0 22
4 -41.0 41
5 -29.0 29
6 -24.0 24
7 -47.0 47
0 -50.0 50
1 -45.0 45
2 -50.0 50
3 -44.0 44
4 -50.0 50
5 -46.0 46
6 -25.0 25
7 -14.0 14
0 -50.0 50
1 -22.0 22
2 -50.0 50
3 -50.0 50
4 -50.0 50
5 -22.0 22
6 -22.0 22
7 -25.0 25
0 -50.0 50
1 -50.0 50
2 -50.0 50
3 -18.0 18
4 -26.0 26
5 -20.0 20
6 -50.0 50
7 -23.0 23
0 -50.0 50
1 -45.0 45
2 -50.0 50
3 -35.0 35
4 -34.0 34
5 -50.0 50
6 -23.0 23
7 -40.0 40
0 -39.0 39
1 -50.0 50
2 -50.0 50
3 -40.0 40
4 -50.0 50
5 -17.0 17
6 -14.0 14
7 -9.0 9
0 -50.0 50
1 -50.0 50
2 -50.0 50
3 -26.0 26
4 -50.0 50
5 -50.0 50
6 -50.0 50
7 -13.0 13
0 -50.0 50
1 -50.0 50
2 -50.0 50
3 -50.0 50
4 -50.0 50
5 -17.0 17
6 -15.0 15
7 -12.0 12
0 -31.0 31
1 -50.0 50
2 -50.0 50
3 -50.0 50
4 -50.0 50
5 -21.0 21
6 -26.0 26
7 -50.0 50
0 -50.0 50
1 -50.0 50
2 -50.0 50
3 -43.0 43
4 -47.0 47
5 -50.0 50
6 -37.0 37
7 -21.0 21
0 -48.0 48
1 -50.0 50
2 -33.0 33
3 -50.0 50
4 -50.0 50
5 -50.0 50
6 -50.0 50
7 -25.0 25
0 -50.0 50
1 -50.0 50
2 -50.0 50
3 -46.0 46
4 -50.0 50
5 -27.0 27
6 -31.0 31
7 -35.0 35
0 -50.0 50
1 -50.0 50
2 -38.0 38
3 -41.0 41
4 -50.0 50
5 -48.0 48
6 -26.0 26
7 -30.0 30
0 -33.0 33
1 -50.0 50
2 -50.0 50
3 -50.0 50
4 -17.0 17
5 -42.0 42
6 -50.0 50
7 -50.0 50
0 -50.0 50
1 -36.0 36
2 -50.0 50
3 -50.0 50
4 -50.0 50
5 -38.0 38
6 -19.0 19
7 -7.0 7
0 -50.0 50
1 -50.0 50
2 -49.0 49
3 -34.0 34
4 -50.0 50
5 -50.0 50
6 -19.0 19
7 -11.0 11
0 -27.0 27
1 -50.0 50
2 -50.0 50
3 -50.0 50
4 -50.0 50
5 -23.0 23
6 -26.0 26
7 -19.0 19
0 -50.0 50
1 -50.0 50
2 -50.0 50
3 -50.0 50
4 -50.0 50
5 -45.0 45
6 -7.0 7
7 -12.0 12
0 -50.0 50
1 -50.0 50
2 -50.0 50
3 -35.0 35
4 -41.0 41
5 -39.0 39
6 -18.0 18
7 -26.0 26
0 -50.0 50
1 -50.0 50
2 -50.0 50
3 -50.0 50
4 -22.0 22
5 -23.0 23
6 -16.0 16
7 -40.0 40
0 -50.0 50
1 -50.0 50
2 -20.0 20
3 -28.0 28
4 -50.0 50
5 -45.0 45
6 -32.0 32
7 -50.0 50
0 -50.0 50
1 -41.0 41
2 -50.0 50
3 -36.0 36
4 -50.0 50
5 -50.0 50
6 -30.0 30
7 -50.0 50
0 -50.0 50
1 -50.0 50
2 -31.0 31
3 -22.0 22
4 -50.0 50
5 -50.0 50
6 -50.0 50
7 -49.0 49
0 -50.0 50
1 -50.0 50
2 -20.0 20
3 -25.0 25
4 -50.0 50
5 -21.0 21
6 -28.0 28
7 -50.0 50
0 -50.0 50
1 -50.0 50
2 -26.0 26
3 -47.0 47
4 -50.0 50
5 -48.0 48
6 -24.0 24
7 -24.0 24
0 -50.0 50
1 -27.0 27
2 -50.0 50
3 -50.0 50
4 -50.0 50
5 -25.0 25
6 -40.0 40
7 -50.0 50
0 -25.0 25
1 -50.0 50
2 -50.0 50
3 -50.0 50
4 -43.0 43
5 -50.0 50
6 -47.0 47
7 -23.0 23
0 -50.0 50
1 -25.0 25
2 -50.0 50
3 -50.0 50
4 -29.0 29
5 -50.0 50
6 -7.0 7
7 -12.0 12
0 -29.0 29
1 -50.0 50
2 -50.0 50
3 -50.0 50
4 -24.0 24
5 -34.0 34
6 -20.0 20
7 -50.0 50
0 -50.0 50
1 -29.0 29
2 -50.0 50
3 -50.0 50
4 -20.0 20
5 -50.0 50
6 -40.0 40
7 -50.0 50
0 -50.0 50
1 -30.0 30
2 -50.0 50
3 -50.0 50
4 -50.0 50
5 -26.0 26
6 -14.0 14
7 -24.0 24
0 -50.0 50
1 -50.0 50
2 -40.0 40
3 -50.0 50
4 -42.0 42
5 -50.0 50
6 -34.0 34
7 -18.0 18
0 -50.0 50
1 -39.0 39
2 -50.0 50
3 -28.0 28
4 -50.0 50
5 -50.0 50
6 -20.0 20
7 -29.0 29
0 -50.0 50
1 -50.0 50
2 -24.0 24
3 -50.0 50
4 -21.0 21
5 -45.0 45
6 -50.0 50
7 -48.0 48
0 -16.0 16
1 -50.0 50
2 -50.0 50
3 -37.0 37
4 -50.0 50
5 -29.0 29
6 -50.0 50
7 -24.0 24
0 -29.0 29
1 -50.0 50
2 -50.0 50
3 -50.0 50
4 -50.0 50
5 -15.0 15
6 -14.0 14
7 -25.0 25
0 -50.0 50
1 -50.0 50
2 -18.0 18
3 -23.0 23
4 -50.0 50
5 -50.0 50
6 -36.0 36
7 -31.0 31
0 -50.0 50
1 -26.0 26
2 -50.0 50
3 -50.0 50
4 -23.0 23
5 -50.0 50
6 -50.0 50
7 -21.0 21
0 -50.0 50
1 -50.0 50
2 -33.0 33
3 -50.0 50
4 -50.0 50
5 -18.0 18
6 -19.0 19
7 -34.0 34
0 -31.0 31
1 -50.0 50
2 -50.0 50
3 -50.0 50
4 -50.0 50
5 -30.0 30
6 -27.0 27
7 -12.0 12
0 -50.0 50
1 -49.0 49
2 -50.0 50
3 -17.0 17
4 -37.0 37
5 -50.0 50
6 -50.0 50
7 -50.0 50
0 -50.0 50
1 -50.0 50
2 -50.0 50
3 -50.0 50
4 -18.0 18
5 -18.0 18
6 -50.0 50
7 -50.0 50
0 -50.0 50
1 -43.0 43
2 -44.0 44
3 -50.0 50
4 -50.0 50
5 -42.0 42
6 -25.0 25
7 -27.0 27
0 -50.0 50
1 -50.0 50
2 -42.0 42
3 -40.0 40
4 -50.0 50
5 -50.0 50
6 -33.0 33
7 -16.0 16
0 -50.0 50
1 -31.0 31
2 -50.0 50
3 -50.0 50
4 -23.0 23
5 -24.0 24
6 -50.0 50
7 -39.0 39
0 -38.0 38
1 -50.0 50
2 -50.0 50
3 -27.0 27
4 -50.0 50
5 -50.0 50
6 -30.0 30
7 -50.0 50
0 -50.0 50
1 -50.0 50
2 -18.0 18
3 -27.0 27
4 -50.0 50
5 -35.0 35
6 -29.0 29
7 -50.0 50
0 -50.0 50
1 -50.0 50
2 -50.0 50
3 -47.0 47
4 -50.0 50
5 -39.0 39
6 -24.0 24
7 -13.0 13
0 -34.0 34
1 -50.0 50
2 -50.0 50
3 -40.0 40
4 -15.0 15
5 -50.0 50
6 -50.0 50
7 -34.0 34
0 -36.0 36
1 -50.0 50
2 -50.0 50
3 -50.0 50
4 -21.0 21
5 -42.0 42
6 -50.0 50
7 -50.0 50
0 -32.0 32
1 -50.0 50
2 -50.0 50
3 -50.0 50
4 -50.0 50
5 -18.0 18
6 -13.0 13
7 -20.0 20
0 -50.0 50
1 -50.0 50
2 -50.0 50
3 -7.0 7
4 -11.0 11
5 -42.0 42
6 -50.0 50
7 -28.0 28
0 -50.0 50
1 -46.0 46
2 -50.0 50
3 -50.0 50
4 -30.0 30
5 -50.0 50
6 -28.0 28
7 -19.0 19
0 -50.0 50
1 -50.0 50
2 -28.0 28
3 -50.0 50
4 -50.0 50
5 -43.0 43
6 -50.0 50
7 -19.0 19
0 -34.0 34
1 -50.0 50
2 -49.0 49
3 -50.0 50
4 -50.0 50
5 -21.0 21
6 -14.0 14
7 -7.0 7
0 -39.0 39
1 -50.0 50
2 -50.0 50
3 -32.0 32
4 -50.0 50
5 -41.0 41
6 -50.0 50
7 -50.0 50
0 -50.0 50
1 -47.0 47
2 -50.0 50
3 -50.0 50
4 -50.0 50
5 -47.0 47
6 -20.0 20
7 -14.0 14
0 -50.0 50
1 -50.0 50
2 -39.0 39
3 -50.0 50
4 -50.0 50
5 -36.0 36
6 -20.0 20
7 -17.0 17
0 -50.0 50
1 -50.0 50
2 -50.0 50
3 -50.0 50
4 -40.0 40
5 -21.0 21
6 -34.0 34
7 -50.0 50
0 -50.0 50
1 -46.0 46
2 -50.0 50
3 -50.0 50
4 -40.0 40
5 -50.0 50
6 -25.0 25
7 -11.0 11
0 -50.0 50
1 -50.0 50
2 -50.0 50
3 -50.0 50
4 -35.0 35
5 -30.0 30
6 -17.0 17
7 -23.0 23
0 -50.0 50
1 -50.0 50
2 -15.0 15
3 -26.0 26
4 -50.0 50
5 -50.0 50
6 -46.0 46
7 -50.0 50
0 -50.0 50
1 -50.0 50
2 -50.0 50
3 -50.0 50
4 -45.0 45
5 -50.0 50
6 -11.0 11
7 -9.0 9
0 -50.0 50
1 -50.0 50
2 -39.0 39
3 -21.0 21
4 -37.0 37
5 -40.0 40
6 -50.0 50
7 -40.0 40
0 -50.0 50
1 -50.0 50
2 -29.0 29
3 -50.0 50
4 -50.0 50
5 -24.0 24
6 -37.0 37
7 -28.0 28
0 -50.0 50
1 -35.0 35
2 -50.0 50
3 -39.0 39
4 -50.0 50
5 -25.0 25
6 -11.0 11
7 -10.0 10
0 -50.0 50
1 -50.0 50
2 -42.0 42
3 -50.0 50
4 -50.0 50
5 -49.0 49
6 -50.0 50
7 -13.0 13
0 -44.0 44
1 -50.0 50
2 -50.0 50
3 -50.0 50
4 -38.0 38
5 -25.0 25
6 -25.0 25
7 -50.0 50
0 -50.0 50
1 -50.0 50
2 -50.0 50
3 -50.0 50
4 -50.0 50
5 -12.0 12
6 -10.0 10
7 -18.0 18
0 -50.0 50
1 -50.0 50
2 -50.0 50
3 -22.0 22
4 -50.0 50
5 -49.0 49
6 -22.0 22
7 -29.0 29
0 -38.0 38
1 -50.0 50
2 -50.0 50
3 -45.0 45
4 -30.0 30
5 -50.0 50
6 -50.0 50
7 -17.0 17
0 -50.0 50
1 -50.0 50
2 -46.0 46
3 -19.0 19
4 -50.0 50
5 -50.0 50
6 -30.0 30
7 -28.0 28
0 -22.0 22
1 -50.0 50
2 -50.0 50
3 -50.0 50
4 -25.0 25
5 -50.0 50
6 -33.0 33
7 -38.0 38
0 -50.0 50
1 -50.0 50
2 -50.0 50
3 -50.0 50
4 -17.0 17
5 -31.0 31
6 -50.0 50
7 -26.0 26
0 -50.0 50
1 -50.0 50
2 -16.0 16
3 -48.0 48
4 -50.0 50
5 -37.0 37
6 -50.0 50
7 -10.0 10
0 -50.0 50
1 -44.0 44
2 -50.0 50
3 -13.0 13
4 -43.0 43
5 -50.0 50
6 -41.0 41
7 -50.0 50
0 -50.0 50
1 -50.0 50
2 -50.0 50
3 -27.0 27
4 -50.0 50
5 -24.0 24
6 -50.0 50
7 -14.0 14
0 -50.0 50
1 -50.0 50
2 -50.0 50
3 -17.0 17
4 -31.0 31
5 -45.0 45
6 -49.0 49
7 -15.0 15
0 -50.0 50
1 -44.0 44
2 -50.0 50
3 -50.0 50
4 -50.0 50
5 -38.0 38
6 -22.0 22
7 -14.0 14
0 -50.0 50
1 -26.0 26
2 -50.0 50
3 -50.0 50
4 -50.0 50
5 -50.0 50
6 -28.0 28
7 -30.0 30
0 -50.0 50
1 -50.0 50
2 -50.0 50
3 -47.0 47
4 -42.0 42
5 -37.0 37
6 -50.0 50
7 -21.0 21
0 -21.0 21
1 -50.0 50
2 -50.0 50
3 -33.0 33
4 -40.0 40
5 -50.0 50
6 -50.0 50
7 -11.0 11
0 -50.0 50
1 -50.0 50
2 -50.0 50
3 -21.0 21
4 -44.0 44
5 -50.0 50
6 -50.0 50
7 -9.0 9
0 -50.0 50
1 -50.0 50
2 -20.0 20
3 -37.0 37
4 -50.0 50
5 -50.0 50
6 -38.0 38
7 -11.0 11
0 -50.0 50
1 -50.0 50
2 -27.0 27
3 -29.0 29
4 -50.0 50
5 -50.0 50
6 -43.0 43
7 -50.0 50
0 -50.0 50
1 -50.0 50
2 -50.0 50
3 -30.0 30
4 -31.0 31
5 -36.0 36
6 -50.0 50
7 -25.0 25
0 -12.0 12
1 -50.0 50
2 -40.0 40
3 -50.0 50
4 -50.0 50
5 -50.0 50
6 -17.0 17
7 -26.0 26
0 -50.0 50
1 -36.0 36
2 -50.0 50
3 -40.0 40
4 -45.0 45
5 -50.0 50
6 -28.0 28
7 -18.0 18
0 -50.0 50
1 -50.0 50
2 -50.0 50
3 -27.0 27
4 -50.0 50
5 -50.0 50
6 -16.0 16
7 -21.0 21
0 -50.0 50
1 -32.0 32
2 -50.0 50
3 -27.0 27
4 -50.0 50
5 -35.0 35
6 -31.0 31
7 -14.0 14
0 -45.0 45
1 -50.0 50
2 -50.0 50
3 -50.0 50
4 -22.0 22
5 -18.0 18
6 -50.0 50
7 -10.0 10
0 -50.0 50
1 -50.0 50
2 -50.0 50
3 -50.0 50
4 -26.0 26
5 -49.0 49
6 -41.0 41
7 -7.0 7
