0 -50.0 50
1 -50.0 50
2 -28.0 28
3 -50.0 50
4 -42.0 42
5 -50.0 50
6 -45.0 45
7 -23.0 23
8 -12.0 12
9 -8.0 8
10 -13.0 13
11 -19.0 19
12 -12.0 12
13 -12.0 12
14 -8.0 8
15 -9.0 9
16 -9.0 9
17 -8.0 8
18 -8.0 8
19 -9.0 9
20 -7.0 7
21 -7.0 7
22 -7.0 7
23 -10.0 10
0 -38.0 38
1 -50.0 50
2 -50.0 50
3 -50.0 50
4 -32.0 32
5 -46.0 46
6 -50.0 50
7 -18.0 18
8 -13.0 13
9 -9.0 9
10 -10.0 10
11 -11.0 11
12 -7.0 7
13 -12.0 12
14 -20.0 20
15 -9.0 9
16 -7.0 7
17 -7.0 7
18 -10.0 10
19 -10.0 10
20 -7.0 7
21 -7.0 7
22 -7.0 7
23 -7.0 7
0 -50.0 50
1 -50.0 50
2 -50.0 50
3 -42.0 42
4 -50.0 50
5 -27.0 27
6 -20.0 20
7 -15.0 15
8 -15.0 15
9 -10.0 10
10 -19.0 19
11 -20.0 20
12 -13.0 13
13 -10.0 10
14 -10.0 10
15 -14.0 14
16 -19.0 19
17 -11.0 11
18 -10.0 10
19 -7.0 7
20 -8.0 8
21 -7.0 7
22 -7.0 7
23 -7.0 7
0 -50.0 50
1 -50.0 50
2 -37.0 37
3 -44.0 44
4 -43.0 43
5 -14.0 14
6 -36.0 36
7 -50.0 50
8 -33.0 33
9 -30.0 30
10 -18.0 18
11 -9.0 9
12 -43.0 43
13 -36.0 36
14 -14.0 14
15 -14.0 14
16 -7.0 7
17 -8.0 8
18 -19.0 19
19 -13.0 13
20 -14.0 14
21 -14.0 14
22 -7.0 7
23 -7.0 7
0 -50.0 50
1 -50.0 50
2 -23.0 23
3 -50.0 50
4 -25.0 25
5 -50.0 50
6 -15.0 15
7 -12.0 12
8 -50.0 50
9 -50.0 50
10 -32.0 32
11 -15.0 15
12 -15.0 15
13 -10.0 10
14 -11.0 11
15 -12.0 12
16 -8.0 8
17 -9.0 9
18 -7.0 7
19 -7.0 7
20 -7.0 7
21 -7.0 7
22 -7.0 7
23 -7.0 7
0 -21.0 21
1 -50.0 50
2 -50.0 50
3 -50.0 50
4 -50.0 50
5 -37.0 37
6 -18.0 18
7 -28.0 28
8 -50.0 50
9 -19.0 19
10 -8.0 8
11 -11.0 11
12 -10.0 10
13 -17.0 17
14 -9.0 9
15 -13.0 13
16 -10.0 10
17 -9.0 9
18 -7.0 7
19 -7.0 7
20 -7.0 7
21 -7.0 7
22 -7.0 7
23 -7.0 7
0 -31.0 31
1 -50.0 50
2 -50.0 50
3 -50.0 50
4 -50.0 50
5 -31.0 31
6 -9.0 9
7 -13.0 13
8 -24.0 24
9 -43.0 43
10 -50.0 50
11 -29.0 29
12 -50.0 50
13 -27.0 27
14 -12.0 12
15 -10.0 10
16 -11.0 11
17 -12.0 12
18 -12.0 12
19 -12.0 12
20 -12.0 12
21 -11.0 11
22 -11.0 11
23 -10.0 10
0 -50.0 50
1 -50.0 50
2 -49.0 49
3 -50.0 50
4 -50.0 50
5 -24.0 24
6 -11.0 11
7 -10.0 10
8 -10.0 10
9 -7.0 7
10 -11.0 11
11 -14.0 14
12 -13.0 13
13 -7.0 7
14 -8.0 8
15 -7.0 7
16 -8.0 8
17 -8.0 8
18 -8.0 8
19 -9.0 9
20 -14.0 14
21 -12.0 12
22 -7.0 7
23 -7.0 7
0 -50.0 50
1 -50.0 50
2 -32.0 32
3 -29.0 29
4 -50.0 50
5 -50.0 50
6 -50.0 50
7 -48.0 48
8 -25.0 25
9 -25.0 25
10 -16.0 16
11 -17.0 17
12 -7.0 7
13 -8.0 8
14 -9.0 9
15 -19.0 19
16 -10.0 10
17 -9.0 9
18 -7.0 7
19 -7.0 7
20 -8.0 8
21 -7.0 7
22 -7.0 7
23 -7.0 7
0 -50.0 50
1 -41.0 41
2 -48.0 48
3 -50.0 50
4 -50.0 50
5 -26.0 26
6 -13.0 13
7 -8.0 8
8 -9.0 9
9 -9.0 9
10 -9.0 9
11 -50.0 50
12 -17.0 17
13 -13.0 13
14 -8.0 8
15 -7.0 7
16 -7.0 7
17 -9.0 9
18 -8.0 8
19 -9.0 9
20 -11.0 11
21 -7.0 7
22 -7.0 7
23 -7.0 7
0 -50.0 50
1 -50.0 50
2 -24.0 24
3 -42.0 42
4 -50.0 50
5 -21.0 21
6 -44.0 44
7 -20.0 20
8 -18.0 18
9 -50.0 50
10 -22.0 22
11 -21.0 21
12 -9.0 9
13 -14.0 14
14 -7.0 7
15 -7.0 7
16 -8.0 8
17 -9.0 9
18 -11.0 11
19 -11.0 11
20 -7.0 7
21 -7.0 7
22 -7.0 7
23 -9.0 9
0 -50.0 50
1 -50.0 50
2 -50.0 50
3 -29.0 29
4 -35.0 35
5 -50.0 50
6 -19.0 19
7 -22.0 22
8 -17.0 17
9 -11.0 11
10 -7.0 7
11 -8.0 8
12 -14.0 14
13 -33.0 33
14 -31.0 31
15 -50.0 50
16 -23.0 23
17 -11.0 11
18 -8.0 8
19 -8.0 8
20 -8.0 8
21 -7.0 7
22 -7.0 7
23 -7.0 7
0 -50.0 50
1 -50.0 50
2 -50.0 50
3 -50.0 50
4 -37.0 37
5 -34.0 34
6 -20.0 20
7 -13.0 13
8 -7.0 7
9 -40.0 40
10 -20.0 20
11 -41.0 41
12 -10.0 10
13 -10.0 10
14 -10.0 10
15 -11.0 11
16 -12.0 12
17 -14.0 14
18 -9.0 9
19 -7.0 7
20 -9.0 9
21 -7.0 7
22 -7.0 7
23 -7.0 7
0 -50.0 50
1 -46.0 46
2 -50.0 50
3 -38.0 38
4 -50.0 50
5 -46.0 46
6 -44.0 44
7 -50.0 50
8 -37.0 37
9 -10.0 10
10 -14.0 14
11 -26.0 26
12 -7.0 7
13 -8.0 8
14 -7.0 7
15 -7.0 7
16 -15.0 15
17 -12.0 12
18 -9.0 9
19 -8.0 8
20 -9.0 9
21 -8.0 8
22 -7.0 7
23 -7.0 7
0 -50.0 50
1 -50.0 50
2 -50.0 50
3 -14.0 14
4 -38.0 38
5 -50.0 50
6 -46.0 46
7 -11.0 11
8 -17.0 17
9 -12.0 12
10 -50.0 50
11 -17.0 17
12 -24.0 24
13 -8.0 8
14 -11.0 11
15 -9.0 9
16 -8.0 8
17 -9.0 9
18 -13.0 13
19 -10.0 10
20 -7.0 7
21 -7.0 7
22 -7.0 7
23 -7.0 7
0 -50.0 50
1 -34.0 34
2 -50.0 50
3 -50.0 50
4 -9.0 9
5 -20.0 20
6 -18.0 18
7 -50.0 50
8 -38.0 38
9 -24.0 24
10 -14.0 14
11 -8.0 8
12 -9.0 9
13 -50.0 50
14 -11.0 11
15 -9.0 9
16 -8.0 8
17 -7.0 7
18 -7.0 7
19 -7.0 7
20 -8.0 8
21 -9.0 9
22 -7.0 7
23 -7.0 7
0 -50.0 50
1 -50.0 50
2 -50.0 50
3 -29.0 29
4 -47.0 47
5 -50.0 50
6 -17.0 17
7 -15.0 15
8 -23.0 23
9 -13.0 13
10 -19.0 19
11 -40.0 40
12 -11.0 11
13 -10.0 10
14 -10.0 10
15 -12.0 12
16 -11.0 11
17 -8.0 8
18 -7.0 7
19 -7.0 7
20 -7.0 7
21 -10.0 10
22 -13.0 13
23 -7.0 7
0 -50.0 50
1 -30.0 30
2 -50.0 50
3 -22.0 22
4 -50.0 50
5 -50.0 50
6 -13.0 13
7 -19.0 19
8 -50.0 50
9 -12.0 12
10 -18.0 18
11 -10.0 10
12 -10.0 10
13 -18.0 18
14 -21.0 21
15 -20.0 20
16 -9.0 9
17 -7.0 7
18 -7.0 7
19 -9.0 9
20 -7.0 7
21 -7.0 7
22 -7.0 7
23 -7.0 7
0 -50.0 50
1 -35.0 35
2 -50.0 50
3 -36.0 36
4 -16.0 16
5 -50.0 50
6 -50.0 50
7 -49.0 49
8 -50.0 50
9 -16.0 16
10 -10.0 10
11 -7.0 7
12 -11.0 11
13 -7.0 7
14 -7.0 7
15 -8.0 8
16 -15.0 15
17 -22.0 22
18 -8.0 8
19 -7.0 7
20 -7.0 7
21 -7.0 7
22 -7.0 7
23 -7.0 7
0 -50.0 50
1 -50.0 50
2 -31.0 31
3 -41.0 41
4 -50.0 50
5 -50.0 50
6 -37.0 37
7 -30.0 30
8 -7.0 7
9 -9.0 9
10 -11.0 11
11 -7.0 7
12 -7.0 7
13 -7.0 7
14 -30.0 30
15 -15.0 15
16 -10.0 10
17 -7.0 7
18 -8.0 8
19 -8.0 8
20 -7.0 7
21 -7.0 7
22 -7.0 7
23 -7.0 7
0 -50.0 50
1 -50.0 50
2 -34.0 34
3 -50.0 50
4 -25.0 25
5 -50.0 50
6 -50.0 50
7 -49.0 49
8 -11.0 11
9 -20.0 20
10 -12.0 12
11 -7.0 7
12 -7.0 7
13 -7.0 7
14 -8.0 8
15 -8.0 8
16 -8.0 8
17 -7.0 7
18 -8.0 8
19 -8.0 8
20 -8.0 8
21 -7.0 7
22 -7.0 7
23 -7.0 7
0 -50.0 50
1 -50.0 50
2 -17.0 17
3 -50.0 50
4 -43.0 43
5 -50.0 50
6 -50.0 50
7 -29.0 29
8 -7.0 7
9 -13.0 13
10 -21.0 21
11 -30.0 30
12 -9.0 9
13 -7.0 7
14 -7.0 7
15 -7.0 7
16 -8.0 8
17 -7.0 7
18 -7.0 7
19 -7.0 7
20 -7.0 7
21 -7.0 7
22 -7.0 7
23 -7.0 7
0 -50.0 50
1 -50.0 50
2 -50.0 50
3 -23.0 23
4 -50.0 50
5 -47.0 47
6 -27.0 27
7 -27.0 27
8 -45.0 45
9 -8.0 8
10 -7.0 7
11 -7.0 7
12 -7.0 7
13 -10.0 10
14 -10.0 10
15 -8.0 8
16 -7.0 7
17 -9.0 9
18 -8.0 8
19 -7.0 7
20 -9.0 9
21 -7.0 7
22 -7.0 7
23 -7.0 7
0 -50.0 50
1 -50.0 50
2 -50.0 50
3 -21.0 21
4 -50.0 50
5 -16.0 16
6 -40.0 40
7 -50.0 50
8 -24.0 24
9 -10.0 10
10 -9.0 9
11 -7.0 7
12 -9.0 9
13 -13.0 13
14 -9.0 9
15 -9.0 9
16 -11.0 11
17 -8.0 8
18 -7.0 7
19 -8.0 8
20 -7.0 7
21 -9.0 9
22 -7.0 7
23 -20.0 20
0 -50.0 50
1 -40.0 40
2 -50.0 50
3 -50.0 50
4 -50.0 50
5 -22.0 22
6 -14.0 14
7 -19.0 19
8 -42.0 42
9 -32.0 32
10 -7.0 7
11 -9.0 9
12 -21.0 21
13 -10.0 10
14 -9.0 9
15 -10.0 10
16 -9.0 9
17 -12.0 12
18 -26.0 26
19 -19.0 19
20 -7.0 7
21 -7.0 7
22 -7.0 7
23 -7.0 7
0 -50.0 50
1 -50.0 50
2 -35.0 35
3 -50.0 50
4 -27.0 27
5 -50.0 50
6 -30.0 30
7 -50.0 50
8 -19.0 19
9 -10.0 10
10 -21.0 21
11 -12.0 12
12 -9.0 9
13 -9.0 9
14 -8.0 8
15 -10.0 10
16 -10.0 10
17 -9.0 9
18 -13.0 13
19 -9.0 9
20 -7.0 7
21 -7.0 7
22 -7.0 7
23 -7.0 7
0 -27.0 27
1 -50.0 50
2 -43.0 43
3 -50.0 50
4 -50.0 50
5 -45.0 45
6 -46.0 46
7 -11.0 11
8 -50.0 50
9 -15.0 15
10 -18.0 18
11 -18.0 18
12 -14.0 14
13 -7.0 7
14 -7.0 7
15 -11.0 11
16 -10.0 10
17 -12.0 12
18 -7.0 7
19 -10.0 10
20 -7.0 7
21 -7.0 7
22 -7.0 7
23 -7.0 7
0 -50.0 50
1 -50.0 50
2 -50.0 50
3 -19.0 19
4 -16.0 16
5 -50.0 50
6 -30.0 30
7 -50.0 50
8 -50.0 50
9 -27.0 27
10 -11.0 11
11 -13.0 13
12 -7.0 7
13 -7.0 7
14 -11.0 11
15 -10.0 10
16 -8.0 8
17 -18.0 18
18 -7.0 7
19 -7.0 7
20 -10.0 10
21 -7.0 7
22 -8.0 8
23 -7.0 7
0 -50.0 50
1 -39.0 39
2 -50.0 50
3 -50.0 50
4 -49.0 49
5 -27.0 27
6 -18.0 18
7 -50.0 50
8 -7.0 7
9 -7.0 7
10 -10.0 10
11 -9.0 9
12 -12.0 12
13 -50.0 50
14 -20.0 20
15 -10.0 10
16 -10.0 10
17 -13.0 13
18 -7.0 7
19 -7.0 7
20 -7.0 7
21 -7.0 7
22 -7.0 7
23 -7.0 7
0 -50.0 50
1 -50.0 50
2 -50.0 50
3 -26.0 26
4 -50.0 50
5 -50.0 50
6 -15.0 15
7 -18.0 18
8 -17.0 17
9 -27.0 27
10 -50.0 50
11 -16.0 16
12 -13.0 13
13 -8.0 8
14 -7.0 7
15 -9.0 9
16 -8.0 8
17 -11.0 11
18 -16.0 16
19 -7.0 7
20 -8.0 8
21 -7.0 7
22 -7.0 7
23 -7.0 7
0 -50.0 50
1 -50.0 50
2 -50.0 50
3 -35.0 35
4 -50.0 50
5 -19.0 19
6 -28.0 28
7 -48.0 48
8 -16.0 16
9 -23.0 23
10 -13.0 13
11 -12.0 12
12 -11.0 11
13 -41.0 41
14 -15.0 15
15 -10.0 10
16 -12.0 12
17 -8.0 8
18 -9.0 9
19 -11.0 11
20 -11.0 11
21 -9.0 9
22 -7.0 7
23 -7.0 7
0 -50.0 50
1 -23.0 23
2 -50.0 50
3 -50.0 50
4 -41.0 41
5 -39.0 39
6 -43.0 43
7 -24.0 24
8 -17.0 17
9 -18.0 18
10 -36.0 36
11 -17.0 17
12 -10.0 10
13 -9.0 9
14 -41.0 41
15 -10.0 10
16 -14.0 14
17 -7.0 7
18 -8.0 8
19 -7.0 7
20 -7.0 7
21 -7.0 7
22 -7.0 7
23 -7.0 7
0 -50.0 50
1 -39.0 39
2 -50.0 50
3 -33.0 33
4 -50.0 50
5 -16.0 16
6 -50.0 50
7 -49.0 49
8 -10.0 10
9 -9.0 9
10 -13.0 13
11 -38.0 38
12 -50.0 50
13 -29.0 29
14 -7.0 7
15 -9.0 9
16 -7.0 7
17 -7.0 7
18 -7.0 7
19 -8.0 8
20 -7.0 7
21 -7.0 7
22 -7.0 7
23 -7.0 7
0 -50.0 50
1 -50.0 50
2 -50.0 50
3 -50.0 50
4 -50.0 50
5 -22.0 22
6 -21.0 21
7 -13.0 13
8 -8.0 8
9 -7.0 7
10 -8.0 8
11 -9.0 9
12 -11.0 11
13 -10.0 10
14 -12.0 12
15 -9.0 9
16 -7.0 7
17 -13.0 13
18 -35.0 35
19 -35.0 35
20 -20.0 20
21 -7.0 7
22 -7.0 7
23 -7.0 7
0 -50.0 50
1 -50.0 50
2 -50.0 50
3 -50.0 50
4 -16.0 16
5 -38.0 38
6 -38.0 38
7 -20.0 20
8 -25.0 25
9 -48.0 48
10 -22.0 22
11 -15.0 15
12 -9.0 9
13 -7.0 7
14 -7.0 7
15 -7.0 7
16 -8.0 8
17 -7.0 7
18 -8.0 8
19 -7.0 7
20 -7.0 7
21 -9.0 9
22 -7.0 7
23 -7.0 7
0 -50.0 50
1 -50.0 50
2 -50.0 50
3 -49.0 49
4 -24.0 24
5 -50.0 50
6 -50.0 50
7 -39.0 39
8 -16.0 16
9 -17.0 17
10 -9.0 9
11 -11.0 11
12 -7.0 7
13 -7.0 7
14 -8.0 8
15 -7.0 7
16 -8.0 8
17 -7.0 7
18 -7.0 7
19 -8.0 8
20 -8.0 8
21 -9.0 9
22 -8.0 8
23 -7.0 7
0 -50.0 50
1 -22.0 22
2 -44.0 44
3 -50.0 50
4 -50.0 50
5 -50.0 50
6 -24.0 24
7 -50.0 50
8 -39.0 39
9 -29.0 29
10 -7.0 7
11 -13.0 13
12 -13.0 13
13 -16.0 16
14 -16.0 16
15 -7.0 7
16 -7.0 7
17 -7.0 7
18 -7.0 7
19 -8.0 8
20 -7.0 7
21 -7.0 7
22 -7.0 7
23 -7.0 7
0 -25.0 25
1 -50.0 50
2 -50.0 50
3 -39.0 39
4 -50.0 50
5 -17.0 17
6 -14.0 14
7 -26.0 26
8 -50.0 50
9 -50.0 50
10 -32.0 32
11 -12.0 12
12 -15.0 15
13 -11.0 11
14 -10.0 10
15 -13.0 13
16 -8.0 8
17 -7.0 7
18 -8.0 8
19 -7.0 7
20 -9.0 9
21 -7.0 7
22 -7.0 7
23 -7.0 7
0 -50.0 50
1 -50.0 50
2 -50.0 50
3 -50.0 50
4 -16.0 16
5 -50.0 50
6 -24.0 24
7 -27.0 27
8 -31.0 31
9 -12.0 12
10 -21.0 21
11 -17.0 17
12 -10.0 10
13 -13.0 13
14 -8.0 8
15 -8.0 8
16 -7.0 7
17 -9.0 9
18 -20.0 20
19 -22.0 22
20 -7.0 7
21 -7.0 7
22 -7.0 7
23 -7.0 7
0 -50.0 50
1 -31.0 31
2 -50.0 50
3 -50.0 50
4 -48.0 48
5 -50.0 50
6 -50.0 50
7 -17.0 17
8 -10.0 10
9 -16.0 16
10 -9.0 9
11 -18.0 18
12 -12.0 12
13 -24.0 24
14 -11.0 11
15 -12.0 12
16 -10.0 10
17 -7.0 7
18 -9.0 9
19 -11.0 11
20 -7.0 7
21 -7.0 7
22 -7.0 7
23 -7.0 7
