0 -50.0 50
1 -50.0 50
2 -43.0 43
3 -7.0 7
4 -18.0 18
5 -38.0 38
6 -50.0 50
7 -16.0 16
0 -50.0 50
1 -21.0 21
2 -50.0 50
3 -26.0 26
4 -43.0 43
5 -28.0 28
6 -26.0 26
7 -12.0 12
0 -50.0 50
1 -50.0 50
2 -22.0 22
3 -19.0 19
4 -28.0 28
5 -33.0 33
6 -10.0 10
7 -8.0 8
0 -50.0 50
1 -50.0 50
2 -50.0 50
3 -30.0 30
4 -12.0 12
5 -17.0 17
6 -17.0 17
7 -7.0 7
0 -50.0 50
1 -50.0 50
2 -42.0 42
3 -12.0 12
4 -7.0 7
5 -50.0 50
6 -29.0 29
7 -7.0 7
0 -50.0 50
1 -50.0 50
2 -43.0 43
3 -50.0 50
4 -21.0 21
5 -10.0 10
6 -10.0 10
7 -7.0 7
0 -50.0 50
1 -22.0 22
2 -31.0 31
3 -26.0 26
4 -50.0 50
5 -50.0 50
6 -41.0 41
7 -50.0 50
0 -50.0 50
1 -50.0 50
2 -44.0 44
3 -28.0 28
4 -8.0 8
5 -7.0 7
6 -7.0 7
7 -7.0 7
0 -50.0 50
1 -46.0 46
2 -21.0 21
3 -50.0 50
4 -25.0 25
5 -14.0 14
6 -7.0 7
7 -7.0 7
0 -50.0 50
1 -50.0 50
2 -9.0 9
3 -50.0 50
4 -15.0 15
5 -8.0 8
6 -9.0 9
7 -7.0 7
0 -50.0 50
1 -50.0 50
2 -25.0 25
3 -50.0 50
4 -50.0 50
5 -24.0 24
6 -21.0 21
7 -7.0 7
0 -50.0 50
1 -50.0 50
2 -47.0 47
3 -50.0 50
4 -34.0 34
5 -18.0 18
6 -8.0 8
7 -9.0 9
0 -37.0 37
1 -50.0 50
2 -50.0 50
3 -46.0 46
4 -13.0 13
5 -9.0 9
6 -7.0 7
7 -7.0 7
0 -50.0 50
1 -50.0 50
2 -9.0 9
3 -48.0 48
4 -11.0 11
5 -10.0 10
6 -7.0 7
7 -9.0 9
0 -50.0 50
1 -50.0 50
2 -49.0 49
3 -23.0 23
4 -21.0 21
5 -7.0 7
6 -8.0 8
7 -7.0 7
0 -50.0 50
1 -48.0 48
2 -18.0 18
3 -25.0 25
4 -50.0 50
5 -45.0 45
6 -7.0 7
7 -7.0 7
0 -50.0 50
1 -50.0 50
2 -10.0 10
3 -17.0 17
4 -44.0 44
5 -7.0 7
6 -9.0 9
7 -9.0 9
0 -35.0 35
1 -50.0 50
2 -50.0 50
3 -23.0 23
4 -39.0 39
5 -20.0 20
6 -11.0 11
7 -7.0 7
0 -50.0 50
1 -28.0 28
2 -50.0 50
3 -50.0 50
4 -50.0 50
5 -23.0 23
6 -8.0 8
7 -7.0 7
0 -46.0 46
1 -50.0 50
2 -21.0 21
3 -50.0 50
4 -45.0 45
5 -33.0 33
6 -20.0 20
7 -7.0 7
0 -37.0 37
1 -50.0 50
2 -50.0 50
3 -26.0 26
4 -25.0 25
5 -9.0 9
6 -7.0 7
7 -7.0 7
0 -50.0 50
1 -41.0 41
2 -34.0 34
3 -47.0 47
4 -9.0 9
5 -8.0 8
6 -9.0 9
7 -7.0 7
0 -50.0 50
1 -50.0 50
2 -50.0 50
3 -17.0 17
4 -11.0 11
5 -7.0 7
6 -7.0 7
7 -8.0 8
0 -50.0 50
1 -50.0 50
2 -50.0 50
3 -15.0 15
4 -35.0 35
5 -10.0 10
6 -7.0 7
7 -7.0 7
0 -50.0 50
1 -50.0 50
2 -50.0 50
3 -24.0 24
4 -12.0 12
5 -11.0 11
6 -8.0 8
7 -7.0 7
0 -50.0 50
1 -50.0 50
2 -50.0 50
3 -27.0 27
4 -21.0 21
5 -9.0 9
6 -10.0 10
7 -7.0 7
0 -31.0 31
1 -50.0 50
2 -50.0 50
3 -50.0 50
4 -12.0 12
5 -17.0 17
6 -7.0 7
7 -7.0 7
0 -50.0 50
1 -31.0 31
2 -45.0 45
3 -15.0 15
4 -50.0 50
5 -50.0 50
6 -15.0 15
7 -7.0 7
0 -50.0 50
1 -50.0 50
2 -13.0 13
3 -10.0 10
4 -39.0 39
5 -45.0 45
6 -8.0 8
7 -7.0 7
0 -50.0 50
1 -50.0 50
2 -50.0 50
3 -8.0 8
4 -7.0 7
5 -8.0 8
6 -8.0 8
7 -7.0 7
0 -50.0 50
1 -38.0 38
2 -18.0 18
3 -28.0 28
4 -20.0 20
5 -50.0 50
6 -46.0 46
7 -11.0 11
0 -50.0 50
1 -28.0 28
2 -38.0 38
3 -16.0 16
4 -18.0 18
5 -18.0 18
6 -12.0 12
7 -7.0 7
0 -50.0 50
1 -36.0 36
2 -29.0 29
3 -19.0 19
4 -42.0 42
5 -50.0 50
6 -14.0 14
7 -12.0 12
0 -50.0 50
1 -50.0 50
2 -26.0 26
3 -26.0 26
4 -8.0 8
5 -8.0 8
6 -22.0 22
7 -50.0 50
0 -50.0 50
1 -50.0 50
2 -32.0 32
3 -44.0 44
4 -16.0 16
5 -7.0 7
6 -7.0 7
7 -7.0 7
0 -50.0 50
1 -50.0 50
2 -50.0 50
3 -32.0 32
4 -15.0 15
5 -9.0 9
6 -7.0 7
7 -7.0 7
0 -50.0 50
1 -50.0 50
2 -50.0 50
3 -24.0 24
4 -18.0 18
5 -10.0 10
6 -7.0 7
7 -7.0 7
0 -50.0 50
1 -50.0 50
2 -50.0 50
3 -23.0 23
4 -8.0 8
5 -8.0 8
6 -7.0 7
7 -7.0 7
0 -50.0 50
1 -20.0 20
2 -46.0 46
3 -46.0 46
4 -24.0 24
5 -8.0 8
6 -10.0 10
7 -7.0 7
0 -50.0 50
1 -36.0 36
2 -11.0 11
3 -48.0 48
4 -50.0 50
5 -50.0 50
6 -29.0 29
7 -8.0 8
