
0 -50.0 50
10 -50.0 50
20 -50.0 50
30 -50.0 50
40 -50.0 50
50 -50.0 50
54 -50.0 50
0 -50.0 50
10 -50.0 50
20 -50.0 50
30 -50.0 50
40 -50.0 50
50 -50.0 50
54 -50.0 50
0 -50.0 50
10 -50.0 50
20 -50.0 50
30 -50.0 50
40 -50.0 50
50 -50.0 50
54 -50.0 50
0 -50.0 50
10 -50.0 50
20 -50.0 50
30 -50.0 50
40 -50.0 50
50 -50.0 50
54 -10.0 10
0 -50.0 50
10 -50.0 50
20 -50.0 50
30 -50.0 50
40 -50.0 50
50 -50.0 50
54 -50.0 50
0 -50.0 50
10 -50.0 50
20 -50.0 50
30 -50.0 50
40 -50.0 50
50 -50.0 50
54 -9.0 9
0 -50.0 50
10 -50.0 50
20 -50.0 50
30 -50.0 50
40 -9.0 9
50 -50.0 50
54 -50.0 50
0 -50.0 50
10 -50.0 50
20 -50.0 50
30 -50.0 50
40 -50.0 50
50 -50.0 50
54 -50.0 50
0 -50.0 50
10 -50.0 50
20 -50.0 50
30 -50.0 50
40 -50.0 50
50 -50.0 50
54 -9.0 9
0 -50.0 50
10 -50.0 50
20 -50.0 50
30 -50.0 50
40 -50.0 50
50 -50.0 50
54 -50.0 50
0 -50.0 50
10 -50.0 50
20 -50.0 50
30 -50.0 50
40 -50.0 50
50 -10.0 10
54 -50.0 50
0 -50.0 50
10 -50.0 50
20 -50.0 50
30 -50.0 50
40 -50.0 50
50 -50.0 50
54 -9.0 9
0 -50.0 50
10 -50.0 50
20 -50.0 50
30 -50.0 50
40 -50.0 50
50 -50.0 50
54 -50.0 50
0 -50.0 50
10 -50.0 50
20 -50.0 50
30 -50.0 50
40 -50.0 50
50 -50.0 50
54 -50.0 50
0 -50.0 50
10 -50.0 50
20 -50.0 50
30 -50.0 50
40 -50.0 50
50 -50.0 50
54 -50.0 50
0 -50.0 50
10 -50.0 50
20 -50.0 50
30 -50.0 50
40 -50.0 50
50 -50.0 50
54 -50.0 50
0 -50.0 50
10 -50.0 50
20 -50.0 50
30 -50.0 50
40 -50.0 50
50 -50.0 50
54 -50.0 50
0 -50.0 50
10 -50.0 50
20 -50.0 50
30 -50.0 50
40 -50.0 50
50 -50.0 50
54 -50.0 50
0 -50.0 50
10 -50.0 50
20 -50.0 50
30 -50.0 50
40 -50.0 50
50 -50.0 50
54 -9.0 9
0 -50.0 50
10 -50.0 50
20 -50.0 50
30 -50.0 50
40 -50.0 50
50 -9.0 9
54 -50.0 50