0 -50.0 50
1 -50.0 50
2 -50.0 50
3 -50.0 50
4 -25.0 25
5 -27.0 27
6 -16.0 16
7 -10.0 10
8 -8.0 8
9 -17.0 17
10 -22.0 22
11 -25.0 25
0 -50.0 50
1 -50.0 50
2 -50.0 50
3 -50.0 50
4 -23.0 23
5 -50.0 50
6 -42.0 42
7 -17.0 17
8 -12.0 12
9 -7.0 7
10 -11.0 11
11 -42.0 42
0 -50.0 50
1 -30.0 30
2 -50.0 50
3 -50.0 50
4 -50.0 50
5 -50.0 50
6 -8.0 8
7 -7.0 7
8 -9.0 9
9 -12.0 12
10 -14.0 14
11 -7.0 7
0 -50.0 50
1 -50.0 50
2 -50.0 50
3 -35.0 35
4 -50.0 50
5 -22.0 22
6 -18.0 18
7 -40.0 40
8 -50.0 50
9 -15.0 15
10 -14.0 14
11 -7.0 7
0 -50.0 50
1 -48.0 48
2 -50.0 50
3 -23.0 23
4 -50.0 50
5 -24.0 24
6 -41.0 41
7 -16.0 16
8 -11.0 11
9 -19.0 19
10 -11.0 11
11 -7.0 7
0 -49.0 49
1 -50.0 50
2 -50.0 50
3 -50.0 50
4 -50.0 50
5 -30.0 30
6 -34.0 34
7 -22.0 22
8 -20.0 20
9 -16.0 16
10 -9.0 9
11 -7.0 7
0 -35.0 35
1 -50.0 50
2 -50.0 50
3 -50.0 50
4 -23.0 23
5 -34.0 34
6 -41.0 41
7 -50.0 50
8 -16.0 16
9 -11.0 11
10 -10.0 10
11 -10.0 10
0 -50.0 50
1 -27.0 27
2 -50.0 50
3 -40.0 40
4 -50.0 50
5 -24.0 24
6 -45.0 45
7 -50.0 50
8 -17.0 17
9 -14.0 14
10 -14.0 14
11 -22.0 22
0 -50.0 50
1 -50.0 50
2 -50.0 50
3 -50.0 50
4 -50.0 50
5 -14.0 14
6 -10.0 10
7 -7.0 7
8 -17.0 17
9 -18.0 18
10 -25.0 25
11 -16.0 16
0 -50.0 50
1 -50.0 50
2 -50.0 50
3 -50.0 50
4 -19.0 19
5 -50.0 50
6 -18.0 18
7 -19.0 19
8 -24.0 24
9 -11.0 11
10 -13.0 13
11 -7.0 7
0 -50.0 50
1 -41.0 41
2 -50.0 50
3 -50.0 50
4 -50.0 50
5 -28.0 28
6 -10.0 10
7 -9.0 9
8 -15.0 15
9 -22.0 22
10 -15.0 15
11 -18.0 18
0 -50.0 50
1 -50.0 50
2 -50.0 50
3 -23.0 23
4 -50.0 50
5 -10.0 10
6 -8.0 8
7 -12.0 12
8 -23.0 23
9 -50.0 50
10 -37.0 37
11 -25.0 25
0 -22.0 22
1 -50.0 50
2 -50.0 50
3 -50.0 50
4 -37.0 37
5 -41.0 41
6 -23.0 23
7 -10.0 10
8 -9.0 9
9 -12.0 12
10 -15.0 15
11 -7.0 7
0 -45.0 45
1 -50.0 50
2 -50.0 50
3 -47.0 47
4 -50.0 50
5 -21.0 21
6 -9.0 9
7 -19.0 19
8 -15.0 15
9 -7.0 7
10 -28.0 28
11 -12.0 12
0 -47.0 47
1 -50.0 50
2 -50.0 50
3 -50.0 50
4 -31.0 31
5 -45.0 45
6 -14.0 14
7 -13.0 13
8 -12.0 12
9 -13.0 13
10 -10.0 10
11 -50.0 50
0 -50.0 50
1 -50.0 50
2 -50.0 50
3 -17.0 17
4 -50.0 50
5 -50.0 50
6 -34.0 34
7 -28.0 28
8 -20.0 20
9 -15.0 15
10 -16.0 16
11 -9.0 9
0 -26.0 26
1 -50.0 50
2 -50.0 50
3 -50.0 50
4 -45.0 45
5 -50.0 50
6 -50.0 50
7 -21.0 21
8 -23.0 23
9 -13.0 13
10 -9.0 9
11 -10.0 10
0 -50.0 50
1 -35.0 35
2 -50.0 50
3 -49.0 49
4 -25.0 25
5 -50.0 50
6 -36.0 36
7 -32.0 32
8 -29.0 29
9 -26.0 26
10 -11.0 11
11 -7.0 7
0 -50.0 50
1 -31.0 31
2 -50.0 50
3 -42.0 42
4 -50.0 50
5 -20.0 20
6 -19.0 19
7 -50.0 50
8 -32.0 32
9 -50.0 50
10 -17.0 17
11 -13.0 13
0 -50.0 50
1 -29.0 29
2 -50.0 50
3 -50.0 50
4 -50.0 50
5 -23.0 23
6 -50.0 50
7 -16.0 16
8 -11.0 11
9 -15.0 15
10 -22.0 22
11 -9.0 9
0 -50.0 50
1 -50.0 50
2 -12.0 12
3 -50.0 50
4 -21.0 21
5 -50.0 50
6 -50.0 50
7 -44.0 44
8 -26.0 26
9 -21.0 21
10 -8.0 8
11 -7.0 7
0 -34.0 34
1 -50.0 50
2 -47.0 47
3 -50.0 50
4 -50.0 50
5 -30.0 30
6 -37.0 37
7 -35.0 35
8 -50.0 50
9 -36.0 36
10 -23.0 23
11 -18.0 18
0 -50.0 50
1 -50.0 50
2 -26.0 26
3 -50.0 50
4 -50.0 50
5 -35.0 35
6 -43.0 43
7 -42.0 42
8 -50.0 50
9 -48.0 48
10 -9.0 9
11 -10.0 10
0 -20.0 20
1 -50.0 50
2 -50.0 50
3 -50.0 50
4 -50.0 50
5 -48.0 48
6 -13.0 13
7 -19.0 19
8 -11.0 11
9 -13.0 13
10 -38.0 38
11 -19.0 19
0 -50.0 50
1 -50.0 50
2 -50.0 50
3 -50.0 50
4 -35.0 35
5 -16.0 16
6 -19.0 19
7 -44.0 44
8 -32.0 32
9 -36.0 36
10 -44.0 44
11 -7.0 7
0 -50.0 50
1 -50.0 50
2 -33.0 33
3 -50.0 50
4 -49.0 49
5 -50.0 50
6 -50.0 50
7 -17.0 17
8 -12.0 12
9 -9.0 9
10 -7.0 7
11 -9.0 9
0 -50.0 50
1 -21.0 21
2 -50.0 50
3 -50.0 50
4 -49.0 49
5 -40.0 40
6 -50.0 50
7 -50.0 50
8 -16.0 16
9 -22.0 22
10 -9.0 9
11 -16.0 16
0 -50.0 50
1 -50.0 50
2 -50.0 50
3 -50.0 50
4 -50.0 50
5 -16.0 16
6 -10.0 10
7 -21.0 21
8 -50.0 50
9 -14.0 14
10 -11.0 11
11 -13.0 13
0 -50.0 50
1 -50.0 50
2 -16.0 16
3 -50.0 50
4 -45.0 45
5 -50.0 50
6 -50.0 50
7 -23.0 23
8 -8.0 8
9 -9.0 9
10 -18.0 18
11 -11.0 11
0 -50.0 50
1 -50.0 50
2 -30.0 30
3 -38.0 38
4 -50.0 50
5 -50.0 50
6 -41.0 41
7 -50.0 50
8 -24.0 24
9 -19.0 19
10 -11.0 11
11 -9.0 9
0 -50.0 50
1 -50.0 50
2 -50.0 50
3 -47.0 47
4 -24.0 24
5 -32.0 32
6 -50.0 50
7 -21.0 21
8 -24.0 24
9 -31.0 31
10 -42.0 42
11 -11.0 11
0 -50.0 50
1 -50.0 50
2 -50.0 50
3 -50.0 50
4 -22.0 22
5 -45.0 45
6 -39.0 39
7 -11.0 11
8 -11.0 11
9 -17.0 17
10 -10.0 10
11 -8.0 8
0 -50.0 50
1 -50.0 50
2 -44.0 44
3 -20.0 20
4 -50.0 50
5 -45.0 45
6 -31.0 31
7 -35.0 35
8 -42.0 42
9 -21.0 21
10 -50.0 50
11 -50.0 50
0 -50.0 50
1 -50.0 50
2 -50.0 50
3 -33.0 33
4 -28.0 28
5 -50.0 50
6 -35.0 35
7 -36.0 36
8 -12.0 12
9 -11.0 11
10 -9.0 9
11 -14.0 14
0 -50.0 50
1 -50.0 50
2 -36.0 36
3 -50.0 50
4 -13.0 13
5 -33.0 33
6 -50.0 50
7 -50.0 50
8 -31.0 31
9 -17.0 17
10 -15.0 15
11 -15.0 15
0 -50.0 50
1 -50.0 50
2 -45.0 45
3 -20.0 20
4 -34.0 34
5 -50.0 50
6 -25.0 25
7 -50.0 50
8 -16.0 16
9 -17.0 17
10 -7.0 7
11 -7.0 7
0 -50.0 50
1 -30.0 30
2 -50.0 50
3 -50.0 50
4 -32.0 32
5 -50.0 50
6 -14.0 14
7 -16.0 16
8 -19.0 19
9 -50.0 50
10 -8.0 8
11 -7.0 7
0 -50.0 50
1 -44.0 44
2 -50.0 50
3 -29.0 29
4 -50.0 50
5 -20.0 20
6 -23.0 23
7 -50.0 50
8 -20.0 20
9 -22.0 22
10 -18.0 18
11 -11.0 11
0 -50.0 50
1 -50.0 50
2 -50.0 50
3 -22.0 22
4 -50.0 50
5 -35.0 35
6 -45.0 45
7 -50.0 50
8 -45.0 45
9 -11.0 11
10 -12.0 12
11 -12.0 12
0 -50.0 50
1 -50.0 50
2 -34.0 34
3 -50.0 50
4 -38.0 38
5 -50.0 50
6 -26.0 26
7 -8.0 8
8 -11.0 11
9 -10.0 10
10 -18.0 18
11 -7.0 7
