0 -50.0 50
1 -48.0 48
2 -50.0 50
3 -46.0 46
4 -37.0 37
5 -44.0 44
6 -17.0 17
7 -15.0 15
8 -49.0 49
9 -40.0 40
10 -9.0 9
11 -7.0 7
12 -7.0 7
13 -7.0 7
14 -8.0 8
15 -7.0 7
16 -11.0 11
17 -13.0 13
0 -50.0 50
1 -50.0 50
2 -41.0 41
3 -32.0 32
4 -50.0 50
5 -29.0 29
6 -12.0 12
7 -50.0 50
8 -30.0 30
9 -17.0 17
10 -19.0 19
11 -11.0 11
12 -8.0 8
13 -7.0 7
14 -17.0 17
15 -7.0 7
16 -9.0 9
17 -7.0 7
0 -31.0 31
1 -50.0 50
2 -50.0 50
3 -42.0 42
4 -50.0 50
5 -50.0 50
6 -29.0 29
7 -17.0 17
8 -22.0 22
9 -27.0 27
10 -8.0 8
11 -9.0 9
12 -11.0 11
13 -11.0 11
14 -11.0 11
15 -9.0 9
16 -9.0 9
17 -13.0 13
0 -50.0 50
1 -50.0 50
2 -50.0 50
3 -46.0 46
4 -35.0 35
5 -50.0 50
6 -50.0 50
7 -31.0 31
8 -16.0 16
9 -39.0 39
10 -15.0 15
11 -7.0 7
12 -8.0 8
13 -8.0 8
14 -10.0 10
15 -10.0 10
16 -7.0 7
17 -7.0 7
0 -50.0 50
1 -50.0 50
2 -50.0 50
3 -50.0 50
4 -24.0 24
5 -22.0 22
6 -47.0 47
7 -50.0 50
8 -46.0 46
9 -33.0 33
10 -12.0 12
11 -8.0 8
12 -11.0 11
13 -8.0 8
14 -7.0 7
15 -8.0 8
16 -7.0 7
17 -7.0 7
0 -50.0 50
1 -50.0 50
2 -50.0 50
3 -49.0 49
4 -38.0 38
5 -50.0 50
6 -16.0 16
7 -15.0 15
8 -8.0 8
9 -7.0 7
10 -8.0 8
11 -14.0 14
12 -8.0 8
13 -12.0 12
14 -9.0 9
15 -8.0 8
16 -9.0 9
17 -7.0 7
0 -50.0 50
1 -50.0 50
2 -50.0 50
3 -50.0 50
4 -27.0 27
5 -32.0 32
6 -7.0 7
7 -9.0 9
8 -16.0 16
9 -11.0 11
10 -12.0 12
11 -32.0 32
12 -42.0 42
13 -27.0 27
14 -37.0 37
15 -13.0 13
16 -7.0 7
17 -7.0 7
0 -31.0 31
1 -50.0 50
2 -50.0 50
3 -50.0 50
4 -50.0 50
5 -23.0 23
6 -26.0 26
7 -50.0 50
8 -23.0 23
9 -7.0 7
10 -7.0 7
11 -13.0 13
12 -17.0 17
13 -15.0 15
14 -8.0 8
15 -9.0 9
16 -12.0 12
17 -9.0 9
0 -50.0 50
1 -50.0 50
2 -21.0 21
3 -50.0 50
4 -46.0 46
5 -41.0 41
6 -26.0 26
7 -19.0 19
8 -12.0 12
9 -10.0 10
10 -14.0 14
11 -7.0 7
12 -14.0 14
13 -13.0 13
14 -7.0 7
15 -7.0 7
16 -50.0 50
17 -14.0 14
0 -50.0 50
1 -50.0 50
2 -28.0 28
3 -50.0 50
4 -30.0 30
5 -47.0 47
6 -50.0 50
7 -50.0 50
8 -14.0 14
9 -10.0 10
10 -16.0 16
11 -18.0 18
12 -7.0 7
13 -8.0 8
14 -7.0 7
15 -7.0 7
16 -8.0 8
17 -7.0 7
0 -50.0 50
1 -50.0 50
2 -50.0 50
3 -50.0 50
4 -43.0 43
5 -8.0 8
6 -23.0 23
7 -35.0 35
8 -36.0 36
9 -19.0 19
10 -9.0 9
11 -9.0 9
12 -8.0 8
13 -9.0 9
14 -8.0 8
15 -7.0 7
16 -10.0 10
17 -7.0 7
0 -50.0 50
1 -50.0 50
2 -50.0 50
3 -18.0 18
4 -21.0 21
5 -50.0 50
6 -26.0 26
7 -23.0 23
8 -38.0 38
9 -24.0 24
10 -21.0 21
11 -16.0 16
12 -12.0 12
13 -10.0 10
14 -49.0 49
15 -12.0 12
16 -10.0 10
17 -13.0 13
0 -50.0 50
1 -33.0 33
2 -48.0 48
3 -50.0 50
4 -21.0 21
5 -50.0 50
6 -50.0 50
7 -30.0 30
8 -13.0 13
9 -15.0 15
10 -10.0 10
11 -10.0 10
12 -50.0 50
13 -16.0 16
14 -8.0 8
15 -7.0 7
16 -8.0 8
17 -7.0 7
0 -50.0 50
1 -50.0 50
2 -23.0 23
3 -50.0 50
4 -50.0 50
5 -8.0 8
6 -17.0 17
7 -15.0 15
8 -50.0 50
9 -40.0 40
10 -16.0 16
11 -47.0 47
12 -29.0 29
13 -13.0 13
14 -13.0 13
15 -12.0 12
16 -12.0 12
17 -12.0 12
0 -29.0 29
1 -50.0 50
2 -50.0 50
3 -50.0 50
4 -46.0 46
5 -41.0 41
6 -12.0 12
7 -35.0 35
8 -50.0 50
9 -10.0 10
10 -7.0 7
11 -32.0 32
12 -17.0 17
13 -7.0 7
14 -7.0 7
15 -7.0 7
16 -9.0 9
17 -7.0 7
0 -50.0 50
1 -39.0 39
2 -50.0 50
3 -50.0 50
4 -19.0 19
5 -19.0 19
6 -25.0 25
7 -50.0 50
8 -32.0 32
9 -46.0 46
10 -50.0 50
11 -17.0 17
12 -12.0 12
13 -13.0 13
14 -10.0 10
15 -13.0 13
16 -12.0 12
17 -9.0 9
0 -50.0 50
1 -50.0 50
2 -50.0 50
3 -50.0 50
4 -13.0 13
5 -26.0 26
6 -25.0 25
7 -50.0 50
8 -27.0 27
9 -15.0 15
10 -7.0 7
11 -7.0 7
12 -10.0 10
13 -7.0 7
14 -7.0 7
15 -9.0 9
16 -12.0 12
17 -7.0 7
0 -50.0 50
1 -50.0 50
2 -46.0 46
3 -20.0 20
4 -50.0 50
5 -50.0 50
6 -50.0 50
7 -42.0 42
8 -19.0 19
9 -15.0 15
10 -19.0 19
11 -14.0 14
12 -8.0 8
13 -7.0 7
14 -22.0 22
15 -8.0 8
16 -7.0 7
17 -7.0 7
0 -50.0 50
1 -50.0 50
2 -19.0 19
3 -50.0 50
4 -22.0 22
5 -46.0 46
6 -31.0 31
7 -29.0 29
8 -43.0 43
9 -14.0 14
10 -50.0 50
11 -23.0 23
12 -12.0 12
13 -11.0 11
14 -7.0 7
15 -7.0 7
16 -7.0 7
17 -7.0 7
0 -50.0 50
1 -50.0 50
2 -50.0 50
3 -50.0 50
4 -25.0 25
5 -31.0 31
6 -28.0 28
7 -31.0 31
8 -21.0 21
9 -21.0 21
10 -50.0 50
11 -45.0 45
12 -18.0 18
13 -10.0 10
14 -11.0 11
15 -13.0 13
16 -7.0 7
17 -7.0 7
0 -36.0 36
1 -50.0 50
2 -50.0 50
3 -50.0 50
4 -43.0 43
5 -50.0 50
6 -47.0 47
7 -16.0 16
8 -10.0 10
9 -10.0 10
10 -7.0 7
11 -18.0 18
12 -12.0 12
13 -9.0 9
14 -16.0 16
15 -10.0 10
16 -9.0 9
17 -7.0 7
0 -50.0 50
1 -50.0 50
2 -50.0 50
3 -17.0 17
4 -50.0 50
5 -50.0 50
6 -36.0 36
7 -29.0 29
8 -27.0 27
9 -10.0 10
10 -15.0 15
11 -10.0 10
12 -7.0 7
13 -14.0 14
14 -12.0 12
15 -9.0 9
16 -13.0 13
17 -9.0 9
0 -50.0 50
1 -34.0 34
2 -50.0 50
3 -27.0 27
4 -50.0 50
5 -37.0 37
6 -13.0 13
7 -10.0 10
8 -17.0 17
9 -50.0 50
10 -24.0 24
11 -50.0 50
12 -14.0 14
13 -13.0 13
14 -7.0 7
15 -7.0 7
16 -7.0 7
17 -7.0 7
0 -48.0 48
1 -50.0 50
2 -50.0 50
3 -50.0 50
4 -50.0 50
5 -45.0 45
6 -28.0 28
7 -25.0 25
8 -50.0 50
9 -19.0 19
10 -8.0 8
11 -8.0 8
12 -13.0 13
13 -10.0 10
14 -7.0 7
15 -7.0 7
16 -7.0 7
17 -7.0 7
0 -50.0 50
1 -41.0 41
2 -42.0 42
3 -50.0 50
4 -50.0 50
5 -43.0 43
6 -39.0 39
7 -39.0 39
8 -18.0 18
9 -10.0 10
10 -13.0 13
11 -14.0 14
12 -12.0 12
13 -7.0 7
14 -8.0 8
15 -7.0 7
16 -7.0 7
17 -7.0 7
0 -50.0 50
1 -21.0 21
2 -50.0 50
3 -50.0 50
4 -42.0 42
5 -46.0 46
6 -34.0 34
7 -50.0 50
8 -36.0 36
9 -16.0 16
10 -13.0 13
11 -17.0 17
12 -13.0 13
13 -19.0 19
14 -7.0 7
15 -9.0 9
16 -7.0 7
17 -7.0 7
0 -46.0 46
1 -50.0 50
2 -50.0 50
3 -41.0 41
4 -50.0 50
5 -47.0 47
6 -18.0 18
7 -11.0 11
8 -50.0 50
9 -50.0 50
10 -34.0 34
11 -14.0 14
12 -9.0 9
13 -18.0 18
14 -16.0 16
15 -7.0 7
16 -7.0 7
17 -7.0 7
0 -50.0 50
1 -50.0 50
2 -50.0 50
3 -32.0 32
4 -50.0 50
5 -50.0 50
6 -8.0 8
7 -12.0 12
8 -7.0 7
9 -19.0 19
10 -11.0 11
11 -12.0 12
12 -11.0 11
13 -18.0 18
14 -50.0 50
15 -23.0 23
16 -10.0 10
17 -7.0 7
0 -50.0 50
1 -50.0 50
2 -34.0 34
3 -50.0 50
4 -50.0 50
5 -50.0 50
6 -17.0 17
7 -7.0 7
8 -8.0 8
9 -9.0 9
10 -8.0 8
11 -9.0 9
12 -10.0 10
13 -13.0 13
14 -9.0 9
15 -7.0 7
16 -7.0 7
17 -10.0 10
0 -50.0 50
1 -47.0 47
2 -50.0 50
3 -50.0 50
4 -50.0 50
5 -38.0 38
6 -47.0 47
7 -29.0 29
8 -9.0 9
9 -20.0 20
10 -14.0 14
11 -8.0 8
12 -9.0 9
13 -16.0 16
14 -12.0 12
15 -7.0 7
16 -7.0 7
17 -7.0 7
0 -27.0 27
1 -50.0 50
2 -50.0 50
3 -50.0 50
4 -36.0 36
5 -50.0 50
6 -43.0 43
7 -30.0 30
8 -16.0 16
9 -19.0 19
10 -27.0 27
11 -17.0 17
12 -20.0 20
13 -40.0 40
14 -7.0 7
15 -7.0 7
16 -7.0 7
17 -7.0 7
0 -50.0 50
1 -50.0 50
2 -50.0 50
3 -50.0 50
4 -50.0 50
5 -15.0 15
6 -10.0 10
7 -28.0 28
8 -24.0 24
9 -22.0 22
10 -15.0 15
11 -49.0 49
12 -37.0 37
13 -14.0 14
14 -7.0 7
15 -7.0 7
16 -7.0 7
17 -7.0 7
0 -50.0 50
1 -37.0 37
2 -50.0 50
3 -50.0 50
4 -50.0 50
5 -50.0 50
6 -19.0 19
7 -27.0 27
8 -23.0 23
9 -12.0 12
10 -8.0 8
11 -7.0 7
12 -8.0 8
13 -8.0 8
14 -7.0 7
15 -11.0 11
16 -16.0 16
17 -7.0 7
0 -45.0 45
1 -50.0 50
2 -50.0 50
3 -50.0 50
4 -12.0 12
5 -26.0 26
6 -31.0 31
7 -50.0 50
8 -50.0 50
9 -21.0 21
10 -50.0 50
11 -13.0 13
12 -18.0 18
13 -7.0 7
14 -16.0 16
15 -7.0 7
16 -7.0 7
17 -7.0 7
0 -50.0 50
1 -50.0 50
2 -26.0 26
3 -29.0 29
4 -50.0 50
5 -39.0 39
6 -50.0 50
7 -50.0 50
8 -17.0 17
9 -16.0 16
10 -11.0 11
11 -10.0 10
12 -9.0 9
13 -8.0 8
14 -21.0 21
15 -20.0 20
16 -7.0 7
17 -7.0 7
0 -50.0 50
1 -47.0 47
2 -50.0 50
3 -21.0 21
4 -50.0 50
5 -26.0 26
6 -46.0 46
7 -29.0 29
8 -11.0 11
9 -11.0 11
10 -8.0 8
11 -7.0 7
12 -50.0 50
13 -50.0 50
14 -50.0 50
15 -34.0 34
16 -10.0 10
17 -7.0 7
0 -42.0 42
1 -50.0 50
2 -50.0 50
3 -50.0 50
4 -30.0 30
5 -19.0 19
6 -27.0 27
7 -25.0 25
8 -44.0 44
9 -17.0 17
10 -24.0 24
11 -20.0 20
12 -23.0 23
13 -7.0 7
14 -10.0 10
15 -7.0 7
16 -7.0 7
17 -7.0 7
0 -50.0 50
1 -50.0 50
2 -50.0 50
3 -34.0 34
4 -50.0 50
5 -26.0 26
6 -22.0 22
7 -50.0 50
8 -13.0 13
9 -9.0 9
10 -28.0 28
11 -19.0 19
12 -8.0 8
13 -7.0 7
14 -7.0 7
15 -12.0 12
16 -16.0 16
17 -7.0 7
0 -50.0 50
1 -50.0 50
2 -41.0 41
3 -50.0 50
4 -38.0 38
5 -20.0 20
6 -33.0 33
7 -22.0 22
8 -19.0 19
9 -18.0 18
10 -50.0 50
11 -21.0 21
12 -18.0 18
13 -11.0 11
14 -34.0 34
15 -10.0 10
16 -7.0 7
17 -7.0 7
0 -50.0 50
1 -50.0 50
2 -50.0 50
3 -50.0 50
4 -38.0 38
5 -13.0 13
6 -11.0 11
7 -50.0 50
8 -29.0 29
9 -10.0 10
10 -8.0 8
11 -7.0 7
12 -10.0 10
13 -10.0 10
14 -7.0 7
15 -9.0 9
16 -7.0 7
17 -7.0 7
