0 -50.0 50
1 -50.0 50
2 -19.0 19
3 -50.0 50
4 -28.0 28
5 -21.0 21
6 -26.0 26
7 -43.0 43
8 -37.0 37
9 -39.0 39
10 -50.0 50
11 -9.0 9
12 -44.0 44
13 -10.0 10
14 -8.0 8
15 -9.0 9
16 -7.0 7
17 -7.0 7
18 -7.0 7
19 -7.0 7
20 -7.0 7
21 -7.0 7
0 -45.0 45
1 -50.0 50
2 -47.0 47
3 -50.0 50
4 -30.0 30
5 -50.0 50
6 -24.0 24
7 -39.0 39
8 -16.0 16
9 -12.0 12
10 -26.0 26
11 -8.0 8
12 -8.0 8
13 -7.0 7
14 -9.0 9
15 -15.0 15
16 -15.0 15
17 -7.0 7
18 -8.0 8
19 -7.0 7
20 -7.0 7
21 -7.0 7
0 -50.0 50
1 -50.0 50
2 -24.0 24
3 -50.0 50
4 -44.0 44
5 -50.0 50
6 -12.0 12
7 -10.0 10
8 -17.0 17
9 -11.0 11
10 -7.0 7
11 -7.0 7
12 -8.0 8
13 -16.0 16
14 -28.0 28
15 -50.0 50
16 -27.0 27
17 -14.0 14
18 -12.0 12
19 -9.0 9
20 -7.0 7
21 -7.0 7
0 -50.0 50
1 -41.0 41
2 -50.0 50
3 -27.0 27
4 -50.0 50
5 -21.0 21
6 -49.0 49
7 -29.0 29
8 -14.0 14
9 -7.0 7
10 -7.0 7
11 -7.0 7
12 -9.0 9
13 -17.0 17
14 -8.0 8
15 -12.0 12
16 -8.0 8
17 -9.0 9
18 -7.0 7
19 -7.0 7
20 -7.0 7
21 -7.0 7
0 -50.0 50
1 -50.0 50
2 -47.0 47
3 -50.0 50
4 -28.0 28
5 -36.0 36
6 -42.0 42
7 -10.0 10
8 -8.0 8
9 -17.0 17
10 -13.0 13
11 -13.0 13
12 -27.0 27
13 -25.0 25
14 -50.0 50
15 -26.0 26
16 -16.0 16
17 -13.0 13
18 -10.0 10
19 -8.0 8
20 -7.0 7
21 -7.0 7
0 -50.0 50
1 -50.0 50
2 -50.0 50
3 -50.0 50
4 -9.0 9
5 -28.0 28
6 -23.0 23
7 -50.0 50
8 -29.0 29
9 -13.0 13
10 -14.0 14
11 -20.0 20
12 -50.0 50
13 -28.0 28
14 -15.0 15
15 -11.0 11
16 -12.0 12
17 -15.0 15
18 -11.0 11
19 -12.0 12
20 -13.0 13
21 -13.0 13
0 -50.0 50
1 -50.0 50
2 -43.0 43
3 -50.0 50
4 -50.0 50
5 -13.0 13
6 -22.0 22
7 -14.0 14
8 -40.0 40
9 -35.0 35
10 -12.0 12
11 -50.0 50
12 -11.0 11
13 -8.0 8
14 -8.0 8
15 -8.0 8
16 -7.0 7
17 -7.0 7
18 -7.0 7
19 -9.0 9
20 -7.0 7
21 -7.0 7
0 -50.0 50
1 -49.0 49
2 -50.0 50
3 -37.0 37
4 -30.0 30
5 -50.0 50
6 -17.0 17
7 -16.0 16
8 -17.0 17
9 -27.0 27
10 -50.0 50
11 -18.0 18
12 -13.0 13
13 -9.0 9
14 -9.0 9
15 -32.0 32
16 -47.0 47
17 -20.0 20
18 -13.0 13
19 -11.0 11
20 -10.0 10
21 -11.0 11
0 -26.0 26
1 -50.0 50
2 -50.0 50
3 -50.0 50
4 -22.0 22
5 -50.0 50
6 -29.0 29
7 -29.0 29
8 -12.0 12
9 -8.0 8
10 -7.0 7
11 -11.0 11
12 -8.0 8
13 -21.0 21
14 -14.0 14
15 -48.0 48
16 -50.0 50
17 -10.0 10
18 -13.0 13
19 -7.0 7
20 -7.0 7
21 -7.0 7
0 -50.0 50
1 -37.0 37
2 -50.0 50
3 -34.0 34
4 -50.0 50
5 -39.0 39
6 -50.0 50
7 -30.0 30
8 -9.0 9
9 -9.0 9
10 -13.0 13
11 -10.0 10
12 -10.0 10
13 -8.0 8
14 -7.0 7
15 -7.0 7
16 -7.0 7
17 -10.0 10
18 -8.0 8
19 -7.0 7
20 -9.0 9
21 -10.0 10
0 -50.0 50
1 -50.0 50
2 -50.0 50
3 -50.0 50
4 -50.0 50
5 -22.0 22
6 -20.0 20
7 -29.0 29
8 -49.0 49
9 -30.0 30
10 -12.0 12
11 -16.0 16
12 -8.0 8
13 -7.0 7
14 -11.0 11
15 -7.0 7
16 -13.0 13
17 -17.0 17
18 -7.0 7
19 -7.0 7
20 -7.0 7
21 -7.0 7
0 -31.0 31
1 -50.0 50
2 -50.0 50
3 -50.0 50
4 -50.0 50
5 -50.0 50
6 -13.0 13
7 -13.0 13
8 -12.0 12
9 -15.0 15
10 -10.0 10
11 -7.0 7
12 -12.0 12
13 -14.0 14
14 -7.0 7
15 -7.0 7
16 -8.0 8
17 -13.0 13
18 -11.0 11
19 -14.0 14
20 -10.0 10
21 -14.0 14
0 -50.0 50
1 -50.0 50
2 -50.0 50
3 -48.0 48
4 -33.0 33
5 -50.0 50
6 -34.0 34
7 -29.0 29
8 -16.0 16
9 -35.0 35
10 -12.0 12
11 -38.0 38
12 -12.0 12
13 -13.0 13
14 -9.0 9
15 -7.0 7
16 -8.0 8
17 -10.0 10
18 -7.0 7
19 -7.0 7
20 -7.0 7
21 -7.0 7
0 -42.0 42
1 -50.0 50
2 -37.0 37
3 -50.0 50
4 -50.0 50
5 -50.0 50
6 -44.0 44
7 -26.0 26
8 -11.0 11
9 -7.0 7
10 -7.0 7
11 -7.0 7
12 -10.0 10
13 -14.0 14
14 -8.0 8
15 -7.0 7
16 -9.0 9
17 -7.0 7
18 -8.0 8
19 -15.0 15
20 -11.0 11
21 -7.0 7
0 -50.0 50
1 -50.0 50
2 -50.0 50
3 -50.0 50
4 -50.0 50
5 -19.0 19
6 -27.0 27
7 -15.0 15
8 -50.0 50
9 -23.0 23
10 -16.0 16
11 -17.0 17
12 -12.0 12
13 -16.0 16
14 -18.0 18
15 -11.0 11
16 -12.0 12
17 -8.0 8
18 -11.0 11
19 -7.0 7
20 -7.0 7
21 -7.0 7
0 -50.0 50
1 -50.0 50
2 -43.0 43
3 -18.0 18
4 -30.0 30
5 -50.0 50
6 -27.0 27
7 -50.0 50
8 -37.0 37
9 -34.0 34
10 -17.0 17
11 -11.0 11
12 -7.0 7
13 -8.0 8
14 -9.0 9
15 -10.0 10
16 -12.0 12
17 -9.0 9
18 -7.0 7
19 -7.0 7
20 -7.0 7
21 -7.0 7
0 -40.0 40
1 -50.0 50
2 -50.0 50
3 -50.0 50
4 -50.0 50
5 -46.0 46
6 -15.0 15
7 -16.0 16
8 -26.0 26
9 -12.0 12
10 -8.0 8
11 -18.0 18
12 -12.0 12
13 -20.0 20
14 -14.0 14
15 -20.0 20
16 -13.0 13
17 -12.0 12
18 -8.0 8
19 -7.0 7
20 -7.0 7
21 -8.0 8
0 -50.0 50
1 -44.0 44
2 -50.0 50
3 -50.0 50
4 -21.0 21
5 -50.0 50
6 -50.0 50
7 -16.0 16
8 -19.0 19
9 -19.0 19
10 -9.0 9
11 -11.0 11
12 -7.0 7
13 -11.0 11
14 -13.0 13
15 -8.0 8
16 -7.0 7
17 -7.0 7
18 -7.0 7
19 -7.0 7
20 -8.0 8
21 -7.0 7
0 -35.0 35
1 -50.0 50
2 -50.0 50
3 -50.0 50
4 -26.0 26
5 -30.0 30
6 -15.0 15
7 -21.0 21
8 -48.0 48
9 -16.0 16
10 -25.0 25
11 -17.0 17
12 -7.0 7
13 -8.0 8
14 -8.0 8
15 -7.0 7
16 -10.0 10
17 -9.0 9
18 -7.0 7
19 -10.0 10
20 -7.0 7
21 -7.0 7
0 -47.0 47
1 -50.0 50
2 -50.0 50
3 -50.0 50
4 -50.0 50
5 -50.0 50
6 -50.0 50
7 -19.0 19
8 -8.0 8
9 -14.0 14
10 -10.0 10
11 -7.0 7
12 -7.0 7
13 -10.0 10
14 -9.0 9
15 -17.0 17
16 -15.0 15
17 -8.0 8
18 -7.0 7
19 -7.0 7
20 -7.0 7
21 -7.0 7
