
0 -50.0 50
7 -50.0 50
0 -50.0 50
7 -7.0 7
0 -50.0 50
7 -50.0 50
0 -50.0 50
7 -50.0 50
0 -50.0 50
7 -50.0 50
0 -50.0 50
7 -50.0 50
0 -50.0 50
7 -50.0 50
0 -50.0 50
7 -50.0 50
0 -50.0 50
7 -50.0 50
0 -50.0 50
7 -50.0 50
0 -50.0 50
7 -50.0 50
0 -50.0 50
7 -50.0 50
0 -50.0 50
7 -50.0 50
0 -50.0 50
7 -50.0 50
0 -50.0 50
7 -50.0 50
0 -50.0 50
7 -7.0 7
0 -50.0 50
7 -50.0 50
0 -50.0 50
7 -50.0 50
0 -50.0 50
7 -50.0 50
0 -50.0 50
7 -50.0 50
0 -50.0 50
7 -50.0 50
0 -50.0 50
7 -50.0 50
0 -50.0 50
7 -50.0 50
0 -50.0 50
7 -50.0 50
0 -50.0 50
7 -50.0 50
0 -50.0 50
7 -50.0 50
0 -50.0 50
7 -50.0 50
0 -50.0 50
7 -50.0 50
0 -50.0 50
7 -50.0 50
0 -50.0 50
7 -50.0 50
0 -50.0 50
7 -50.0 50
0 -50.0 50
7 -50.0 50
0 -50.0 50
7 -50.0 50
0 -50.0 50
7 -50.0 50
0 -50.0 50
7 -50.0 50
0 -50.0 50
7 -7.0 7
0 -50.0 50
7 -50.0 50
0 -50.0 50
7 -50.0 50
0 -50.0 50
7 -50.0 50
0 -50.0 50
7 -50.0 50