
0 -50.0 50
10 -7.0 7
15 -7.0 7
0 -50.0 50
10 -7.0 7
15 -7.0 7
0 -50.0 50
10 -7.0 7
15 -7.0 7
0 -50.0 50
10 -7.0 7
15 -7.0 7
0 -50.0 50
10 -50.0 50
15 -7.0 7
0 -50.0 50
10 -7.0 7
15 -7.0 7
0 -50.0 50
10 -7.0 7
15 -7.0 7
0 -50.0 50
10 -7.0 7
15 -7.0 7
0 -50.0 50
10 -7.0 7
15 -7.0 7
0 -50.0 50
10 -50.0 50
15 -7.0 7
0 -50.0 50
10 -50.0 50
15 -7.0 7
0 -50.0 50
10 -7.0 7
15 -7.0 7
0 -50.0 50
10 -7.0 7
15 -7.0 7
0 -50.0 50
10 -7.0 7
15 -7.0 7
0 -50.0 50
10 -7.0 7
15 -7.0 7
0 -50.0 50
10 -7.0 7
15 -50.0 50
0 -50.0 50
10 -50.0 50
15 -7.0 7
0 -50.0 50
10 -7.0 7
15 -7.0 7
0 -50.0 50
10 -7.0 7
15 -7.0 7
0 -50.0 50
10 -7.0 7
15 -7.0 7
0 -50.0 50
10 -7.0 7
15 -7.0 7
0 -50.0 50
10 -50.0 50
15 -7.0 7
0 -50.0 50
10 -7.0 7
15 -7.0 7
0 -50.0 50
10 -7.0 7
15 -7.0 7
0 -50.0 50
10 -7.0 7
15 -7.0 7
0 -50.0 50
10 -7.0 7
15 -7.0 7
0 -50.0 50
10 -50.0 50
15 -7.0 7
0 -50.0 50
10 -50.0 50
15 -7.0 7
0 -50.0 50
10 -7.0 7
15 -7.0 7
0 -50.0 50
10 -7.0 7
15 -7.0 7
0 -50.0 50
10 -7.0 7
15 -7.0 7
0 -50.0 50
10 -7.0 7
15 -50.0 50
0 -50.0 50
10 -7.0 7
15 -7.0 7
0 -50.0 50
10 -7.0 7
15 -7.0 7
0 -50.0 50
10 -7.0 7
15 -7.0 7
0 -50.0 50
10 -7.0 7
15 -7.0 7
0 -50.0 50
10 -7.0 7
15 -7.0 7
0 -50.0 50
10 -7.0 7
15 -7.0 7
0 -50.0 50
10 -50.0 50
15 -7.0 7
0 -50.0 50
10 -7.0 7
15 -7.0 7