0 -50.0 50
1 -44.0 44
2 -50.0 50
3 -50.0 50
4 -23.0 23
5 -50.0 50
6 -44.0 44
7 -23.0 23
8 -50.0 50
9 -32.0 32
10 -29.0 29
11 -18.0 18
12 -11.0 11
13 -12.0 12
14 -12.0 12
15 -15.0 15
16 -16.0 16
17 -9.0 9
18 -7.0 7
19 -8.0 8
20 -7.0 7
21 -7.0 7
22 -7.0 7
23 -9.0 9
0 -22.0 22
1 -50.0 50
2 -50.0 50
3 -50.0 50
4 -50.0 50
5 -38.0 38
6 -12.0 12
7 -14.0 14
8 -13.0 13
9 -18.0 18
10 -47.0 47
11 -33.0 33
12 -31.0 31
13 -14.0 14
14 -15.0 15
15 -10.0 10
16 -11.0 11
17 -12.0 12
18 -22.0 22
19 -17.0 17
20 -11.0 11
21 -7.0 7
22 -7.0 7
23 -7.0 7
0 -50.0 50
1 -39.0 39
2 -50.0 50
3 -36.0 36
4 -50.0 50
5 -36.0 36
6 -33.0 33
7 -21.0 21
8 -14.0 14
9 -11.0 11
10 -15.0 15
11 -50.0 50
12 -22.0 22
13 -7.0 7
14 -7.0 7
15 -7.0 7
16 -9.0 9
17 -8.0 8
18 -17.0 17
19 -8.0 8
20 -8.0 8
21 -9.0 9
22 -7.0 7
23 -7.0 7
0 -50.0 50
1 -50.0 50
2 -25.0 25
3 -26.0 26
4 -50.0 50
5 -50.0 50
6 -45.0 45
7 -11.0 11
8 -8.0 8
9 -10.0 10
10 -8.0 8
11 -13.0 13
12 -50.0 50
13 -21.0 21
14 -16.0 16
15 -17.0 17
16 -11.0 11
17 -7.0 7
18 -28.0 28
19 -7.0 7
20 -7.0 7
21 -7.0 7
22 -7.0 7
23 -7.0 7
0 -50.0 50
1 -50.0 50
2 -18.0 18
3 -36.0 36
4 -50.0 50
5 -25.0 25
6 -50.0 50
7 -36.0 36
8 -49.0 49
9 -50.0 50
10 -25.0 25
11 -15.0 15
12 -10.0 10
13 -10.0 10
14 -15.0 15
15 -9.0 9
16 -10.0 10
17 -7.0 7
18 -7.0 7
19 -9.0 9
20 -11.0 11
21 -7.0 7
22 -7.0 7
23 -7.0 7
0 -50.0 50
1 -50.0 50
2 -50.0 50
3 -19.0 19
4 -50.0 50
5 -12.0 12
6 -11.0 11
7 -18.0 18
8 -34.0 34
9 -50.0 50
10 -32.0 32
11 -27.0 27
12 -10.0 10
13 -14.0 14
14 -8.0 8
15 -7.0 7
16 -8.0 8
17 -17.0 17
18 -14.0 14
19 -7.0 7
20 -7.0 7
21 -7.0 7
22 -7.0 7
23 -7.0 7
0 -35.0 35
1 -50.0 50
2 -50.0 50
3 -45.0 45
4 -50.0 50
5 -25.0 25
6 -7.0 7
7 -14.0 14
8 -13.0 13
9 -23.0 23
10 -50.0 50
11 -21.0 21
12 -12.0 12
13 -30.0 30
14 -8.0 8
15 -7.0 7
16 -11.0 11
17 -8.0 8
18 -7.0 7
19 -9.0 9
20 -7.0 7
21 -7.0 7
22 -7.0 7
23 -17.0 17
0 -50.0 50
1 -50.0 50
2 -50.0 50
3 -26.0 26
4 -50.0 50
5 -27.0 27
6 -18.0 18
7 -20.0 20
8 -10.0 10
9 -8.0 8
10 -8.0 8
11 -11.0 11
12 -10.0 10
13 -7.0 7
14 -10.0 10
15 -16.0 16
16 -14.0 14
17 -9.0 9
18 -9.0 9
19 -9.0 9
20 -9.0 9
21 -14.0 14
22 -29.0 29
23 -38.0 38
0 -50.0 50
1 -50.0 50
2 -50.0 50
3 -23.0 23
4 -13.0 13
5 -50.0 50
6 -46.0 46
7 -50.0 50
8 -7.0 7
9 -7.0 7
10 -7.0 7
11 -7.0 7
12 -7.0 7
13 -7.0 7
14 -7.0 7
15 -7.0 7
16 -9.0 9
17 -12.0 12
18 -9.0 9
19 -8.0 8
20 -9.0 9
21 -7.0 7
22 -7.0 7
23 -7.0 7
0 -50.0 50
1 -50.0 50
2 -50.0 50
3 -50.0 50
4 -42.0 42
5 -33.0 33
6 -16.0 16
7 -14.0 14
8 -15.0 15
9 -17.0 17
10 -50.0 50
11 -11.0 11
12 -7.0 7
13 -9.0 9
14 -7.0 7
15 -9.0 9
16 -18.0 18
17 -14.0 14
18 -12.0 12
19 -7.0 7
20 -7.0 7
21 -7.0 7
22 -7.0 7
23 -7.0 7
0 -50.0 50
1 -50.0 50
2 -46.0 46
3 -50.0 50
4 -36.0 36
5 -50.0 50
6 -50.0 50
7 -50.0 50
8 -22.0 22
9 -22.0 22
10 -10.0 10
11 -9.0 9
12 -10.0 10
13 -8.0 8
14 -8.0 8
15 -8.0 8
16 -8.0 8
17 -11.0 11
18 -12.0 12
19 -13.0 13
20 -7.0 7
21 -7.0 7
22 -7.0 7
23 -7.0 7
0 -50.0 50
1 -50.0 50
2 -47.0 47
3 -39.0 39
4 -44.0 44
5 -42.0 42
6 -13.0 13
7 -13.0 13
8 -17.0 17
9 -25.0 25
10 -28.0 28
11 -26.0 26
12 -38.0 38
13 -50.0 50
14 -40.0 40
15 -11.0 11
16 -12.0 12
17 -14.0 14
18 -13.0 13
19 -11.0 11
20 -9.0 9
21 -9.0 9
22 -10.0 10
23 -10.0 10
0 -50.0 50
1 -50.0 50
2 -50.0 50
3 -42.0 42
4 -50.0 50
5 -14.0 14
6 -19.0 19
7 -22.0 22
8 -20.0 20
9 -35.0 35
10 -37.0 37
11 -9.0 9
12 -8.0 8
13 -10.0 10
14 -10.0 10
15 -9.0 9
16 -9.0 9
17 -16.0 16
18 -27.0 27
19 -13.0 13
20 -9.0 9
21 -9.0 9
22 -7.0 7
23 -7.0 7
0 -50.0 50
1 -50.0 50
2 -50.0 50
3 -16.0 16
4 -34.0 34
5 -36.0 36
6 -47.0 47
7 -31.0 31
8 -14.0 14
9 -16.0 16
10 -12.0 12
11 -29.0 29
12 -22.0 22
13 -9.0 9
14 -9.0 9
15 -7.0 7
16 -9.0 9
17 -50.0 50
18 -10.0 10
19 -7.0 7
20 -7.0 7
21 -7.0 7
22 -7.0 7
23 -7.0 7
0 -50.0 50
1 -50.0 50
2 -28.0 28
3 -47.0 47
4 -39.0 39
5 -48.0 48
6 -18.0 18
7 -18.0 18
8 -12.0 12
9 -12.0 12
10 -15.0 15
11 -50.0 50
12 -18.0 18
13 -21.0 21
14 -15.0 15
15 -9.0 9
16 -35.0 35
17 -10.0 10
18 -11.0 11
19 -39.0 39
20 -12.0 12
21 -16.0 16
22 -14.0 14
23 -7.0 7
0 -50.0 50
1 -50.0 50
2 -29.0 29
3 -50.0 50
4 -44.0 44
5 -50.0 50
6 -50.0 50
7 -48.0 48
8 -8.0 8
9 -7.0 7
10 -13.0 13
11 -11.0 11
12 -20.0 20
13 -9.0 9
14 -9.0 9
15 -13.0 13
16 -7.0 7
17 -7.0 7
18 -8.0 8
19 -8.0 8
20 -7.0 7
21 -7.0 7
22 -11.0 11
23 -10.0 10
0 -50.0 50
1 -42.0 42
2 -50.0 50
3 -50.0 50
4 -50.0 50
5 -50.0 50
6 -27.0 27
7 -11.0 11
8 -13.0 13
9 -11.0 11
10 -11.0 11
11 -16.0 16
12 -28.0 28
13 -18.0 18
14 -10.0 10
15 -11.0 11
16 -12.0 12
17 -13.0 13
18 -13.0 13
19 -24.0 24
20 -7.0 7
21 -7.0 7
22 -7.0 7
23 -7.0 7
0 -50.0 50
1 -47.0 47
2 -26.0 26
3 -50.0 50
4 -39.0 39
5 -50.0 50
6 -16.0 16
7 -26.0 26
8 -27.0 27
9 -50.0 50
10 -28.0 28
11 -17.0 17
12 -15.0 15
13 -19.0 19
14 -16.0 16
15 -8.0 8
16 -7.0 7
17 -8.0 8
18 -8.0 8
19 -7.0 7
20 -7.0 7
21 -7.0 7
22 -7.0 7
23 -7.0 7
0 -50.0 50
1 -50.0 50
2 -28.0 28
3 -35.0 35
4 -50.0 50
5 -50.0 50
6 -25.0 25
7 -32.0 32
8 -24.0 24
9 -15.0 15
10 -14.0 14
11 -7.0 7
12 -7.0 7
13 -9.0 9
14 -7.0 7
15 -13.0 13
16 -11.0 11
17 -7.0 7
18 -8.0 8
19 -50.0 50
20 -19.0 19
21 -11.0 11
22 -10.0 10
23 -9.0 9
0 -50.0 50
1 -50.0 50
2 -50.0 50
3 -26.0 26
4 -50.0 50
5 -50.0 50
6 -20.0 20
7 -10.0 10
8 -7.0 7
9 -13.0 13
10 -7.0 7
11 -8.0 8
12 -19.0 19
13 -13.0 13
14 -50.0 50
15 -31.0 31
16 -16.0 16
17 -12.0 12
18 -16.0 16
19 -9.0 9
20 -10.0 10
21 -7.0 7
22 -7.0 7
23 -7.0 7
0 -50.0 50
1 -50.0 50
2 -50.0 50
3 -29.0 29
4 -50.0 50
5 -32.0 32
6 -50.0 50
7 -15.0 15
8 -17.0 17
9 -13.0 13
10 -11.0 11
11 -8.0 8
12 -7.0 7
13 -7.0 7
14 -9.0 9
15 -12.0 12
16 -11.0 11
17 -9.0 9
18 -10.0 10
19 -13.0 13
20 -10.0 10
21 -7.0 7
22 -7.0 7
23 -7.0 7
0 -50.0 50
1 -44.0 44
2 -50.0 50
3 -50.0 50
4 -50.0 50
5 -25.0 25
6 -35.0 35
7 -13.0 13
8 -15.0 15
9 -50.0 50
10 -27.0 27
11 -16.0 16
12 -12.0 12
13 -11.0 11
14 -9.0 9
15 -7.0 7
16 -7.0 7
17 -7.0 7
18 -8.0 8
19 -8.0 8
20 -7.0 7
21 -7.0 7
22 -7.0 7
23 -7.0 7
0 -50.0 50
1 -50.0 50
2 -50.0 50
3 -11.0 11
4 -50.0 50
5 -50.0 50
6 -33.0 33
7 -29.0 29
8 -15.0 15
9 -10.0 10
10 -17.0 17
11 -9.0 9
12 -10.0 10
13 -16.0 16
14 -21.0 21
15 -12.0 12
16 -14.0 14
17 -21.0 21
18 -19.0 19
19 -11.0 11
20 -9.0 9
21 -7.0 7
22 -8.0 8
23 -7.0 7
0 -50.0 50
1 -32.0 32
2 -50.0 50
3 -38.0 38
4 -50.0 50
5 -32.0 32
6 -15.0 15
7 -13.0 13
8 -37.0 37
9 -25.0 25
10 -7.0 7
11 -50.0 50
12 -34.0 34
13 -27.0 27
14 -13.0 13
15 -7.0 7
16 -8.0 8
17 -7.0 7
18 -7.0 7
19 -7.0 7
20 -7.0 7
21 -7.0 7
22 -7.0 7
23 -7.0 7
0 -50.0 50
1 -50.0 50
2 -50.0 50
3 -50.0 50
4 -50.0 50
5 -25.0 25
6 -48.0 48
7 -7.0 7
8 -10.0 10
9 -11.0 11
10 -10.0 10
11 -17.0 17
12 -10.0 10
13 -10.0 10
14 -9.0 9
15 -9.0 9
16 -21.0 21
17 -17.0 17
18 -10.0 10
19 -7.0 7
20 -7.0 7
21 -7.0 7
22 -7.0 7
23 -7.0 7
0 -50.0 50
1 -50.0 50
2 -50.0 50
3 -50.0 50
4 -12.0 12
5 -50.0 50
6 -22.0 22
7 -50.0 50
8 -16.0 16
9 -7.0 7
10 -9.0 9
11 -15.0 15
12 -9.0 9
13 -11.0 11
14 -8.0 8
15 -10.0 10
16 -7.0 7
17 -7.0 7
18 -7.0 7
19 -9.0 9
20 -8.0 8
21 -7.0 7
22 -7.0 7
23 -9.0 9
0 -50.0 50
1 -50.0 50
2 -50.0 50
3 -50.0 50
4 -42.0 42
5 -31.0 31
6 -15.0 15
7 -10.0 10
8 -18.0 18
9 -12.0 12
10 -11.0 11
11 -38.0 38
12 -50.0 50
13 -23.0 23
14 -9.0 9
15 -7.0 7
16 -11.0 11
17 -9.0 9
18 -7.0 7
19 -8.0 8
20 -7.0 7
21 -9.0 9
22 -7.0 7
23 -7.0 7
0 -50.0 50
1 -50.0 50
2 -50.0 50
3 -34.0 34
4 -31.0 31
5 -44.0 44
6 -33.0 33
7 -21.0 21
8 -15.0 15
9 -10.0 10
10 -7.0 7
11 -10.0 10
12 -9.0 9
13 -21.0 21
14 -7.0 7
15 -7.0 7
16 -27.0 27
17 -13.0 13
18 -12.0 12
19 -7.0 7
20 -7.0 7
21 -7.0 7
22 -7.0 7
23 -7.0 7
0 -50.0 50
1 -50.0 50
2 -50.0 50
3 -19.0 19
4 -43.0 43
5 -49.0 49
6 -43.0 43
7 -20.0 20
8 -28.0 28
9 -7.0 7
10 -10.0 10
11 -9.0 9
12 -9.0 9
13 -42.0 42
14 -23.0 23
15 -16.0 16
16 -16.0 16
17 -9.0 9
18 -7.0 7
19 -8.0 8
20 -7.0 7
21 -7.0 7
22 -7.0 7
23 -7.0 7
0 -50.0 50
1 -50.0 50
2 -50.0 50
3 -50.0 50
4 -50.0 50
5 -50.0 50
6 -15.0 15
7 -18.0 18
8 -12.0 12
9 -14.0 14
10 -8.0 8
11 -11.0 11
12 -9.0 9
13 -28.0 28
14 -11.0 11
15 -8.0 8
16 -10.0 10
17 -9.0 9
18 -7.0 7
19 -8.0 8
20 -7.0 7
21 -11.0 11
22 -7.0 7
23 -9.0 9
0 -50.0 50
1 -50.0 50
2 -50.0 50
3 -43.0 43
4 -43.0 43
5 -50.0 50
6 -13.0 13
7 -26.0 26
8 -36.0 36
9 -23.0 23
10 -26.0 26
11 -14.0 14
12 -8.0 8
13 -8.0 8
14 -46.0 46
15 -50.0 50
16 -36.0 36
17 -7.0 7
18 -7.0 7
19 -7.0 7
20 -7.0 7
21 -7.0 7
22 -7.0 7
23 -7.0 7
0 -50.0 50
1 -50.0 50
2 -50.0 50
3 -50.0 50
4 -15.0 15
5 -50.0 50
6 -49.0 49
7 -31.0 31
8 -12.0 12
9 -30.0 30
10 -33.0 33
11 -27.0 27
12 -10.0 10
13 -7.0 7
14 -18.0 18
15 -24.0 24
16 -11.0 11
17 -8.0 8
18 -7.0 7
19 -9.0 9
20 -8.0 8
21 -7.0 7
22 -7.0 7
23 -7.0 7
0 -50.0 50
1 -50.0 50
2 -22.0 22
3 -50.0 50
4 -36.0 36
5 -50.0 50
6 -44.0 44
7 -10.0 10
8 -11.0 11
9 -10.0 10
10 -17.0 17
11 -15.0 15
12 -9.0 9
13 -9.0 9
14 -8.0 8
15 -10.0 10
16 -9.0 9
17 -7.0 7
18 -7.0 7
19 -8.0 8
20 -7.0 7
21 -7.0 7
22 -7.0 7
23 -7.0 7
0 -26.0 26
1 -50.0 50
2 -50.0 50
3 -28.0 28
4 -50.0 50
5 -27.0 27
6 -24.0 24
7 -50.0 50
8 -19.0 19
9 -34.0 34
10 -27.0 27
11 -12.0 12
12 -14.0 14
13 -13.0 13
14 -9.0 9
15 -9.0 9
16 -7.0 7
17 -8.0 8
18 -8.0 8
19 -7.0 7
20 -16.0 16
21 -9.0 9
22 -8.0 8
23 -7.0 7
0 -50.0 50
1 -50.0 50
2 -50.0 50
3 -19.0 19
4 -30.0 30
5 -50.0 50
6 -34.0 34
7 -36.0 36
8 -21.0 21
9 -7.0 7
10 -7.0 7
11 -8.0 8
12 -7.0 7
13 -7.0 7
14 -11.0 11
15 -20.0 20
16 -10.0 10
17 -10.0 10
18 -9.0 9
19 -7.0 7
20 -7.0 7
21 -7.0 7
22 -7.0 7
23 -7.0 7
0 -50.0 50
1 -50.0 50
2 -45.0 45
3 -24.0 24
4 -42.0 42
5 -32.0 32
6 -50.0 50
7 -50.0 50
8 -35.0 35
9 -50.0 50
10 -38.0 38
11 -22.0 22
12 -9.0 9
13 -7.0 7
14 -7.0 7
15 -9.0 9
16 -7.0 7
17 -9.0 9
18 -7.0 7
19 -7.0 7
20 -7.0 7
21 -7.0 7
22 -7.0 7
23 -7.0 7
0 -50.0 50
1 -31.0 31
2 -50.0 50
3 -37.0 37
4 -50.0 50
5 -50.0 50
6 -26.0 26
7 -48.0 48
8 -8.0 8
9 -8.0 8
10 -11.0 11
11 -9.0 9
12 -9.0 9
13 -12.0 12
14 -7.0 7
15 -8.0 8
16 -10.0 10
17 -21.0 21
18 -14.0 14
19 -7.0 7
20 -7.0 7
21 -7.0 7
22 -7.0 7
23 -7.0 7
0 -50.0 50
1 -50.0 50
2 -27.0 27
3 -47.0 47
4 -50.0 50
5 -46.0 46
6 -29.0 29
7 -50.0 50
8 -30.0 30
9 -44.0 44
10 -8.0 8
11 -7.0 7
12 -8.0 8
13 -7.0 7
14 -8.0 8
15 -9.0 9
16 -7.0 7
17 -8.0 8
18 -7.0 7
19 -10.0 10
20 -11.0 11
21 -12.0 12
22 -7.0 7
23 -7.0 7
0 -50.0 50
1 -28.0 28
2 -50.0 50
3 -50.0 50
4 -22.0 22
5 -17.0 17
6 -50.0 50
7 -15.0 15
8 -50.0 50
9 -50.0 50
10 -50.0 50
11 -29.0 29
12 -15.0 15
13 -11.0 11
14 -7.0 7
15 -8.0 8
16 -8.0 8
17 -9.0 9
18 -8.0 8
19 -7.0 7
20 -8.0 8
21 -7.0 7
22 -7.0 7
23 -7.0 7
0 -50.0 50
1 -31.0 31
2 -50.0 50
3 -49.0 49
4 -50.0 50
5 -50.0 50
6 -23.0 23
7 -15.0 15
8 -30.0 30
9 -39.0 39
10 -9.0 9
11 -12.0 12
12 -9.0 9
13 -7.0 7
14 -8.0 8
15 -8.0 8
16 -16.0 16
17 -7.0 7
18 -13.0 13
19 -7.0 7
20 -7.0 7
21 -7.0 7
22 -7.0 7
23 -9.0 9
