0 -50.0 50
1 -50.0 50
2 -41.0 41
3 -50.0 50
4 -50.0 50
5 -42.0 42
0 -50.0 50
1 -50.0 50
2 -43.0 43
3 -50.0 50
4 -49.0 49
5 -41.0 41
0 -50.0 50
1 -50.0 50
2 -35.0 35
3 -50.0 50
4 -50.0 50
5 -38.0 38
0 -25.0 25
1 -50.0 50
2 -50.0 50
3 -50.0 50
4 -50.0 50
5 -40.0 40
0 -50.0 50
1 -50.0 50
2 -28.0 28
3 -31.0 31
4 -50.0 50
5 -50.0 50
0 -50.0 50
1 -12.0 12
2 -50.0 50
3 -50.0 50
4 -50.0 50
5 -10.0 10
0 -50.0 50
1 -37.0 37
2 -50.0 50
3 -27.0 27
4 -50.0 50
5 -46.0 46
0 -50.0 50
1 -50.0 50
2 -50.0 50
3 -40.0 40
4 -48.0 48
5 -50.0 50
0 -48.0 48
1 -50.0 50
2 -50.0 50
3 -23.0 23
4 -50.0 50
5 -26.0 26
0 -50.0 50
1 -21.0 21
2 -50.0 50
3 -50.0 50
4 -50.0 50
5 -50.0 50
0 -50.0 50
1 -50.0 50
2 -35.0 35
3 -50.0 50
4 -50.0 50
5 -27.0 27
0 -50.0 50
1 -50.0 50
2 -46.0 46
3 -37.0 37
4 -50.0 50
5 -36.0 36
0 -50.0 50
1 -13.0 13
2 -50.0 50
3 -50.0 50
4 -50.0 50
5 -27.0 27
0 -37.0 37
1 -50.0 50
2 -50.0 50
3 -49.0 49
4 -39.0 39
5 -27.0 27
0 -50.0 50
1 -50.0 50
2 -42.0 42
3 -50.0 50
4 -50.0 50
5 -17.0 17
0 -50.0 50
1 -50.0 50
2 -50.0 50
3 -28.0 28
4 -50.0 50
5 -33.0 33
0 -36.0 36
1 -50.0 50
2 -50.0 50
3 -50.0 50
4 -50.0 50
5 -15.0 15
0 -50.0 50
1 -50.0 50
2 -50.0 50
3 -50.0 50
4 -22.0 22
5 -27.0 27
0 -50.0 50
1 -37.0 37
2 -50.0 50
3 -50.0 50
4 -50.0 50
5 -10.0 10
0 -50.0 50
1 -38.0 38
2 -46.0 46
3 -50.0 50
4 -50.0 50
5 -26.0 26
0 -34.0 34
1 -50.0 50
2 -50.0 50
3 -50.0 50
4 -50.0 50
5 -15.0 15
0 -30.0 30
1 -50.0 50
2 -50.0 50
3 -9.0 9
4 -50.0 50
5 -50.0 50
0 -42.0 42
1 -50.0 50
2 -50.0 50
3 -27.0 27
4 -50.0 50
5 -50.0 50
0 -50.0 50
1 -50.0 50
2 -14.0 14
3 -50.0 50
4 -47.0 47
5 -50.0 50
0 -50.0 50
1 -39.0 39
2 -50.0 50
3 -20.0 20
4 -42.0 42
5 -50.0 50
0 -50.0 50
1 -20.0 20
2 -50.0 50
3 -15.0 15
4 -50.0 50
5 -50.0 50
0 -27.0 27
1 -50.0 50
2 -50.0 50
3 -50.0 50
4 -50.0 50
5 -41.0 41
0 -50.0 50
1 -40.0 40
2 -45.0 45
3 -50.0 50
4 -50.0 50
5 -33.0 33
0 -50.0 50
1 -50.0 50
2 -50.0 50
3 -24.0 24
4 -38.0 38
5 -33.0 33
0 -42.0 42
1 -50.0 50
2 -50.0 50
3 -40.0 40
4 -50.0 50
5 -26.0 26
0 -50.0 50
1 -36.0 36
2 -50.0 50
3 -41.0 41
4 -50.0 50
5 -31.0 31
0 -50.0 50
1 -50.0 50
2 -50.0 50
3 -42.0 42
4 -42.0 42
5 -50.0 50
0 -50.0 50
1 -50.0 50
2 -47.0 47
3 -18.0 18
4 -50.0 50
5 -25.0 25
0 -50.0 50
1 -50.0 50
2 -50.0 50
3 -50.0 50
4 -47.0 47
5 -21.0 21
0 -50.0 50
1 -50.0 50
2 -46.0 46
3 -50.0 50
4 -20.0 20
5 -37.0 37
0 -33.0 33
1 -50.0 50
2 -50.0 50
3 -50.0 50
4 -27.0 27
5 -33.0 33
0 -50.0 50
1 -50.0 50
2 -34.0 34
3 -36.0 36
4 -50.0 50
5 -31.0 31
0 -36.0 36
1 -50.0 50
2 -50.0 50
3 -50.0 50
4 -20.0 20
5 -49.0 49
0 -50.0 50
1 -50.0 50
2 -50.0 50
3 -22.0 22
4 -39.0 39
5 -50.0 50
0 -50.0 50
1 -50.0 50
2 -50.0 50
3 -50.0 50
4 -50.0 50
5 -34.0 34
0 -50.0 50
1 -50.0 50
2 -50.0 50
3 -38.0 38
4 -28.0 28
5 -50.0 50
0 -50.0 50
1 -50.0 50
2 -47.0 47
3 -50.0 50
4 -29.0 29
5 -42.0 42
0 -50.0 50
1 -30.0 30
2 -50.0 50
3 -20.0 20
4 -29.0 29
5 -50.0 50
0 -50.0 50
1 -50.0 50
2 -45.0 45
3 -50.0 50
4 -23.0 23
5 -50.0 50
0 -50.0 50
1 -50.0 50
2 -49.0 49
3 -50.0 50
4 -14.0 14
5 -20.0 20
0 -50.0 50
1 -34.0 34
2 -50.0 50
3 -50.0 50
4 -48.0 48
5 -50.0 50
0 -50.0 50
1 -50.0 50
2 -13.0 13
3 -50.0 50
4 -27.0 27
5 -25.0 25
0 -11.0 11
1 -50.0 50
2 -50.0 50
3 -50.0 50
4 -42.0 42
5 -44.0 44
0 -43.0 43
1 -50.0 50
2 -50.0 50
3 -50.0 50
4 -31.0 31
5 -23.0 23
0 -50.0 50
1 -14.0 14
2 -50.0 50
3 -47.0 47
4 -50.0 50
5 -50.0 50
0 -19.0 19
1 -50.0 50
2 -50.0 50
3 -25.0 25
4 -50.0 50
5 -50.0 50
0 -50.0 50
1 -18.0 18
2 -50.0 50
3 -39.0 39
4 -50.0 50
5 -50.0 50
0 -30.0 30
1 -50.0 50
2 -50.0 50
3 -50.0 50
4 -15.0 15
5 -50.0 50
0 -50.0 50
1 -50.0 50
2 -34.0 34
3 -21.0 21
4 -50.0 50
5 -50.0 50
0 -50.0 50
1 -26.0 26
2 -50.0 50
3 -50.0 50
4 -48.0 48
5 -50.0 50
0 -48.0 48
1 -50.0 50
2 -50.0 50
3 -28.0 28
4 -50.0 50
5 -20.0 20
0 -50.0 50
1 -50.0 50
2 -50.0 50
3 -40.0 40
4 -17.0 17
5 -21.0 21
0 -39.0 39
1 -50.0 50
2 -50.0 50
3 -50.0 50
4 -37.0 37
5 -50.0 50
0 -50.0 50
1 -50.0 50
2 -50.0 50
3 -44.0 44
4 -50.0 50
5 -21.0 21
0 -50.0 50
1 -34.0 34
2 -50.0 50
3 -50.0 50
4 -50.0 50
5 -50.0 50
0 -50.0 50
1 -46.0 46
2 -50.0 50
3 -50.0 50
4 -33.0 33
5 -38.0 38
0 -50.0 50
1 -50.0 50
2 -21.0 21
3 -20.0 20
4 -44.0 44
5 -50.0 50
0 -50.0 50
1 -43.0 43
2 -50.0 50
3 -39.0 39
4 -42.0 42
5 -50.0 50
0 -50.0 50
1 -50.0 50
2 -18.0 18
3 -50.0 50
4 -35.0 35
5 -50.0 50
0 -50.0 50
1 -50.0 50
2 -50.0 50
3 -50.0 50
4 -33.0 33
5 -43.0 43
0 -46.0 46
1 -50.0 50
2 -50.0 50
3 -50.0 50
4 -33.0 33
5 -31.0 31
0 -50.0 50
1 -35.0 35
2 -50.0 50
3 -50.0 50
4 -21.0 21
5 -50.0 50
0 -17.0 17
1 -50.0 50
2 -50.0 50
3 -50.0 50
4 -50.0 50
5 -45.0 45
0 -50.0 50
1 -50.0 50
2 -50.0 50
3 -50.0 50
4 -50.0 50
5 -42.0 42
0 -50.0 50
1 -50.0 50
2 -37.0 37
3 -50.0 50
4 -50.0 50
5 -34.0 34
0 -50.0 50
1 -50.0 50
2 -50.0 50
3 -28.0 28
4 -24.0 24
5 -50.0 50
0 -29.0 29
1 -50.0 50
2 -50.0 50
3 -28.0 28
4 -50.0 50
5 -50.0 50
0 -50.0 50
1 -50.0 50
2 -41.0 41
3 -50.0 50
4 -50.0 50
5 -33.0 33
0 -50.0 50
1 -50.0 50
2 -28.0 28
3 -30.0 30
4 -50.0 50
5 -50.0 50
0 -50.0 50
1 -50.0 50
2 -33.0 33
3 -48.0 48
4 -44.0 44
5 -24.0 24
0 -37.0 37
1 -50.0 50
2 -50.0 50
3 -45.0 45
4 -50.0 50
5 -17.0 17
0 -49.0 49
1 -50.0 50
2 -50.0 50
3 -50.0 50
4 -50.0 50
5 -50.0 50
0 -29.0 29
1 -50.0 50
2 -50.0 50
3 -50.0 50
4 -50.0 50
5 -29.0 29
0 -34.0 34
1 -50.0 50
2 -50.0 50
3 -50.0 50
4 -50.0 50
5 -50.0 50
0 -50.0 50
1 -50.0 50
2 -50.0 50
3 -27.0 27
4 -22.0 22
5 -33.0 33
0 -50.0 50
1 -46.0 46
2 -50.0 50
3 -50.0 50
4 -29.0 29
5 -23.0 23
0 -24.0 24
1 -50.0 50
2 -50.0 50
3 -50.0 50
4 -50.0 50
5 -50.0 50
0 -50.0 50
1 -50.0 50
2 -50.0 50
3 -20.0 20
4 -50.0 50
5 -41.0 41
0 -50.0 50
1 -50.0 50
2 -50.0 50
3 -31.0 31
4 -21.0 21
5 -14.0 14
0 -27.0 27
1 -50.0 50
2 -50.0 50
3 -50.0 50
4 -50.0 50
5 -28.0 28
0 -28.0 28
1 -50.0 50
2 -50.0 50
3 -50.0 50
4 -18.0 18
5 -37.0 37
0 -50.0 50
1 -50.0 50
2 -27.0 27
3 -33.0 33
4 -50.0 50
5 -50.0 50
0 -50.0 50
1 -50.0 50
2 -37.0 37
3 -34.0 34
4 -50.0 50
5 -36.0 36
0 -50.0 50
1 -50.0 50
2 -50.0 50
3 -50.0 50
4 -43.0 43
5 -50.0 50
0 -50.0 50
1 -50.0 50
2 -50.0 50
3 -50.0 50
4 -30.0 30
5 -42.0 42
0 -50.0 50
1 -50.0 50
2 -50.0 50
3 -24.0 24
4 -29.0 29
5 -50.0 50
0 -50.0 50
1 -50.0 50
2 -50.0 50
3 -36.0 36
4 -50.0 50
5 -24.0 24
0 -40.0 40
1 -50.0 50
2 -50.0 50
3 -50.0 50
4 -42.0 42
5 -18.0 18
0 -50.0 50
1 -50.0 50
2 -50.0 50
3 -50.0 50
4 -44.0 44
5 -42.0 42
0 -50.0 50
1 -49.0 49
2 -50.0 50
3 -50.0 50
4 -40.0 40
5 -50.0 50
0 -50.0 50
1 -50.0 50
2 -50.0 50
3 -50.0 50
4 -50.0 50
5 -19.0 19
0 -50.0 50
1 -50.0 50
2 -50.0 50
3 -48.0 48
4 -38.0 38
5 -50.0 50
0 -50.0 50
1 -50.0 50
2 -50.0 50
3 -50.0 50
4 -25.0 25
5 -16.0 16
0 -50.0 50
1 -50.0 50
2 -47.0 47
3 -50.0 50
4 -40.0 40
5 -40.0 40
0 -50.0 50
1 -50.0 50
2 -50.0 50
3 -50.0 50
4 -13.0 13
5 -40.0 40
