0 -50.0 50
1 -50.0 50
2 -50.0 50
3 -21.0 21
4 -30.0 30
5 -38.0 38
6 -38.0 38
7 -50.0 50
8 -49.0 49
9 -13.0 13
10 -8.0 8
11 -7.0 7
12 -7.0 7
13 -9.0 9
14 -17.0 17
15 -8.0 8
16 -12.0 12
17 -13.0 13
18 -11.0 11
19 -9.0 9
20 -12.0 12
21 -9.0 9
22 -7.0 7
23 -7.0 7
0 -50.0 50
1 -50.0 50
2 -33.0 33
3 -50.0 50
4 -50.0 50
5 -32.0 32
6 -20.0 20
7 -24.0 24
8 -16.0 16
9 -21.0 21
10 -38.0 38
11 -50.0 50
12 -16.0 16
13 -12.0 12
14 -12.0 12
15 -7.0 7
16 -7.0 7
17 -7.0 7
18 -7.0 7
19 -8.0 8
20 -7.0 7
21 -7.0 7
22 -7.0 7
23 -7.0 7
0 -18.0 18
1 -50.0 50
2 -50.0 50
3 -50.0 50
4 -50.0 50
5 -50.0 50
6 -24.0 24
7 -17.0 17
8 -9.0 9
9 -17.0 17
10 -12.0 12
11 -30.0 30
12 -26.0 26
13 -9.0 9
14 -38.0 38
15 -40.0 40
16 -20.0 20
17 -11.0 11
18 -8.0 8
19 -8.0 8
20 -7.0 7
21 -7.0 7
22 -7.0 7
23 -7.0 7
0 -29.0 29
1 -50.0 50
2 -50.0 50
3 -27.0 27
4 -50.0 50
5 -38.0 38
6 -19.0 19
7 -9.0 9
8 -49.0 49
9 -41.0 41
10 -18.0 18
11 -12.0 12
12 -12.0 12
13 -19.0 19
14 -8.0 8
15 -7.0 7
16 -7.0 7
17 -8.0 8
18 -7.0 7
19 -8.0 8
20 -7.0 7
21 -7.0 7
22 -7.0 7
23 -7.0 7
0 -50.0 50
1 -50.0 50
2 -36.0 36
3 -47.0 47
4 -49.0 49
5 -46.0 46
6 -16.0 16
7 -49.0 49
8 -50.0 50
9 -15.0 15
10 -35.0 35
11 -9.0 9
12 -11.0 11
13 -16.0 16
14 -13.0 13
15 -8.0 8
16 -7.0 7
17 -7.0 7
18 -7.0 7
19 -7.0 7
20 -7.0 7
21 -8.0 8
22 -7.0 7
23 -7.0 7
0 -50.0 50
1 -50.0 50
2 -50.0 50
3 -50.0 50
4 -38.0 38
5 -23.0 23
6 -16.0 16
7 -26.0 26
8 -28.0 28
9 -41.0 41
10 -22.0 22
11 -8.0 8
12 -8.0 8
13 -7.0 7
14 -18.0 18
15 -19.0 19
16 -14.0 14
17 -7.0 7
18 -7.0 7
19 -7.0 7
20 -7.0 7
21 -7.0 7
22 -7.0 7
23 -7.0 7
0 -50.0 50
1 -50.0 50
2 -28.0 28
3 -50.0 50
4 -23.0 23
5 -50.0 50
6 -50.0 50
7 -50.0 50
8 -15.0 15
9 -15.0 15
10 -8.0 8
11 -15.0 15
12 -8.0 8
13 -14.0 14
14 -10.0 10
15 -8.0 8
16 -10.0 10
17 -9.0 9
18 -8.0 8
19 -9.0 9
20 -7.0 7
21 -7.0 7
22 -7.0 7
23 -7.0 7
0 -50.0 50
1 -50.0 50
2 -22.0 22
3 -48.0 48
4 -50.0 50
5 -45.0 45
6 -29.0 29
7 -16.0 16
8 -27.0 27
9 -22.0 22
10 -16.0 16
11 -10.0 10
12 -9.0 9
13 -50.0 50
14 -14.0 14
15 -11.0 11
16 -10.0 10
17 -12.0 12
18 -9.0 9
19 -8.0 8
20 -8.0 8
21 -8.0 8
22 -7.0 7
23 -7.0 7
0 -50.0 50
1 -33.0 33
2 -50.0 50
3 -50.0 50
4 -50.0 50
5 -50.0 50
6 -23.0 23
7 -11.0 11
8 -16.0 16
9 -24.0 24
10 -36.0 36
11 -18.0 18
12 -9.0 9
13 -10.0 10
14 -7.0 7
15 -9.0 9
16 -9.0 9
17 -9.0 9
18 -7.0 7
19 -9.0 9
20 -9.0 9
21 -12.0 12
22 -7.0 7
23 -7.0 7
0 -50.0 50
1 -50.0 50
2 -27.0 27
3 -27.0 27
4 -50.0 50
5 -50.0 50
6 -38.0 38
7 -17.0 17
8 -50.0 50
9 -34.0 34
10 -8.0 8
11 -12.0 12
12 -9.0 9
13 -14.0 14
14 -8.0 8
15 -36.0 36
16 -12.0 12
17 -10.0 10
18 -7.0 7
19 -11.0 11
20 -8.0 8
21 -9.0 9
22 -7.0 7
23 -7.0 7
0 -50.0 50
1 -31.0 31
2 -50.0 50
3 -50.0 50
4 -50.0 50
5 -48.0 48
6 -22.0 22
7 -10.0 10
8 -18.0 18
9 -19.0 19
10 -25.0 25
11 -29.0 29
12 -47.0 47
13 -10.0 10
14 -11.0 11
15 -12.0 12
16 -9.0 9
17 -10.0 10
18 -7.0 7
19 -9.0 9
20 -7.0 7
21 -7.0 7
22 -7.0 7
23 -7.0 7
0 -50.0 50
1 -50.0 50
2 -50.0 50
3 -39.0 39
4 -27.0 27
5 -40.0 40
6 -29.0 29
7 -50.0 50
8 -22.0 22
9 -12.0 12
10 -13.0 13
11 -13.0 13
12 -9.0 9
13 -14.0 14
14 -20.0 20
15 -20.0 20
16 -30.0 30
17 -12.0 12
18 -7.0 7
19 -7.0 7
20 -7.0 7
21 -8.0 8
22 -7.0 7
23 -7.0 7
0 -50.0 50
1 -30.0 30
2 -50.0 50
3 -25.0 25
4 -50.0 50
5 -27.0 27
6 -50.0 50
7 -50.0 50
8 -50.0 50
9 -14.0 14
10 -12.0 12
11 -11.0 11
12 -10.0 10
13 -26.0 26
14 -17.0 17
15 -10.0 10
16 -10.0 10
17 -7.0 7
18 -7.0 7
19 -9.0 9
20 -7.0 7
21 -8.0 8
22 -7.0 7
23 -7.0 7
0 -50.0 50
1 -32.0 32
2 -50.0 50
3 -50.0 50
4 -50.0 50
5 -28.0 28
6 -36.0 36
7 -21.0 21
8 -14.0 14
9 -49.0 49
10 -35.0 35
11 -18.0 18
12 -19.0 19
13 -7.0 7
14 -8.0 8
15 -8.0 8
16 -9.0 9
17 -9.0 9
18 -21.0 21
19 -11.0 11
20 -7.0 7
21 -7.0 7
22 -7.0 7
23 -7.0 7
0 -50.0 50
1 -50.0 50
2 -32.0 32
3 -50.0 50
4 -34.0 34
5 -50.0 50
6 -44.0 44
7 -18.0 18
8 -7.0 7
9 -7.0 7
10 -28.0 28
11 -50.0 50
12 -20.0 20
13 -9.0 9
14 -12.0 12
15 -8.0 8
16 -7.0 7
17 -9.0 9
18 -7.0 7
19 -9.0 9
20 -10.0 10
21 -10.0 10
22 -7.0 7
23 -7.0 7
0 -50.0 50
1 -34.0 34
2 -50.0 50
3 -27.0 27
4 -50.0 50
5 -31.0 31
6 -36.0 36
7 -29.0 29
8 -24.0 24
9 -50.0 50
10 -50.0 50
11 -25.0 25
12 -13.0 13
13 -12.0 12
14 -7.0 7
15 -25.0 25
16 -12.0 12
17 -7.0 7
18 -9.0 9
19 -8.0 8
20 -10.0 10
21 -7.0 7
22 -7.0 7
23 -7.0 7
0 -50.0 50
1 -50.0 50
2 -50.0 50
3 -50.0 50
4 -47.0 47
5 -16.0 16
6 -10.0 10
7 -27.0 27
8 -24.0 24
9 -15.0 15
10 -11.0 11
11 -11.0 11
12 -13.0 13
13 -13.0 13
14 -22.0 22
15 -50.0 50
16 -21.0 21
17 -18.0 18
18 -7.0 7
19 -8.0 8
20 -7.0 7
21 -7.0 7
22 -7.0 7
23 -7.0 7
0 -50.0 50
1 -41.0 41
2 -50.0 50
3 -45.0 45
4 -50.0 50
5 -31.0 31
6 -48.0 48
7 -50.0 50
8 -21.0 21
9 -32.0 32
10 -32.0 32
11 -9.0 9
12 -8.0 8
13 -7.0 7
14 -7.0 7
15 -13.0 13
16 -17.0 17
17 -7.0 7
18 -9.0 9
19 -7.0 7
20 -7.0 7
21 -7.0 7
22 -7.0 7
23 -7.0 7
0 -50.0 50
1 -50.0 50
2 -24.0 24
3 -23.0 23
4 -50.0 50
5 -50.0 50
6 -50.0 50
7 -36.0 36
8 -34.0 34
9 -11.0 11
10 -14.0 14
11 -13.0 13
12 -13.0 13
13 -13.0 13
14 -16.0 16
15 -7.0 7
16 -9.0 9
17 -7.0 7
18 -9.0 9
19 -20.0 20
20 -15.0 15
21 -7.0 7
22 -7.0 7
23 -7.0 7
0 -50.0 50
1 -50.0 50
2 -32.0 32
3 -50.0 50
4 -50.0 50
5 -22.0 22
6 -23.0 23
7 -50.0 50
8 -22.0 22
9 -16.0 16
10 -13.0 13
11 -12.0 12
12 -7.0 7
13 -8.0 8
14 -7.0 7
15 -8.0 8
16 -12.0 12
17 -13.0 13
18 -11.0 11
19 -9.0 9
20 -7.0 7
21 -7.0 7
22 -7.0 7
23 -7.0 7
