0 -50.0 50
1 -18.0 18
2 -50.0 50
3 -50.0 50
0 -50.0 50
1 -16.0 16
2 -39.0 39
3 -50.0 50
0 -22.0 22
1 -50.0 50
2 -50.0 50
3 -42.0 42
0 -50.0 50
1 -49.0 49
2 -50.0 50
3 -50.0 50
0 -26.0 26
1 -50.0 50
2 -50.0 50
3 -50.0 50
0 -48.0 48
1 -50.0 50
2 -50.0 50
3 -50.0 50
0 -50.0 50
1 -50.0 50
2 -25.0 25
3 -50.0 50
0 -50.0 50
1 -50.0 50
2 -21.0 21
3 -41.0 41
0 -38.0 38
1 -50.0 50
2 -50.0 50
3 -50.0 50
0 -50.0 50
1 -50.0 50
2 -50.0 50
3 -49.0 49
0 -50.0 50
1 -50.0 50
2 -50.0 50
3 -40.0 40
0 -45.0 45
1 -50.0 50
2 -50.0 50
3 -50.0 50
0 -50.0 50
1 -50.0 50
2 -34.0 34
3 -48.0 48
0 -50.0 50
1 -30.0 30
2 -50.0 50
3 -37.0 37
0 -50.0 50
1 -50.0 50
2 -50.0 50
3 -50.0 50
0 -50.0 50
1 -50.0 50
2 -45.0 45
3 -32.0 32
0 -20.0 20
1 -50.0 50
2 -50.0 50
3 -34.0 34
0 -50.0 50
1 -50.0 50
2 -50.0 50
3 -50.0 50
0 -50.0 50
1 -50.0 50
2 -50.0 50
3 -50.0 50
0 -50.0 50
1 -50.0 50
2 -50.0 50
3 -38.0 38
0 -20.0 20
1 -50.0 50
2 -50.0 50
3 -50.0 50
0 -50.0 50
1 -50.0 50
2 -45.0 45
3 -50.0 50
0 -50.0 50
1 -50.0 50
2 -50.0 50
3 -34.0 34
0 -50.0 50
1 -50.0 50
2 -50.0 50
3 -50.0 50
0 -41.0 41
1 -50.0 50
2 -50.0 50
3 -50.0 50
0 -50.0 50
1 -47.0 47
2 -43.0 43
3 -50.0 50
0 -50.0 50
1 -50.0 50
2 -50.0 50
3 -50.0 50
0 -50.0 50
1 -50.0 50
2 -19.0 19
3 -50.0 50
0 -43.0 43
1 -50.0 50
2 -50.0 50
3 -50.0 50
0 -50.0 50
1 -24.0 24
2 -50.0 50
3 -50.0 50
0 -50.0 50
1 -50.0 50
2 -50.0 50
3 -33.0 33
0 -39.0 39
1 -50.0 50
2 -50.0 50
3 -50.0 50
0 -50.0 50
1 -50.0 50
2 -49.0 49
3 -50.0 50
0 -50.0 50
1 -50.0 50
2 -35.0 35
3 -50.0 50
0 -50.0 50
1 -50.0 50
2 -50.0 50
3 -21.0 21
0 -50.0 50
1 -50.0 50
2 -50.0 50
3 -50.0 50
0 -50.0 50
1 -50.0 50
2 -48.0 48
3 -50.0 50
0 -50.0 50
1 -50.0 50
2 -23.0 23
3 -50.0 50
0 -17.0 17
1 -50.0 50
2 -49.0 49
3 -50.0 50
0 -50.0 50
1 -50.0 50
2 -50.0 50
3 -50.0 50
