0 -50.0 50
1 -32.0 32
2 -50.0 50
3 -50.0 50
4 -49.0 49
5 -30.0 30
6 -10.0 10
7 -14.0 14
8 -50.0 50
9 -29.0 29
10 -21.0 21
11 -26.0 26
12 -17.0 17
13 -12.0 12
0 -50.0 50
1 -50.0 50
2 -50.0 50
3 -19.0 19
4 -40.0 40
5 -50.0 50
6 -44.0 44
7 -24.0 24
8 -17.0 17
9 -11.0 11
10 -7.0 7
11 -8.0 8
12 -9.0 9
13 -14.0 14
0 -50.0 50
1 -50.0 50
2 -46.0 46
3 -50.0 50
4 -50.0 50
5 -50.0 50
6 -50.0 50
7 -20.0 20
8 -10.0 10
9 -20.0 20
10 -12.0 12
11 -10.0 10
12 -7.0 7
13 -9.0 9
0 -50.0 50
1 -50.0 50
2 -32.0 32
3 -50.0 50
4 -50.0 50
5 -50.0 50
6 -16.0 16
7 -11.0 11
8 -11.0 11
9 -16.0 16
10 -7.0 7
11 -18.0 18
12 -7.0 7
13 -7.0 7
0 -50.0 50
1 -50.0 50
2 -50.0 50
3 -50.0 50
4 -50.0 50
5 -50.0 50
6 -15.0 15
7 -15.0 15
8 -17.0 17
9 -22.0 22
10 -15.0 15
11 -10.0 10
12 -17.0 17
13 -8.0 8
0 -50.0 50
1 -50.0 50
2 -28.0 28
3 -30.0 30
4 -27.0 27
5 -50.0 50
6 -50.0 50
7 -14.0 14
8 -9.0 9
9 -8.0 8
10 -13.0 13
11 -14.0 14
12 -10.0 10
13 -7.0 7
0 -24.0 24
1 -50.0 50
2 -50.0 50
3 -18.0 18
4 -50.0 50
5 -50.0 50
6 -33.0 33
7 -42.0 42
8 -9.0 9
9 -11.0 11
10 -8.0 8
11 -12.0 12
12 -22.0 22
13 -18.0 18
0 -50.0 50
1 -50.0 50
2 -50.0 50
3 -46.0 46
4 -13.0 13
5 -29.0 29
6 -38.0 38
7 -50.0 50
8 -20.0 20
9 -12.0 12
10 -10.0 10
11 -19.0 19
12 -9.0 9
13 -7.0 7
0 -50.0 50
1 -50.0 50
2 -16.0 16
3 -50.0 50
4 -36.0 36
5 -45.0 45
6 -28.0 28
7 -50.0 50
8 -32.0 32
9 -41.0 41
10 -36.0 36
11 -9.0 9
12 -9.0 9
13 -11.0 11
0 -50.0 50
1 -27.0 27
2 -50.0 50
3 -50.0 50
4 -50.0 50
5 -23.0 23
6 -27.0 27
7 -24.0 24
8 -16.0 16
9 -16.0 16
10 -50.0 50
11 -24.0 24
12 -20.0 20
13 -25.0 25
0 -50.0 50
1 -50.0 50
2 -50.0 50
3 -50.0 50
4 -18.0 18
5 -50.0 50
6 -37.0 37
7 -16.0 16
8 -44.0 44
9 -14.0 14
10 -11.0 11
11 -7.0 7
12 -9.0 9
13 -14.0 14
0 -50.0 50
1 -50.0 50
2 -50.0 50
3 -50.0 50
4 -24.0 24
5 -44.0 44
6 -18.0 18
7 -8.0 8
8 -8.0 8
9 -12.0 12
10 -9.0 9
11 -12.0 12
12 -16.0 16
13 -7.0 7
0 -42.0 42
1 -50.0 50
2 -50.0 50
3 -50.0 50
4 -33.0 33
5 -50.0 50
6 -7.0 7
7 -50.0 50
8 -9.0 9
9 -9.0 9
10 -10.0 10
11 -8.0 8
12 -7.0 7
13 -7.0 7
0 -50.0 50
1 -50.0 50
2 -50.0 50
3 -39.0 39
4 -50.0 50
5 -20.0 20
6 -50.0 50
7 -19.0 19
8 -26.0 26
9 -9.0 9
10 -7.0 7
11 -10.0 10
12 -7.0 7
13 -7.0 7
0 -33.0 33
1 -50.0 50
2 -50.0 50
3 -50.0 50
4 -50.0 50
5 -26.0 26
6 -21.0 21
7 -15.0 15
8 -7.0 7
9 -7.0 7
10 -16.0 16
11 -19.0 19
12 -13.0 13
13 -7.0 7
0 -50.0 50
1 -50.0 50
2 -50.0 50
3 -31.0 31
4 -22.0 22
5 -50.0 50
6 -50.0 50
7 -14.0 14
8 -7.0 7
9 -7.0 7
10 -7.0 7
11 -9.0 9
12 -7.0 7
13 -7.0 7
0 -50.0 50
1 -50.0 50
2 -38.0 38
3 -50.0 50
4 -48.0 48
5 -32.0 32
6 -38.0 38
7 -50.0 50
8 -30.0 30
9 -27.0 27
10 -12.0 12
11 -11.0 11
12 -11.0 11
13 -14.0 14
0 -50.0 50
1 -31.0 31
2 -50.0 50
3 -50.0 50
4 -43.0 43
5 -50.0 50
6 -34.0 34
7 -11.0 11
8 -39.0 39
9 -20.0 20
10 -25.0 25
11 -20.0 20
12 -13.0 13
13 -8.0 8
0 -50.0 50
1 -50.0 50
2 -29.0 29
3 -50.0 50
4 -40.0 40
5 -29.0 29
6 -20.0 20
7 -50.0 50
8 -50.0 50
9 -19.0 19
10 -8.0 8
11 -7.0 7
12 -7.0 7
13 -9.0 9
0 -50.0 50
1 -50.0 50
2 -37.0 37
3 -42.0 42
4 -50.0 50
5 -49.0 49
6 -50.0 50
7 -40.0 40
8 -25.0 25
9 -7.0 7
10 -7.0 7
11 -9.0 9
12 -7.0 7
13 -7.0 7
0 -50.0 50
1 -20.0 20
2 -50.0 50
3 -50.0 50
4 -44.0 44
5 -36.0 36
6 -33.0 33
7 -22.0 22
8 -8.0 8
9 -11.0 11
10 -16.0 16
11 -10.0 10
12 -30.0 30
13 -16.0 16
0 -50.0 50
1 -50.0 50
2 -50.0 50
3 -50.0 50
4 -50.0 50
5 -35.0 35
6 -14.0 14
7 -12.0 12
8 -11.0 11
9 -15.0 15
10 -10.0 10
11 -10.0 10
12 -12.0 12
13 -12.0 12
0 -50.0 50
1 -50.0 50
2 -50.0 50
3 -50.0 50
4 -35.0 35
5 -30.0 30
6 -25.0 25
7 -18.0 18
8 -16.0 16
9 -17.0 17
10 -17.0 17
11 -46.0 46
12 -20.0 20
13 -20.0 20
0 -32.0 32
1 -50.0 50
2 -50.0 50
3 -50.0 50
4 -50.0 50
5 -36.0 36
6 -36.0 36
7 -8.0 8
8 -7.0 7
9 -10.0 10
10 -15.0 15
11 -13.0 13
12 -9.0 9
13 -12.0 12
0 -50.0 50
1 -50.0 50
2 -50.0 50
3 -16.0 16
4 -20.0 20
5 -50.0 50
6 -14.0 14
7 -17.0 17
8 -50.0 50
9 -15.0 15
10 -10.0 10
11 -13.0 13
12 -25.0 25
13 -9.0 9
0 -45.0 45
1 -50.0 50
2 -50.0 50
3 -42.0 42
4 -37.0 37
5 -50.0 50
6 -50.0 50
7 -16.0 16
8 -40.0 40
9 -12.0 12
10 -8.0 8
11 -33.0 33
12 -7.0 7
13 -9.0 9
0 -50.0 50
1 -45.0 45
2 -50.0 50
3 -50.0 50
4 -33.0 33
5 -50.0 50
6 -18.0 18
7 -28.0 28
8 -22.0 22
9 -17.0 17
10 -9.0 9
11 -12.0 12
12 -11.0 11
13 -11.0 11
0 -50.0 50
1 -50.0 50
2 -49.0 49
3 -50.0 50
4 -31.0 31
5 -27.0 27
6 -50.0 50
7 -50.0 50
8 -35.0 35
9 -16.0 16
10 -11.0 11
11 -12.0 12
12 -9.0 9
13 -7.0 7
0 -50.0 50
1 -50.0 50
2 -50.0 50
3 -50.0 50
4 -49.0 49
5 -31.0 31
6 -37.0 37
7 -42.0 42
8 -11.0 11
9 -7.0 7
10 -10.0 10
11 -13.0 13
12 -8.0 8
13 -7.0 7
0 -34.0 34
1 -50.0 50
2 -50.0 50
3 -50.0 50
4 -40.0 40
5 -36.0 36
6 -50.0 50
7 -11.0 11
8 -9.0 9
9 -10.0 10
10 -10.0 10
11 -7.0 7
12 -9.0 9
13 -12.0 12
0 -50.0 50
1 -36.0 36
2 -50.0 50
3 -36.0 36
4 -50.0 50
5 -44.0 44
6 -50.0 50
7 -31.0 31
8 -26.0 26
9 -13.0 13
10 -7.0 7
11 -13.0 13
12 -7.0 7
13 -7.0 7
0 -50.0 50
1 -50.0 50
2 -50.0 50
3 -30.0 30
4 -50.0 50
5 -35.0 35
6 -25.0 25
7 -50.0 50
8 -25.0 25
9 -18.0 18
10 -26.0 26
11 -21.0 21
12 -13.0 13
13 -7.0 7
0 -50.0 50
1 -26.0 26
2 -50.0 50
3 -32.0 32
4 -44.0 44
5 -50.0 50
6 -45.0 45
7 -13.0 13
8 -17.0 17
9 -36.0 36
10 -29.0 29
11 -50.0 50
12 -22.0 22
13 -10.0 10
0 -50.0 50
1 -50.0 50
2 -36.0 36
3 -50.0 50
4 -38.0 38
5 -46.0 46
6 -25.0 25
7 -31.0 31
8 -48.0 48
9 -9.0 9
10 -16.0 16
11 -13.0 13
12 -10.0 10
13 -7.0 7
0 -31.0 31
1 -50.0 50
2 -50.0 50
3 -50.0 50
4 -50.0 50
5 -46.0 46
6 -50.0 50
7 -9.0 9
8 -12.0 12
9 -8.0 8
10 -8.0 8
11 -11.0 11
12 -15.0 15
13 -7.0 7
0 -50.0 50
1 -50.0 50
2 -50.0 50
3 -50.0 50
4 -23.0 23
5 -45.0 45
6 -26.0 26
7 -12.0 12
8 -32.0 32
9 -21.0 21
10 -26.0 26
11 -23.0 23
12 -39.0 39
13 -9.0 9
0 -50.0 50
1 -50.0 50
2 -50.0 50
3 -44.0 44
4 -50.0 50
5 -43.0 43
6 -24.0 24
7 -12.0 12
8 -11.0 11
9 -24.0 24
10 -17.0 17
11 -18.0 18
12 -34.0 34
13 -16.0 16
0 -50.0 50
1 -50.0 50
2 -50.0 50
3 -50.0 50
4 -50.0 50
5 -27.0 27
6 -16.0 16
7 -12.0 12
8 -12.0 12
9 -22.0 22
10 -44.0 44
11 -10.0 10
12 -9.0 9
13 -7.0 7
0 -50.0 50
1 -33.0 33
2 -46.0 46
3 -50.0 50
4 -50.0 50
5 -37.0 37
6 -31.0 31
7 -38.0 38
8 -16.0 16
9 -13.0 13
10 -9.0 9
11 -7.0 7
12 -9.0 9
13 -10.0 10
0 -50.0 50
1 -50.0 50
2 -44.0 44
3 -50.0 50
4 -50.0 50
5 -17.0 17
6 -27.0 27
7 -50.0 50
8 -19.0 19
9 -13.0 13
10 -9.0 9
11 -14.0 14
12 -8.0 8
13 -9.0 9
