0 -39.0 39
1 -50.0 50
2 -50.0 50
3 -25.0 25
4 -50.0 50
5 -33.0 33
6 -38.0 38
7 -50.0 50
8 -47.0 47
9 -15.0 15
10 -32.0 32
11 -19.0 19
12 -12.0 12
13 -8.0 8
14 -12.0 12
15 -10.0 10
16 -7.0 7
17 -7.0 7
18 -8.0 8
19 -8.0 8
20 -7.0 7
21 -8.0 8
22 -7.0 7
23 -7.0 7
24 -7.0 7
25 -7.0 7
26 -7.0 7
27 -7.0 7
0 -50.0 50
1 -50.0 50
2 -50.0 50
3 -8.0 8
4 -21.0 21
5 -50.0 50
6 -45.0 45
7 -45.0 45
8 -21.0 21
9 -15.0 15
10 -11.0 11
11 -13.0 13
12 -9.0 9
13 -8.0 8
14 -7.0 7
15 -7.0 7
16 -10.0 10
17 -7.0 7
18 -10.0 10
19 -16.0 16
20 -8.0 8
21 -7.0 7
22 -8.0 8
23 -9.0 9
24 -7.0 7
25 -7.0 7
26 -7.0 7
27 -7.0 7
0 -50.0 50
1 -35.0 35
2 -50.0 50
3 -50.0 50
4 -48.0 48
5 -37.0 37
6 -48.0 48
7 -22.0 22
8 -9.0 9
9 -8.0 8
10 -9.0 9
11 -10.0 10
12 -12.0 12
13 -14.0 14
14 -8.0 8
15 -11.0 11
16 -13.0 13
17 -7.0 7
18 -44.0 44
19 -9.0 9
20 -9.0 9
21 -7.0 7
22 -7.0 7
23 -7.0 7
24 -7.0 7
25 -7.0 7
26 -7.0 7
27 -7.0 7
0 -44.0 44
1 -50.0 50
2 -50.0 50
3 -37.0 37
4 -27.0 27
5 -37.0 37
6 -25.0 25
7 -50.0 50
8 -23.0 23
9 -10.0 10
10 -9.0 9
11 -10.0 10
12 -28.0 28
13 -7.0 7
14 -7.0 7
15 -9.0 9
16 -10.0 10
17 -9.0 9
18 -10.0 10
19 -7.0 7
20 -7.0 7
21 -7.0 7
22 -7.0 7
23 -7.0 7
24 -7.0 7
25 -7.0 7
26 -7.0 7
27 -7.0 7
0 -50.0 50
1 -50.0 50
2 -50.0 50
3 -50.0 50
4 -35.0 35
5 -36.0 36
6 -35.0 35
7 -11.0 11
8 -42.0 42
9 -27.0 27
10 -27.0 27
11 -10.0 10
12 -13.0 13
13 -11.0 11
14 -11.0 11
15 -10.0 10
16 -11.0 11
17 -9.0 9
18 -14.0 14
19 -16.0 16
20 -13.0 13
21 -8.0 8
22 -7.0 7
23 -7.0 7
24 -7.0 7
25 -7.0 7
26 -7.0 7
27 -7.0 7
0 -50.0 50
1 -50.0 50
2 -35.0 35
3 -50.0 50
4 -50.0 50
5 -17.0 17
6 -12.0 12
7 -45.0 45
8 -20.0 20
9 -23.0 23
10 -23.0 23
11 -7.0 7
12 -7.0 7
13 -8.0 8
14 -10.0 10
15 -14.0 14
16 -12.0 12
17 -7.0 7
18 -7.0 7
19 -11.0 11
20 -7.0 7
21 -11.0 11
22 -7.0 7
23 -7.0 7
24 -7.0 7
25 -7.0 7
26 -16.0 16
27 -17.0 17
0 -50.0 50
1 -21.0 21
2 -35.0 35
3 -50.0 50
4 -43.0 43
5 -50.0 50
6 -43.0 43
7 -37.0 37
8 -23.0 23
9 -15.0 15
10 -26.0 26
11 -7.0 7
12 -10.0 10
13 -14.0 14
14 -9.0 9
15 -7.0 7
16 -8.0 8
17 -8.0 8
18 -7.0 7
19 -8.0 8
20 -41.0 41
21 -7.0 7
22 -7.0 7
23 -7.0 7
24 -8.0 8
25 -7.0 7
26 -7.0 7
27 -7.0 7
0 -33.0 33
1 -50.0 50
2 -50.0 50
3 -50.0 50
4 -28.0 28
5 -21.0 21
6 -50.0 50
7 -50.0 50
8 -46.0 46
9 -23.0 23
10 -12.0 12
11 -11.0 11
12 -16.0 16
13 -16.0 16
14 -9.0 9
15 -7.0 7
16 -8.0 8
17 -7.0 7
18 -8.0 8
19 -40.0 40
20 -15.0 15
21 -11.0 11
22 -12.0 12
23 -7.0 7
24 -7.0 7
25 -7.0 7
26 -7.0 7
27 -7.0 7
0 -42.0 42
1 -50.0 50
2 -50.0 50
3 -37.0 37
4 -50.0 50
5 -50.0 50
6 -7.0 7
7 -32.0 32
8 -7.0 7
9 -11.0 11
10 -9.0 9
11 -7.0 7
12 -7.0 7
13 -9.0 9
14 -12.0 12
15 -11.0 11
16 -8.0 8
17 -11.0 11
18 -9.0 9
19 -7.0 7
20 -13.0 13
21 -8.0 8
22 -7.0 7
23 -8.0 8
24 -7.0 7
25 -8.0 8
26 -7.0 7
27 -7.0 7
0 -50.0 50
1 -34.0 34
2 -50.0 50
3 -50.0 50
4 -17.0 17
5 -50.0 50
6 -42.0 42
7 -50.0 50
8 -35.0 35
9 -21.0 21
10 -9.0 9
11 -8.0 8
12 -13.0 13
13 -10.0 10
14 -7.0 7
15 -7.0 7
16 -8.0 8
17 -9.0 9
18 -7.0 7
19 -9.0 9
20 -9.0 9
21 -7.0 7
22 -10.0 10
23 -7.0 7
24 -7.0 7
25 -7.0 7
26 -7.0 7
27 -7.0 7
0 -50.0 50
1 -50.0 50
2 -50.0 50
3 -50.0 50
4 -40.0 40
5 -33.0 33
6 -23.0 23
7 -26.0 26
8 -22.0 22
9 -27.0 27
10 -27.0 27
11 -10.0 10
12 -8.0 8
13 -9.0 9
14 -14.0 14
15 -14.0 14
16 -9.0 9
17 -7.0 7
18 -7.0 7
19 -7.0 7
20 -7.0 7
21 -12.0 12
22 -11.0 11
23 -18.0 18
24 -14.0 14
25 -7.0 7
26 -7.0 7
27 -7.0 7
0 -30.0 30
1 -50.0 50
2 -50.0 50
3 -50.0 50
4 -50.0 50
5 -50.0 50
6 -21.0 21
7 -25.0 25
8 -14.0 14
9 -14.0 14
10 -8.0 8
11 -16.0 16
12 -35.0 35
13 -17.0 17
14 -12.0 12
15 -8.0 8
16 -9.0 9
17 -7.0 7
18 -8.0 8
19 -7.0 7
20 -9.0 9
21 -13.0 13
22 -8.0 8
23 -7.0 7
24 -7.0 7
25 -7.0 7
26 -7.0 7
27 -7.0 7
0 -50.0 50
1 -13.0 13
2 -50.0 50
3 -50.0 50
4 -50.0 50
5 -15.0 15
6 -24.0 24
7 -50.0 50
8 -21.0 21
9 -14.0 14
10 -23.0 23
11 -15.0 15
12 -16.0 16
13 -12.0 12
14 -7.0 7
15 -8.0 8
16 -17.0 17
17 -10.0 10
18 -7.0 7
19 -9.0 9
20 -7.0 7
21 -9.0 9
22 -9.0 9
23 -7.0 7
24 -9.0 9
25 -9.0 9
26 -9.0 9
27 -7.0 7
0 -50.0 50
1 -50.0 50
2 -50.0 50
3 -38.0 38
4 -50.0 50
5 -50.0 50
6 -25.0 25
7 -16.0 16
8 -14.0 14
9 -13.0 13
10 -7.0 7
11 -13.0 13
12 -36.0 36
13 -10.0 10
14 -8.0 8
15 -9.0 9
16 -10.0 10
17 -8.0 8
18 -10.0 10
19 -10.0 10
20 -8.0 8
21 -9.0 9
22 -9.0 9
23 -8.0 8
24 -7.0 7
25 -7.0 7
26 -7.0 7
27 -7.0 7
0 -50.0 50
1 -50.0 50
2 -32.0 32
3 -50.0 50
4 -50.0 50
5 -19.0 19
6 -33.0 33
7 -44.0 44
8 -28.0 28
9 -50.0 50
10 -30.0 30
11 -16.0 16
12 -18.0 18
13 -9.0 9
14 -24.0 24
15 -15.0 15
16 -8.0 8
17 -8.0 8
18 -7.0 7
19 -9.0 9
20 -8.0 8
21 -12.0 12
22 -11.0 11
23 -7.0 7
24 -7.0 7
25 -7.0 7
26 -7.0 7
27 -7.0 7
0 -50.0 50
1 -50.0 50
2 -41.0 41
3 -50.0 50
4 -50.0 50
5 -27.0 27
6 -50.0 50
7 -50.0 50
8 -16.0 16
9 -15.0 15
10 -15.0 15
11 -19.0 19
12 -19.0 19
13 -17.0 17
14 -9.0 9
15 -7.0 7
16 -10.0 10
17 -8.0 8
18 -7.0 7
19 -7.0 7
20 -7.0 7
21 -7.0 7
22 -7.0 7
23 -7.0 7
24 -7.0 7
25 -7.0 7
26 -7.0 7
27 -7.0 7
0 -27.0 27
1 -50.0 50
2 -50.0 50
3 -39.0 39
4 -48.0 48
5 -26.0 26
6 -50.0 50
7 -43.0 43
8 -28.0 28
9 -14.0 14
10 -50.0 50
11 -11.0 11
12 -10.0 10
13 -7.0 7
14 -11.0 11
15 -14.0 14
16 -13.0 13
17 -8.0 8
18 -7.0 7
19 -7.0 7
20 -10.0 10
21 -8.0 8
22 -7.0 7
23 -7.0 7
24 -7.0 7
25 -7.0 7
26 -7.0 7
27 -7.0 7
0 -50.0 50
1 -34.0 34
2 -50.0 50
3 -50.0 50
4 -37.0 37
5 -50.0 50
6 -46.0 46
7 -16.0 16
8 -15.0 15
9 -13.0 13
10 -9.0 9
11 -15.0 15
12 -13.0 13
13 -27.0 27
14 -41.0 41
15 -14.0 14
16 -7.0 7
17 -7.0 7
18 -8.0 8
19 -7.0 7
20 -7.0 7
21 -9.0 9
22 -10.0 10
23 -7.0 7
24 -7.0 7
25 -7.0 7
26 -7.0 7
27 -7.0 7
0 -33.0 33
1 -50.0 50
2 -45.0 45
3 -50.0 50
4 -50.0 50
5 -34.0 34
6 -41.0 41
7 -24.0 24
8 -26.0 26
9 -15.0 15
10 -12.0 12
11 -18.0 18
12 -50.0 50
13 -24.0 24
14 -7.0 7
15 -9.0 9
16 -10.0 10
17 -11.0 11
18 -9.0 9
19 -7.0 7
20 -7.0 7
21 -7.0 7
22 -7.0 7
23 -8.0 8
24 -7.0 7
25 -7.0 7
26 -7.0 7
27 -9.0 9
0 -31.0 31
1 -50.0 50
2 -50.0 50
3 -32.0 32
4 -38.0 38
5 -50.0 50
6 -50.0 50
7 -19.0 19
8 -17.0 17
9 -14.0 14
10 -17.0 17
11 -10.0 10
12 -10.0 10
13 -7.0 7
14 -8.0 8
15 -8.0 8
16 -7.0 7
17 -47.0 47
18 -14.0 14
19 -10.0 10
20 -12.0 12
21 -14.0 14
22 -7.0 7
23 -7.0 7
24 -7.0 7
25 -7.0 7
26 -7.0 7
27 -7.0 7
