0 -50.0 50
1 -50.0 50
2 -50.0 50
3 -29.0 29
0 -50.0 50
1 -46.0 46
2 -50.0 50
3 -50.0 50
0 -20.0 20
1 -50.0 50
2 -50.0 50
3 -33.0 33
0 -50.0 50
1 -40.0 40
2 -50.0 50
3 -41.0 41
0 -50.0 50
1 -50.0 50
2 -50.0 50
3 -27.0 27
0 -32.0 32
1 -50.0 50
2 -50.0 50
3 -50.0 50
0 -50.0 50
1 -42.0 42
2 -50.0 50
3 -31.0 31
0 -46.0 46
1 -50.0 50
2 -50.0 50
3 -50.0 50
0 -50.0 50
1 -50.0 50
2 -50.0 50
3 -50.0 50
0 -50.0 50
1 -27.0 27
2 -48.0 48
3 -50.0 50
0 -50.0 50
1 -50.0 50
2 -50.0 50
3 -39.0 39
0 -50.0 50
1 -50.0 50
2 -50.0 50
3 -22.0 22
0 -35.0 35
1 -50.0 50
2 -50.0 50
3 -50.0 50
0 -30.0 30
1 -50.0 50
2 -50.0 50
3 -50.0 50
0 -50.0 50
1 -34.0 34
2 -50.0 50
3 -50.0 50
0 -50.0 50
1 -31.0 31
2 -50.0 50
3 -47.0 47
0 -50.0 50
1 -50.0 50
2 -11.0 11
3 -43.0 43
0 -50.0 50
1 -50.0 50
2 -50.0 50
3 -50.0 50
0 -50.0 50
1 -50.0 50
2 -50.0 50
3 -50.0 50
0 -23.0 23
1 -50.0 50
2 -50.0 50
3 -50.0 50
0 -50.0 50
1 -50.0 50
2 -35.0 35
3 -50.0 50
0 -50.0 50
1 -50.0 50
2 -23.0 23
3 -50.0 50
0 -50.0 50
1 -25.0 25
2 -50.0 50
3 -50.0 50
0 -50.0 50
1 -50.0 50
2 -50.0 50
3 -30.0 30
0 -50.0 50
1 -49.0 49
2 -50.0 50
3 -50.0 50
0 -50.0 50
1 -21.0 21
2 -50.0 50
3 -32.0 32
0 -50.0 50
1 -31.0 31
2 -50.0 50
3 -44.0 44
0 -50.0 50
1 -50.0 50
2 -31.0 31
3 -41.0 41
0 -50.0 50
1 -40.0 40
2 -50.0 50
3 -50.0 50
0 -50.0 50
1 -27.0 27
2 -50.0 50
3 -50.0 50
0 -50.0 50
1 -50.0 50
2 -50.0 50
3 -26.0 26
0 -11.0 11
1 -50.0 50
2 -50.0 50
3 -50.0 50
0 -50.0 50
1 -49.0 49
2 -33.0 33
3 -50.0 50
0 -50.0 50
1 -50.0 50
2 -50.0 50
3 -28.0 28
0 -50.0 50
1 -32.0 32
2 -50.0 50
3 -23.0 23
0 -50.0 50
1 -50.0 50
2 -50.0 50
3 -17.0 17
0 -50.0 50
1 -40.0 40
2 -50.0 50
3 -37.0 37
0 -31.0 31
1 -50.0 50
2 -50.0 50
3 -50.0 50
0 -41.0 41
1 -50.0 50
2 -50.0 50
3 -50.0 50
0 -50.0 50
1 -50.0 50
2 -43.0 43
3 -38.0 38
0 -15.0 15
1 -50.0 50
2 -50.0 50
3 -50.0 50
0 -50.0 50
1 -50.0 50
2 -50.0 50
3 -30.0 30
0 -50.0 50
1 -50.0 50
2 -50.0 50
3 -39.0 39
0 -50.0 50
1 -50.0 50
2 -35.0 35
3 -50.0 50
0 -31.0 31
1 -50.0 50
2 -50.0 50
3 -42.0 42
0 -50.0 50
1 -50.0 50
2 -48.0 48
3 -31.0 31
0 -31.0 31
1 -50.0 50
2 -50.0 50
3 -50.0 50
0 -50.0 50
1 -50.0 50
2 -50.0 50
3 -18.0 18
0 -50.0 50
1 -50.0 50
2 -49.0 49
3 -32.0 32
0 -50.0 50
1 -50.0 50
2 -50.0 50
3 -27.0 27
0 -44.0 44
1 -50.0 50
2 -50.0 50
3 -20.0 20
0 -50.0 50
1 -50.0 50
2 -28.0 28
3 -50.0 50
0 -50.0 50
1 -50.0 50
2 -31.0 31
3 -50.0 50
0 -50.0 50
1 -48.0 48
2 -50.0 50
3 -50.0 50
0 -38.0 38
1 -50.0 50
2 -50.0 50
3 -30.0 30
0 -50.0 50
1 -50.0 50
2 -33.0 33
3 -50.0 50
0 -50.0 50
1 -41.0 41
2 -50.0 50
3 -50.0 50
0 -50.0 50
1 -50.0 50
2 -50.0 50
3 -50.0 50
0 -50.0 50
1 -50.0 50
2 -50.0 50
3 -29.0 29
0 -50.0 50
1 -50.0 50
2 -23.0 23
3 -30.0 30
0 -50.0 50
1 -50.0 50
2 -50.0 50
3 -50.0 50
0 -50.0 50
1 -50.0 50
2 -34.0 34
3 -50.0 50
0 -50.0 50
1 -50.0 50
2 -28.0 28
3 -50.0 50
0 -50.0 50
1 -50.0 50
2 -50.0 50
3 -23.0 23
0 -50.0 50
1 -50.0 50
2 -30.0 30
3 -50.0 50
0 -50.0 50
1 -42.0 42
2 -50.0 50
3 -50.0 50
0 -50.0 50
1 -44.0 44
2 -50.0 50
3 -39.0 39
0 -50.0 50
1 -50.0 50
2 -27.0 27
3 -50.0 50
0 -43.0 43
1 -50.0 50
2 -50.0 50
3 -50.0 50
0 -50.0 50
1 -18.0 18
2 -50.0 50
3 -50.0 50
0 -50.0 50
1 -50.0 50
2 -43.0 43
3 -24.0 24
0 -38.0 38
1 -50.0 50
2 -50.0 50
3 -50.0 50
0 -50.0 50
1 -33.0 33
2 -50.0 50
3 -40.0 40
0 -50.0 50
1 -50.0 50
2 -50.0 50
3 -43.0 43
0 -50.0 50
1 -30.0 30
2 -50.0 50
3 -50.0 50
0 -50.0 50
1 -50.0 50
2 -50.0 50
3 -24.0 24
0 -25.0 25
1 -50.0 50
2 -50.0 50
3 -50.0 50
0 -50.0 50
1 -50.0 50
2 -50.0 50
3 -8.0 8
0 -50.0 50
1 -38.0 38
2 -50.0 50
3 -15.0 15
0 -50.0 50
1 -50.0 50
2 -50.0 50
3 -43.0 43
