0 -50.0 50
1 -50.0 50
2 -50.0 50
3 -33.0 33
4 -44.0 44
5 -50.0 50
6 -27.0 27
7 -11.0 11
8 -7.0 7
9 -29.0 29
10 -10.0 10
11 -10.0 10
12 -7.0 7
13 -9.0 9
14 -7.0 7
15 -7.0 7
16 -10.0 10
17 -11.0 11
18 -12.0 12
19 -7.0 7
20 -7.0 7
21 -7.0 7
22 -7.0 7
23 -7.0 7
24 -7.0 7
25 -7.0 7
26 -7.0 7
27 -7.0 7
28 -7.0 7
29 -7.0 7
0 -50.0 50
1 -50.0 50
2 -50.0 50
3 -38.0 38
4 -50.0 50
5 -39.0 39
6 -21.0 21
7 -17.0 17
8 -26.0 26
9 -24.0 24
10 -34.0 34
11 -10.0 10
12 -7.0 7
13 -7.0 7
14 -8.0 8
15 -13.0 13
16 -13.0 13
17 -8.0 8
18 -7.0 7
19 -7.0 7
20 -7.0 7
21 -7.0 7
22 -9.0 9
23 -10.0 10
24 -10.0 10
25 -7.0 7
26 -7.0 7
27 -7.0 7
28 -7.0 7
29 -7.0 7
0 -50.0 50
1 -50.0 50
2 -37.0 37
3 -50.0 50
4 -50.0 50
5 -17.0 17
6 -50.0 50
7 -21.0 21
8 -8.0 8
9 -14.0 14
10 -12.0 12
11 -17.0 17
12 -10.0 10
13 -7.0 7
14 -15.0 15
15 -7.0 7
16 -8.0 8
17 -11.0 11
18 -10.0 10
19 -9.0 9
20 -8.0 8
21 -7.0 7
22 -7.0 7
23 -9.0 9
24 -7.0 7
25 -14.0 14
26 -16.0 16
27 -16.0 16
28 -10.0 10
29 -7.0 7
0 -39.0 39
1 -50.0 50
2 -50.0 50
3 -50.0 50
4 -46.0 46
5 -50.0 50
6 -19.0 19
7 -28.0 28
8 -14.0 14
9 -10.0 10
10 -7.0 7
11 -8.0 8
12 -12.0 12
13 -21.0 21
14 -15.0 15
15 -7.0 7
16 -7.0 7
17 -7.0 7
18 -8.0 8
19 -11.0 11
20 -20.0 20
21 -7.0 7
22 -8.0 8
23 -9.0 9
24 -7.0 7
25 -8.0 8
26 -7.0 7
27 -7.0 7
28 -7.0 7
29 -7.0 7
0 -50.0 50
1 -50.0 50
2 -40.0 40
3 -50.0 50
4 -25.0 25
5 -47.0 47
6 -24.0 24
7 -29.0 29
8 -50.0 50
9 -17.0 17
10 -9.0 9
11 -8.0 8
12 -15.0 15
13 -18.0 18
14 -7.0 7
15 -7.0 7
16 -14.0 14
17 -17.0 17
18 -20.0 20
19 -8.0 8
20 -7.0 7
21 -10.0 10
22 -7.0 7
23 -7.0 7
24 -7.0 7
25 -7.0 7
26 -8.0 8
27 -7.0 7
28 -7.0 7
29 -7.0 7
0 -50.0 50
1 -50.0 50
2 -45.0 45
3 -50.0 50
4 -50.0 50
5 -34.0 34
6 -28.0 28
7 -21.0 21
8 -15.0 15
9 -16.0 16
10 -8.0 8
11 -7.0 7
12 -7.0 7
13 -17.0 17
14 -24.0 24
15 -8.0 8
16 -9.0 9
17 -7.0 7
18 -10.0 10
19 -7.0 7
20 -7.0 7
21 -7.0 7
22 -7.0 7
23 -7.0 7
24 -7.0 7
25 -9.0 9
26 -7.0 7
27 -7.0 7
28 -7.0 7
29 -7.0 7
0 -50.0 50
1 -50.0 50
2 -50.0 50
3 -47.0 47
4 -32.0 32
5 -50.0 50
6 -21.0 21
7 -36.0 36
8 -23.0 23
9 -13.0 13
10 -9.0 9
11 -15.0 15
12 -50.0 50
13 -29.0 29
14 -15.0 15
15 -9.0 9
16 -8.0 8
17 -7.0 7
18 -7.0 7
19 -7.0 7
20 -7.0 7
21 -7.0 7
22 -8.0 8
23 -7.0 7
24 -7.0 7
25 -7.0 7
26 -7.0 7
27 -7.0 7
28 -7.0 7
29 -7.0 7
0 -50.0 50
1 -50.0 50
2 -23.0 23
3 -50.0 50
4 -21.0 21
5 -50.0 50
6 -24.0 24
7 -50.0 50
8 -50.0 50
9 -31.0 31
10 -15.0 15
11 -36.0 36
12 -12.0 12
13 -9.0 9
14 -8.0 8
15 -7.0 7
16 -8.0 8
17 -8.0 8
18 -10.0 10
19 -8.0 8
20 -7.0 7
21 -7.0 7
22 -7.0 7
23 -7.0 7
24 -7.0 7
25 -7.0 7
26 -7.0 7
27 -7.0 7
28 -7.0 7
29 -7.0 7
0 -50.0 50
1 -50.0 50
2 -46.0 46
3 -50.0 50
4 -50.0 50
5 -50.0 50
6 -16.0 16
7 -22.0 22
8 -17.0 17
9 -7.0 7
10 -8.0 8
11 -7.0 7
12 -7.0 7
13 -14.0 14
14 -12.0 12
15 -8.0 8
16 -7.0 7
17 -7.0 7
18 -7.0 7
19 -8.0 8
20 -7.0 7
21 -8.0 8
22 -7.0 7
23 -8.0 8
24 -7.0 7
25 -7.0 7
26 -7.0 7
27 -7.0 7
28 -7.0 7
29 -7.0 7
0 -50.0 50
1 -50.0 50
2 -50.0 50
3 -50.0 50
4 -22.0 22
5 -7.0 7
6 -15.0 15
7 -25.0 25
8 -28.0 28
9 -17.0 17
10 -15.0 15
11 -32.0 32
12 -37.0 37
13 -11.0 11
14 -10.0 10
15 -15.0 15
16 -14.0 14
17 -14.0 14
18 -12.0 12
19 -9.0 9
20 -8.0 8
21 -9.0 9
22 -9.0 9
23 -7.0 7
24 -8.0 8
25 -7.0 7
26 -7.0 7
27 -7.0 7
28 -7.0 7
29 -7.0 7
0 -50.0 50
1 -50.0 50
2 -50.0 50
3 -50.0 50
4 -38.0 38
5 -23.0 23
6 -30.0 30
7 -48.0 48
8 -16.0 16
9 -11.0 11
10 -21.0 21
11 -9.0 9
12 -13.0 13
13 -7.0 7
14 -7.0 7
15 -8.0 8
16 -9.0 9
17 -16.0 16
18 -13.0 13
19 -7.0 7
20 -7.0 7
21 -9.0 9
22 -8.0 8
23 -7.0 7
24 -8.0 8
25 -7.0 7
26 -7.0 7
27 -7.0 7
28 -7.0 7
29 -9.0 9
0 -27.0 27
1 -50.0 50
2 -44.0 44
3 -50.0 50
4 -20.0 20
5 -50.0 50
6 -21.0 21
7 -34.0 34
8 -50.0 50
9 -41.0 41
10 -24.0 24
11 -22.0 22
12 -11.0 11
13 -13.0 13
14 -18.0 18
15 -8.0 8
16 -7.0 7
17 -9.0 9
18 -16.0 16
19 -7.0 7
20 -7.0 7
21 -9.0 9
22 -11.0 11
23 -7.0 7
24 -8.0 8
25 -7.0 7
26 -7.0 7
27 -7.0 7
28 -7.0 7
29 -7.0 7
0 -49.0 49
1 -50.0 50
2 -19.0 19
3 -50.0 50
4 -36.0 36
5 -50.0 50
6 -34.0 34
7 -27.0 27
8 -18.0 18
9 -38.0 38
10 -20.0 20
11 -50.0 50
12 -11.0 11
13 -12.0 12
14 -14.0 14
15 -10.0 10
16 -11.0 11
17 -10.0 10
18 -12.0 12
19 -8.0 8
20 -7.0 7
21 -7.0 7
22 -7.0 7
23 -8.0 8
24 -8.0 8
25 -8.0 8
26 -7.0 7
27 -7.0 7
28 -7.0 7
29 -7.0 7
0 -50.0 50
1 -29.0 29
2 -50.0 50
3 -50.0 50
4 -50.0 50
5 -32.0 32
6 -50.0 50
7 -32.0 32
8 -17.0 17
9 -8.0 8
10 -9.0 9
11 -13.0 13
12 -7.0 7
13 -18.0 18
14 -13.0 13
15 -12.0 12
16 -8.0 8
17 -9.0 9
18 -11.0 11
19 -16.0 16
20 -7.0 7
21 -9.0 9
22 -8.0 8
23 -7.0 7
24 -8.0 8
25 -7.0 7
26 -7.0 7
27 -7.0 7
28 -7.0 7
29 -7.0 7
0 -29.0 29
1 -50.0 50
2 -50.0 50
3 -50.0 50
4 -22.0 22
5 -21.0 21
6 -50.0 50
7 -31.0 31
8 -50.0 50
9 -10.0 10
10 -8.0 8
11 -7.0 7
12 -8.0 8
13 -8.0 8
14 -7.0 7
15 -8.0 8
16 -7.0 7
17 -8.0 8
18 -9.0 9
19 -9.0 9
20 -7.0 7
21 -7.0 7
22 -10.0 10
23 -7.0 7
24 -7.0 7
25 -7.0 7
26 -7.0 7
27 -7.0 7
28 -7.0 7
29 -8.0 8
0 -50.0 50
1 -50.0 50
2 -43.0 43
3 -50.0 50
4 -26.0 26
5 -19.0 19
6 -47.0 47
7 -26.0 26
8 -50.0 50
9 -50.0 50
10 -25.0 25
11 -29.0 29
12 -14.0 14
13 -14.0 14
14 -7.0 7
15 -7.0 7
16 -7.0 7
17 -9.0 9
18 -7.0 7
19 -9.0 9
20 -11.0 11
21 -8.0 8
22 -7.0 7
23 -7.0 7
24 -9.0 9
25 -7.0 7
26 -22.0 22
27 -7.0 7
28 -7.0 7
29 -7.0 7
0 -50.0 50
1 -50.0 50
2 -50.0 50
3 -28.0 28
4 -50.0 50
5 -25.0 25
6 -16.0 16
7 -50.0 50
8 -50.0 50
9 -32.0 32
10 -23.0 23
11 -18.0 18
12 -7.0 7
13 -12.0 12
14 -11.0 11
15 -11.0 11
16 -8.0 8
17 -12.0 12
18 -9.0 9
19 -7.0 7
20 -7.0 7
21 -7.0 7
22 -7.0 7
23 -9.0 9
24 -7.0 7
25 -7.0 7
26 -7.0 7
27 -7.0 7
28 -7.0 7
29 -7.0 7
0 -50.0 50
1 -50.0 50
2 -50.0 50
3 -50.0 50
4 -21.0 21
5 -50.0 50
6 -18.0 18
7 -18.0 18
8 -17.0 17
9 -47.0 47
10 -20.0 20
11 -10.0 10
12 -8.0 8
13 -10.0 10
14 -7.0 7
15 -10.0 10
16 -9.0 9
17 -10.0 10
18 -11.0 11
19 -9.0 9
20 -8.0 8
21 -8.0 8
22 -7.0 7
23 -7.0 7
24 -7.0 7
25 -8.0 8
26 -7.0 7
27 -7.0 7
28 -7.0 7
29 -7.0 7
0 -50.0 50
1 -49.0 49
2 -50.0 50
3 -15.0 15
4 -50.0 50
5 -50.0 50
6 -47.0 47
7 -19.0 19
8 -10.0 10
9 -7.0 7
10 -24.0 24
11 -15.0 15
12 -9.0 9
13 -14.0 14
14 -24.0 24
15 -18.0 18
16 -19.0 19
17 -15.0 15
18 -12.0 12
19 -17.0 17
20 -10.0 10
21 -8.0 8
22 -7.0 7
23 -9.0 9
24 -8.0 8
25 -7.0 7
26 -7.0 7
27 -7.0 7
28 -7.0 7
29 -7.0 7
0 -50.0 50
1 -50.0 50
2 -30.0 30
3 -29.0 29
4 -50.0 50
5 -33.0 33
6 -17.0 17
7 -19.0 19
8 -26.0 26
9 -18.0 18
10 -7.0 7
11 -11.0 11
12 -45.0 45
13 -50.0 50
14 -17.0 17
15 -13.0 13
16 -13.0 13
17 -7.0 7
18 -7.0 7
19 -7.0 7
20 -9.0 9
21 -8.0 8
22 -7.0 7
23 -7.0 7
24 -7.0 7
25 -7.0 7
26 -7.0 7
27 -7.0 7
28 -7.0 7
29 -7.0 7
