
0 -50.0 50
10 -50.0 50
20 -50.0 50
30 -50.0 50
34 -50.0 50
0 -50.0 50
10 -50.0 50
20 -50.0 50
30 -50.0 50
34 -50.0 50
0 -50.0 50
10 -50.0 50
20 -50.0 50
30 -50.0 50
34 -50.0 50
0 -50.0 50
10 -50.0 50
20 -50.0 50
30 -50.0 50
34 -50.0 50
0 -50.0 50
10 -50.0 50
20 -50.0 50
30 -50.0 50
34 -50.0 50
0 -50.0 50
10 -50.0 50
20 -50.0 50
30 -50.0 50
34 -50.0 50
0 -50.0 50
10 -50.0 50
20 -50.0 50
30 -50.0 50
34 -50.0 50
0 -50.0 50
10 -50.0 50
20 -50.0 50
30 -50.0 50
34 -50.0 50
0 -50.0 50
10 -50.0 50
20 -50.0 50
30 -50.0 50
34 -50.0 50
0 -50.0 50
10 -50.0 50
20 -50.0 50
30 -50.0 50
34 -50.0 50
0 -50.0 50
10 -50.0 50
20 -50.0 50
30 -50.0 50
34 -50.0 50
0 -50.0 50
10 -50.0 50
20 -50.0 50
30 -50.0 50
34 -50.0 50
0 -50.0 50
10 -50.0 50
20 -50.0 50
30 -50.0 50
34 -50.0 50
0 -50.0 50
10 -50.0 50
20 -50.0 50
30 -50.0 50
34 -50.0 50
0 -50.0 50
10 -50.0 50
20 -50.0 50
30 -50.0 50
34 -50.0 50
0 -50.0 50
10 -50.0 50
20 -50.0 50
30 -50.0 50
34 -50.0 50
0 -50.0 50
10 -50.0 50
20 -50.0 50
30 -50.0 50
34 -50.0 50
0 -50.0 50
10 -50.0 50
20 -50.0 50
30 -50.0 50
34 -50.0 50
0 -50.0 50
10 -50.0 50
20 -50.0 50
30 -50.0 50
34 -50.0 50
0 -50.0 50
10 -50.0 50
20 -50.0 50
30 -50.0 50
34 -50.0 50