0 -50.0 50
1 -35.0 35
2 -50.0 50
3 -50.0 50
4 -40.0 40
5 -50.0 50
6 -46.0 46
7 -13.0 13
8 -10.0 10
9 -9.0 9
10 -14.0 14
11 -18.0 18
12 -7.0 7
13 -10.0 10
14 -9.0 9
15 -10.0 10
16 -8.0 8
17 -15.0 15
18 -11.0 11
19 -7.0 7
20 -10.0 10
21 -10.0 10
22 -9.0 9
23 -9.0 9
24 -7.0 7
25 -7.0 7
26 -7.0 7
27 -10.0 10
0 -50.0 50
1 -41.0 41
2 -50.0 50
3 -50.0 50
4 -50.0 50
5 -50.0 50
6 -16.0 16
7 -50.0 50
8 -15.0 15
9 -12.0 12
10 -7.0 7
11 -9.0 9
12 -7.0 7
13 -11.0 11
14 -22.0 22
15 -16.0 16
16 -7.0 7
17 -10.0 10
18 -8.0 8
19 -7.0 7
20 -7.0 7
21 -7.0 7
22 -7.0 7
23 -7.0 7
24 -7.0 7
25 -10.0 10
26 -9.0 9
27 -7.0 7
0 -50.0 50
1 -35.0 35
2 -50.0 50
3 -50.0 50
4 -38.0 38
5 -41.0 41
6 -50.0 50
7 -50.0 50
8 -24.0 24
9 -12.0 12
10 -12.0 12
11 -9.0 9
12 -9.0 9
13 -7.0 7
14 -7.0 7
15 -13.0 13
16 -7.0 7
17 -7.0 7
18 -7.0 7
19 -7.0 7
20 -10.0 10
21 -7.0 7
22 -7.0 7
23 -7.0 7
24 -9.0 9
25 -7.0 7
26 -7.0 7
27 -7.0 7
0 -50.0 50
1 -50.0 50
2 -42.0 42
3 -50.0 50
4 -39.0 39
5 -50.0 50
6 -37.0 37
7 -31.0 31
8 -17.0 17
9 -27.0 27
10 -19.0 19
11 -8.0 8
12 -7.0 7
13 -11.0 11
14 -17.0 17
15 -7.0 7
16 -7.0 7
17 -9.0 9
18 -7.0 7
19 -7.0 7
20 -7.0 7
21 -29.0 29
22 -11.0 11
23 -8.0 8
24 -7.0 7
25 -7.0 7
26 -7.0 7
27 -7.0 7
0 -50.0 50
1 -50.0 50
2 -50.0 50
3 -26.0 26
4 -50.0 50
5 -34.0 34
6 -16.0 16
7 -26.0 26
8 -20.0 20
9 -19.0 19
10 -14.0 14
11 -14.0 14
12 -7.0 7
13 -7.0 7
14 -11.0 11
15 -17.0 17
16 -11.0 11
17 -9.0 9
18 -14.0 14
19 -9.0 9
20 -10.0 10
21 -7.0 7
22 -9.0 9
23 -9.0 9
24 -7.0 7
25 -7.0 7
26 -7.0 7
27 -7.0 7
0 -50.0 50
1 -50.0 50
2 -50.0 50
3 -50.0 50
4 -23.0 23
5 -17.0 17
6 -23.0 23
7 -50.0 50
8 -47.0 47
9 -18.0 18
10 -40.0 40
11 -12.0 12
12 -11.0 11
13 -8.0 8
14 -7.0 7
15 -7.0 7
16 -9.0 9
17 -17.0 17
18 -8.0 8
19 -7.0 7
20 -8.0 8
21 -16.0 16
22 -9.0 9
23 -7.0 7
24 -7.0 7
25 -7.0 7
26 -7.0 7
27 -7.0 7
0 -50.0 50
1 -50.0 50
2 -27.0 27
3 -50.0 50
4 -50.0 50
5 -50.0 50
6 -18.0 18
7 -45.0 45
8 -22.0 22
9 -21.0 21
10 -14.0 14
11 -15.0 15
12 -15.0 15
13 -12.0 12
14 -12.0 12
15 -7.0 7
16 -8.0 8
17 -7.0 7
18 -9.0 9
19 -10.0 10
20 -8.0 8
21 -8.0 8
22 -7.0 7
23 -7.0 7
24 -7.0 7
25 -7.0 7
26 -7.0 7
27 -7.0 7
0 -50.0 50
1 -50.0 50
2 -50.0 50
3 -42.0 42
4 -35.0 35
5 -25.0 25
6 -24.0 24
7 -38.0 38
8 -11.0 11
9 -27.0 27
10 -18.0 18
11 -14.0 14
12 -16.0 16
13 -13.0 13
14 -10.0 10
15 -9.0 9
16 -10.0 10
17 -8.0 8
18 -7.0 7
19 -8.0 8
20 -9.0 9
21 -13.0 13
22 -15.0 15
23 -7.0 7
24 -7.0 7
25 -7.0 7
26 -7.0 7
27 -9.0 9
0 -50.0 50
1 -50.0 50
2 -44.0 44
3 -50.0 50
4 -27.0 27
5 -36.0 36
6 -50.0 50
7 -22.0 22
8 -50.0 50
9 -25.0 25
10 -25.0 25
11 -8.0 8
12 -11.0 11
13 -13.0 13
14 -19.0 19
15 -7.0 7
16 -9.0 9
17 -7.0 7
18 -8.0 8
19 -7.0 7
20 -7.0 7
21 -7.0 7
22 -7.0 7
23 -7.0 7
24 -7.0 7
25 -7.0 7
26 -7.0 7
27 -7.0 7
0 -50.0 50
1 -50.0 50
2 -31.0 31
3 -50.0 50
4 -50.0 50
5 -50.0 50
6 -16.0 16
7 -20.0 20
8 -20.0 20
9 -13.0 13
10 -17.0 17
11 -50.0 50
12 -20.0 20
13 -14.0 14
14 -11.0 11
15 -7.0 7
16 -7.0 7
17 -11.0 11
18 -13.0 13
19 -11.0 11
20 -9.0 9
21 -7.0 7
22 -7.0 7
23 -7.0 7
24 -7.0 7
25 -7.0 7
26 -7.0 7
27 -7.0 7
0 -34.0 34
1 -50.0 50
2 -50.0 50
3 -36.0 36
4 -50.0 50
5 -31.0 31
6 -32.0 32
7 -21.0 21
8 -50.0 50
9 -19.0 19
10 -7.0 7
11 -10.0 10
12 -9.0 9
13 -11.0 11
14 -12.0 12
15 -16.0 16
16 -9.0 9
17 -7.0 7
18 -50.0 50
19 -15.0 15
20 -50.0 50
21 -19.0 19
22 -12.0 12
23 -14.0 14
24 -17.0 17
25 -12.0 12
26 -12.0 12
27 -11.0 11
0 -50.0 50
1 -50.0 50
2 -50.0 50
3 -26.0 26
4 -50.0 50
5 -50.0 50
6 -25.0 25
7 -25.0 25
8 -29.0 29
9 -11.0 11
10 -20.0 20
11 -8.0 8
12 -9.0 9
13 -7.0 7
14 -8.0 8
15 -8.0 8
16 -10.0 10
17 -9.0 9
18 -11.0 11
19 -16.0 16
20 -12.0 12
21 -10.0 10
22 -9.0 9
23 -7.0 7
24 -7.0 7
25 -7.0 7
26 -7.0 7
27 -7.0 7
0 -50.0 50
1 -38.0 38
2 -50.0 50
3 -50.0 50
4 -35.0 35
5 -27.0 27
6 -8.0 8
7 -50.0 50
8 -14.0 14
9 -50.0 50
10 -30.0 30
11 -30.0 30
12 -14.0 14
13 -9.0 9
14 -8.0 8
15 -7.0 7
16 -7.0 7
17 -7.0 7
18 -7.0 7
19 -8.0 8
20 -7.0 7
21 -7.0 7
22 -8.0 8
23 -7.0 7
24 -7.0 7
25 -7.0 7
26 -7.0 7
27 -7.0 7
0 -50.0 50
1 -50.0 50
2 -50.0 50
3 -50.0 50
4 -23.0 23
5 -23.0 23
6 -43.0 43
7 -50.0 50
8 -50.0 50
9 -28.0 28
10 -28.0 28
11 -13.0 13
12 -13.0 13
13 -12.0 12
14 -13.0 13
15 -13.0 13
16 -10.0 10
17 -12.0 12
18 -14.0 14
19 -9.0 9
20 -10.0 10
21 -7.0 7
22 -8.0 8
23 -7.0 7
24 -7.0 7
25 -7.0 7
26 -7.0 7
27 -7.0 7
0 -50.0 50
1 -50.0 50
2 -22.0 22
3 -22.0 22
4 -50.0 50
5 -46.0 46
6 -50.0 50
7 -17.0 17
8 -10.0 10
9 -9.0 9
10 -18.0 18
11 -50.0 50
12 -18.0 18
13 -18.0 18
14 -8.0 8
15 -7.0 7
16 -9.0 9
17 -7.0 7
18 -10.0 10
19 -7.0 7
20 -8.0 8
21 -8.0 8
22 -8.0 8
23 -7.0 7
24 -7.0 7
25 -7.0 7
26 -7.0 7
27 -7.0 7
0 -50.0 50
1 -23.0 23
2 -50.0 50
3 -35.0 35
4 -50.0 50
5 -39.0 39
6 -27.0 27
7 -27.0 27
8 -28.0 28
9 -41.0 41
10 -13.0 13
11 -9.0 9
12 -7.0 7
13 -8.0 8
14 -7.0 7
15 -11.0 11
16 -7.0 7
17 -7.0 7
18 -7.0 7
19 -9.0 9
20 -7.0 7
21 -9.0 9
22 -7.0 7
23 -7.0 7
24 -7.0 7
25 -7.0 7
26 -7.0 7
27 -7.0 7
0 -50.0 50
1 -50.0 50
2 -32.0 32
3 -31.0 31
4 -50.0 50
5 -50.0 50
6 -50.0 50
7 -30.0 30
8 -24.0 24
9 -13.0 13
10 -7.0 7
11 -7.0 7
12 -8.0 8
13 -7.0 7
14 -14.0 14
15 -7.0 7
16 -11.0 11
17 -18.0 18
18 -11.0 11
19 -10.0 10
20 -7.0 7
21 -8.0 8
22 -7.0 7
23 -7.0 7
24 -8.0 8
25 -7.0 7
26 -7.0 7
27 -7.0 7
0 -50.0 50
1 -17.0 17
2 -50.0 50
3 -32.0 32
4 -50.0 50
5 -25.0 25
6 -50.0 50
7 -50.0 50
8 -33.0 33
9 -22.0 22
10 -16.0 16
11 -7.0 7
12 -9.0 9
13 -8.0 8
14 -9.0 9
15 -9.0 9
16 -9.0 9
17 -9.0 9
18 -7.0 7
19 -7.0 7
20 -7.0 7
21 -7.0 7
22 -7.0 7
23 -8.0 8
24 -7.0 7
25 -9.0 9
26 -13.0 13
27 -7.0 7
0 -50.0 50
1 -50.0 50
2 -24.0 24
3 -50.0 50
4 -50.0 50
5 -50.0 50
6 -10.0 10
7 -13.0 13
8 -9.0 9
9 -10.0 10
10 -9.0 9
11 -14.0 14
12 -16.0 16
13 -15.0 15
14 -48.0 48
15 -8.0 8
16 -10.0 10
17 -7.0 7
18 -7.0 7
19 -7.0 7
20 -11.0 11
21 -8.0 8
22 -8.0 8
23 -12.0 12
24 -9.0 9
25 -7.0 7
26 -7.0 7
27 -7.0 7
0 -50.0 50
1 -44.0 44
2 -50.0 50
3 -35.0 35
4 -35.0 35
5 -34.0 34
6 -50.0 50
7 -37.0 37
8 -10.0 10
9 -48.0 48
10 -16.0 16
11 -10.0 10
12 -7.0 7
13 -7.0 7
14 -7.0 7
15 -7.0 7
16 -10.0 10
17 -7.0 7
18 -9.0 9
19 -9.0 9
20 -8.0 8
21 -8.0 8
22 -7.0 7
23 -7.0 7
24 -7.0 7
25 -7.0 7
26 -7.0 7
27 -7.0 7
0 -50.0 50
1 -50.0 50
2 -19.0 19
3 -50.0 50
4 -21.0 21
5 -35.0 35
6 -46.0 46
7 -50.0 50
8 -29.0 29
9 -24.0 24
10 -11.0 11
11 -22.0 22
12 -7.0 7
13 -7.0 7
14 -8.0 8
15 -9.0 9
16 -7.0 7
17 -14.0 14
18 -11.0 11
19 -9.0 9
20 -8.0 8
21 -14.0 14
22 -7.0 7
23 -11.0 11
24 -7.0 7
25 -7.0 7
26 -7.0 7
27 -7.0 7
0 -26.0 26
1 -50.0 50
2 -50.0 50
3 -37.0 37
4 -50.0 50
5 -34.0 34
6 -50.0 50
7 -24.0 24
8 -25.0 25
9 -12.0 12
10 -10.0 10
11 -11.0 11
12 -8.0 8
13 -9.0 9
14 -7.0 7
15 -7.0 7
16 -24.0 24
17 -7.0 7
18 -7.0 7
19 -8.0 8
20 -7.0 7
21 -9.0 9
22 -9.0 9
23 -7.0 7
24 -9.0 9
25 -7.0 7
26 -7.0 7
27 -7.0 7
0 -50.0 50
1 -50.0 50
2 -50.0 50
3 -50.0 50
4 -50.0 50
5 -34.0 34
6 -15.0 15
7 -18.0 18
8 -11.0 11
9 -11.0 11
10 -17.0 17
11 -18.0 18
12 -12.0 12
13 -7.0 7
14 -8.0 8
15 -10.0 10
16 -9.0 9
17 -7.0 7
18 -7.0 7
19 -9.0 9
20 -9.0 9
21 -7.0 7
22 -8.0 8
23 -8.0 8
24 -7.0 7
25 -7.0 7
26 -7.0 7
27 -7.0 7
0 -50.0 50
1 -50.0 50
2 -37.0 37
3 -50.0 50
4 -18.0 18
5 -48.0 48
6 -50.0 50
7 -43.0 43
8 -29.0 29
9 -19.0 19
10 -16.0 16
11 -14.0 14
12 -10.0 10
13 -7.0 7
14 -50.0 50
15 -21.0 21
16 -8.0 8
17 -7.0 7
18 -7.0 7
19 -8.0 8
20 -7.0 7
21 -9.0 9
22 -10.0 10
23 -9.0 9
24 -7.0 7
25 -7.0 7
26 -7.0 7
27 -7.0 7
0 -50.0 50
1 -39.0 39
2 -50.0 50
3 -31.0 31
4 -49.0 49
5 -27.0 27
6 -50.0 50
7 -8.0 8
8 -9.0 9
9 -12.0 12
10 -50.0 50
11 -16.0 16
12 -11.0 11
13 -7.0 7
14 -11.0 11
15 -8.0 8
16 -8.0 8
17 -10.0 10
18 -9.0 9
19 -7.0 7
20 -10.0 10
21 -7.0 7
22 -7.0 7
23 -7.0 7
24 -8.0 8
25 -7.0 7
26 -7.0 7
27 -7.0 7
0 -50.0 50
1 -39.0 39
2 -50.0 50
3 -40.0 40
4 -50.0 50
5 -50.0 50
6 -18.0 18
7 -18.0 18
8 -20.0 20
9 -9.0 9
10 -7.0 7
11 -8.0 8
12 -8.0 8
13 -9.0 9
14 -25.0 25
15 -10.0 10
16 -7.0 7
17 -10.0 10
18 -11.0 11
19 -10.0 10
20 -9.0 9
21 -19.0 19
22 -8.0 8
23 -8.0 8
24 -7.0 7
25 -7.0 7
26 -7.0 7
27 -7.0 7
0 -50.0 50
1 -50.0 50
2 -50.0 50
3 -50.0 50
4 -18.0 18
5 -49.0 49
6 -15.0 15
7 -18.0 18
8 -11.0 11
9 -10.0 10
10 -49.0 49
11 -20.0 20
12 -11.0 11
13 -7.0 7
14 -12.0 12
15 -12.0 12
16 -9.0 9
17 -10.0 10
18 -12.0 12
19 -8.0 8
20 -10.0 10
21 -7.0 7
22 -8.0 8
23 -7.0 7
24 -7.0 7
25 -7.0 7
26 -7.0 7
27 -13.0 13
0 -50.0 50
1 -28.0 28
2 -50.0 50
3 -50.0 50
4 -20.0 20
5 -50.0 50
6 -40.0 40
7 -17.0 17
8 -27.0 27
9 -50.0 50
10 -18.0 18
11 -9.0 9
12 -9.0 9
13 -7.0 7
14 -11.0 11
15 -12.0 12
16 -8.0 8
17 -7.0 7
18 -12.0 12
19 -15.0 15
20 -9.0 9
21 -9.0 9
22 -7.0 7
23 -7.0 7
24 -7.0 7
25 -7.0 7
26 -7.0 7
27 -7.0 7
0 -38.0 38
1 -50.0 50
2 -34.0 34
3 -50.0 50
4 -50.0 50
5 -32.0 32
6 -39.0 39
7 -50.0 50
8 -11.0 11
9 -13.0 13
10 -23.0 23
11 -9.0 9
12 -12.0 12
13 -11.0 11
14 -15.0 15
15 -7.0 7
16 -10.0 10
17 -13.0 13
18 -8.0 8
19 -7.0 7
20 -8.0 8
21 -8.0 8
22 -7.0 7
23 -7.0 7
24 -7.0 7
25 -7.0 7
26 -7.0 7
27 -7.0 7
0 -50.0 50
1 -50.0 50
2 -12.0 12
3 -50.0 50
4 -28.0 28
5 -50.0 50
6 -50.0 50
7 -50.0 50
8 -45.0 45
9 -15.0 15
10 -13.0 13
11 -17.0 17
12 -9.0 9
13 -9.0 9
14 -12.0 12
15 -11.0 11
16 -7.0 7
17 -7.0 7
18 -9.0 9
19 -7.0 7
20 -9.0 9
21 -7.0 7
22 -7.0 7
23 -7.0 7
24 -7.0 7
25 -7.0 7
26 -7.0 7
27 -7.0 7
0 -50.0 50
1 -38.0 38
2 -50.0 50
3 -27.0 27
4 -50.0 50
5 -40.0 40
6 -31.0 31
7 -21.0 21
8 -9.0 9
9 -44.0 44
10 -38.0 38
11 -17.0 17
12 -8.0 8
13 -7.0 7
14 -8.0 8
15 -8.0 8
16 -8.0 8
17 -7.0 7
18 -8.0 8
19 -7.0 7
20 -8.0 8
21 -7.0 7
22 -9.0 9
23 -7.0 7
24 -7.0 7
25 -7.0 7
26 -9.0 9
27 -10.0 10
0 -50.0 50
1 -50.0 50
2 -29.0 29
3 -50.0 50
4 -42.0 42
5 -50.0 50
6 -20.0 20
7 -21.0 21
8 -12.0 12
9 -39.0 39
10 -50.0 50
11 -24.0 24
12 -7.0 7
13 -7.0 7
14 -7.0 7
15 -10.0 10
16 -7.0 7
17 -7.0 7
18 -7.0 7
19 -7.0 7
20 -7.0 7
21 -7.0 7
22 -8.0 8
23 -7.0 7
24 -8.0 8
25 -7.0 7
26 -7.0 7
27 -7.0 7
0 -50.0 50
1 -26.0 26
2 -50.0 50
3 -26.0 26
4 -50.0 50
5 -50.0 50
6 -16.0 16
7 -17.0 17
8 -26.0 26
9 -45.0 45
10 -18.0 18
11 -10.0 10
12 -7.0 7
13 -12.0 12
14 -50.0 50
15 -27.0 27
16 -11.0 11
17 -13.0 13
18 -15.0 15
19 -7.0 7
20 -7.0 7
21 -7.0 7
22 -7.0 7
23 -7.0 7
24 -7.0 7
25 -7.0 7
26 -7.0 7
27 -7.0 7
0 -37.0 37
1 -50.0 50
2 -50.0 50
3 -50.0 50
4 -31.0 31
5 -18.0 18
6 -15.0 15
7 -28.0 28
8 -24.0 24
9 -38.0 38
10 -35.0 35
11 -16.0 16
12 -7.0 7
13 -11.0 11
14 -11.0 11
15 -12.0 12
16 -50.0 50
17 -12.0 12
18 -28.0 28
19 -15.0 15
20 -8.0 8
21 -8.0 8
22 -8.0 8
23 -7.0 7
24 -7.0 7
25 -7.0 7
26 -7.0 7
27 -7.0 7
0 -50.0 50
1 -50.0 50
2 -49.0 49
3 -50.0 50
4 -30.0 30
5 -42.0 42
6 -50.0 50
7 -50.0 50
8 -10.0 10
9 -15.0 15
10 -8.0 8
11 -11.0 11
12 -7.0 7
13 -10.0 10
14 -10.0 10
15 -7.0 7
16 -9.0 9
17 -8.0 8
18 -8.0 8
19 -8.0 8
20 -7.0 7
21 -13.0 13
22 -18.0 18
23 -10.0 10
24 -9.0 9
25 -7.0 7
26 -7.0 7
27 -7.0 7
0 -50.0 50
1 -50.0 50
2 -50.0 50
3 -18.0 18
4 -35.0 35
5 -50.0 50
6 -50.0 50
7 -22.0 22
8 -20.0 20
9 -14.0 14
10 -7.0 7
11 -7.0 7
12 -8.0 8
13 -11.0 11
14 -9.0 9
15 -14.0 14
16 -9.0 9
17 -7.0 7
18 -7.0 7
19 -9.0 9
20 -14.0 14
21 -19.0 19
22 -10.0 10
23 -7.0 7
24 -7.0 7
25 -7.0 7
26 -7.0 7
27 -7.0 7
0 -50.0 50
1 -44.0 44
2 -50.0 50
3 -46.0 46
4 -50.0 50
5 -50.0 50
6 -31.0 31
7 -17.0 17
8 -14.0 14
9 -10.0 10
10 -13.0 13
11 -7.0 7
12 -7.0 7
13 -8.0 8
14 -9.0 9
15 -7.0 7
16 -8.0 8
17 -7.0 7
18 -7.0 7
19 -8.0 8
20 -9.0 9
21 -7.0 7
22 -7.0 7
23 -7.0 7
24 -9.0 9
25 -7.0 7
26 -7.0 7
27 -7.0 7
0 -50.0 50
1 -50.0 50
2 -32.0 32
3 -50.0 50
4 -26.0 26
5 -40.0 40
6 -32.0 32
7 -50.0 50
8 -24.0 24
9 -9.0 9
10 -11.0 11
11 -15.0 15
12 -10.0 10
13 -9.0 9
14 -10.0 10
15 -7.0 7
16 -7.0 7
17 -7.0 7
18 -7.0 7
19 -7.0 7
20 -8.0 8
21 -9.0 9
22 -7.0 7
23 -7.0 7
24 -7.0 7
25 -7.0 7
26 -7.0 7
27 -7.0 7
0 -50.0 50
1 -50.0 50
2 -50.0 50
3 -33.0 33
4 -50.0 50
5 -47.0 47
6 -16.0 16
7 -20.0 20
8 -39.0 39
9 -20.0 20
10 -7.0 7
11 -9.0 9
12 -8.0 8
13 -10.0 10
14 -25.0 25
15 -7.0 7
16 -7.0 7
17 -7.0 7
18 -10.0 10
19 -8.0 8
20 -9.0 9
21 -18.0 18
22 -10.0 10
23 -7.0 7
24 -7.0 7
25 -7.0 7
26 -7.0 7
27 -7.0 7
0 -50.0 50
1 -50.0 50
2 -47.0 47
3 -49.0 49
4 -21.0 21
5 -23.0 23
6 -50.0 50
7 -24.0 24
8 -24.0 24
9 -36.0 36
10 -46.0 46
11 -7.0 7
12 -7.0 7
13 -9.0 9
14 -7.0 7
15 -8.0 8
16 -7.0 7
17 -9.0 9
18 -7.0 7
19 -10.0 10
20 -24.0 24
21 -9.0 9
22 -8.0 8
23 -8.0 8
24 -8.0 8
25 -7.0 7
26 -7.0 7
27 -7.0 7
0 -50.0 50
1 -30.0 30
2 -50.0 50
3 -50.0 50
4 -50.0 50
5 -50.0 50
6 -25.0 25
7 -22.0 22
8 -15.0 15
9 -15.0 15
10 -8.0 8
11 -7.0 7
12 -50.0 50
13 -10.0 10
14 -7.0 7
15 -9.0 9
16 -7.0 7
17 -9.0 9
18 -7.0 7
19 -9.0 9
20 -9.0 9
21 -9.0 9
22 -9.0 9
23 -10.0 10
24 -7.0 7
25 -7.0 7
26 -7.0 7
27 -7.0 7
0 -50.0 50
1 -50.0 50
2 -29.0 29
3 -50.0 50
4 -44.0 44
5 -18.0 18
6 -10.0 10
7 -50.0 50
8 -23.0 23
9 -16.0 16
10 -50.0 50
11 -37.0 37
12 -10.0 10
13 -11.0 11
14 -12.0 12
15 -12.0 12
16 -10.0 10
17 -10.0 10
18 -7.0 7
19 -11.0 11
20 -7.0 7
21 -9.0 9
22 -8.0 8
23 -12.0 12
24 -9.0 9
25 -7.0 7
26 -7.0 7
27 -7.0 7
0 -50.0 50
1 -50.0 50
2 -18.0 18
3 -40.0 40
4 -50.0 50
5 -24.0 24
6 -49.0 49
7 -50.0 50
8 -14.0 14
9 -15.0 15
10 -34.0 34
11 -13.0 13
12 -7.0 7
13 -7.0 7
14 -7.0 7
15 -7.0 7
16 -8.0 8
17 -7.0 7
18 -12.0 12
19 -8.0 8
20 -7.0 7
21 -7.0 7
22 -7.0 7
23 -8.0 8
24 -7.0 7
25 -9.0 9
26 -7.0 7
27 -7.0 7
0 -48.0 48
1 -50.0 50
2 -50.0 50
3 -42.0 42
4 -50.0 50
5 -47.0 47
6 -50.0 50
7 -17.0 17
8 -18.0 18
9 -15.0 15
10 -38.0 38
11 -19.0 19
12 -7.0 7
13 -7.0 7
14 -8.0 8
15 -9.0 9
16 -8.0 8
17 -9.0 9
18 -9.0 9
19 -7.0 7
20 -9.0 9
21 -7.0 7
22 -8.0 8
23 -9.0 9
24 -11.0 11
25 -7.0 7
26 -7.0 7
27 -7.0 7
0 -49.0 49
1 -50.0 50
2 -50.0 50
3 -34.0 34
4 -22.0 22
5 -50.0 50
6 -11.0 11
7 -21.0 21
8 -14.0 14
9 -10.0 10
10 -13.0 13
11 -50.0 50
12 -21.0 21
13 -24.0 24
14 -9.0 9
15 -7.0 7
16 -9.0 9
17 -8.0 8
18 -8.0 8
19 -7.0 7
20 -8.0 8
21 -7.0 7
22 -7.0 7
23 -8.0 8
24 -7.0 7
25 -7.0 7
26 -7.0 7
27 -7.0 7
0 -50.0 50
1 -49.0 49
2 -50.0 50
3 -31.0 31
4 -50.0 50
5 -37.0 37
6 -29.0 29
7 -11.0 11
8 -7.0 7
9 -7.0 7
10 -7.0 7
11 -8.0 8
12 -12.0 12
13 -12.0 12
14 -7.0 7
15 -8.0 8
16 -15.0 15
17 -8.0 8
18 -9.0 9
19 -18.0 18
20 -17.0 17
21 -15.0 15
22 -9.0 9
23 -12.0 12
24 -29.0 29
25 -7.0 7
26 -7.0 7
27 -7.0 7
0 -50.0 50
1 -50.0 50
2 -22.0 22
3 -24.0 24
4 -50.0 50
5 -30.0 30
6 -50.0 50
7 -50.0 50
8 -14.0 14
9 -13.0 13
10 -17.0 17
11 -15.0 15
12 -7.0 7
13 -10.0 10
14 -7.0 7
15 -9.0 9
16 -16.0 16
17 -17.0 17
18 -10.0 10
19 -15.0 15
20 -7.0 7
21 -7.0 7
22 -7.0 7
23 -8.0 8
24 -8.0 8
25 -7.0 7
26 -7.0 7
27 -9.0 9
0 -50.0 50
1 -50.0 50
2 -36.0 36
3 -50.0 50
4 -49.0 49
5 -20.0 20
6 -47.0 47
7 -21.0 21
8 -8.0 8
9 -20.0 20
10 -16.0 16
11 -14.0 14
12 -13.0 13
13 -9.0 9
14 -7.0 7
15 -11.0 11
16 -12.0 12
17 -13.0 13
18 -7.0 7
19 -7.0 7
20 -11.0 11
21 -7.0 7
22 -7.0 7
23 -7.0 7
24 -7.0 7
25 -7.0 7
26 -7.0 7
27 -7.0 7
0 -50.0 50
1 -50.0 50
2 -35.0 35
3 -50.0 50
4 -24.0 24
5 -50.0 50
6 -32.0 32
7 -23.0 23
8 -31.0 31
9 -50.0 50
10 -29.0 29
11 -50.0 50
12 -27.0 27
13 -26.0 26
14 -15.0 15
15 -18.0 18
16 -7.0 7
17 -10.0 10
18 -8.0 8
19 -8.0 8
20 -10.0 10
21 -7.0 7
22 -8.0 8
23 -7.0 7
24 -7.0 7
25 -7.0 7
26 -7.0 7
27 -7.0 7
0 -32.0 32
1 -50.0 50
2 -50.0 50
3 -50.0 50
4 -17.0 17
5 -36.0 36
6 -25.0 25
7 -30.0 30
8 -49.0 49
9 -15.0 15
10 -34.0 34
11 -11.0 11
12 -7.0 7
13 -7.0 7
14 -10.0 10
15 -7.0 7
16 -7.0 7
17 -9.0 9
18 -8.0 8
19 -16.0 16
20 -14.0 14
21 -9.0 9
22 -9.0 9
23 -9.0 9
24 -7.0 7
25 -7.0 7
26 -7.0 7
27 -7.0 7
0 -50.0 50
1 -50.0 50
2 -50.0 50
3 -37.0 37
4 -20.0 20
5 -24.0 24
6 -50.0 50
7 -10.0 10
8 -14.0 14
9 -14.0 14
10 -16.0 16
11 -14.0 14
12 -7.0 7
13 -50.0 50
14 -50.0 50
15 -15.0 15
16 -22.0 22
17 -7.0 7
18 -8.0 8
19 -7.0 7
20 -8.0 8
21 -7.0 7
22 -7.0 7
23 -7.0 7
24 -7.0 7
25 -7.0 7
26 -7.0 7
27 -7.0 7
0 -43.0 43
1 -50.0 50
2 -42.0 42
3 -50.0 50
4 -50.0 50
5 -50.0 50
6 -41.0 41
7 -11.0 11
8 -7.0 7
9 -7.0 7
10 -8.0 8
11 -20.0 20
12 -10.0 10
13 -10.0 10
14 -16.0 16
15 -10.0 10
16 -13.0 13
17 -7.0 7
18 -9.0 9
19 -7.0 7
20 -9.0 9
21 -10.0 10
22 -9.0 9
23 -9.0 9
24 -7.0 7
25 -7.0 7
26 -7.0 7
27 -7.0 7
0 -50.0 50
1 -50.0 50
2 -50.0 50
3 -50.0 50
4 -47.0 47
5 -23.0 23
6 -49.0 49
7 -13.0 13
8 -9.0 9
9 -8.0 8
10 -7.0 7
11 -7.0 7
12 -12.0 12
13 -12.0 12
14 -9.0 9
15 -8.0 8
16 -9.0 9
17 -10.0 10
18 -9.0 9
19 -9.0 9
20 -7.0 7
21 -7.0 7
22 -8.0 8
23 -8.0 8
24 -11.0 11
25 -9.0 9
26 -9.0 9
27 -12.0 12
0 -50.0 50
1 -42.0 42
2 -50.0 50
3 -37.0 37
4 -50.0 50
5 -50.0 50
6 -28.0 28
7 -25.0 25
8 -20.0 20
9 -14.0 14
10 -10.0 10
11 -15.0 15
12 -14.0 14
13 -11.0 11
14 -9.0 9
15 -12.0 12
16 -18.0 18
17 -44.0 44
18 -12.0 12
19 -7.0 7
20 -7.0 7
21 -7.0 7
22 -7.0 7
23 -7.0 7
24 -7.0 7
25 -7.0 7
26 -7.0 7
27 -7.0 7
0 -50.0 50
1 -50.0 50
2 -34.0 34
3 -50.0 50
4 -46.0 46
5 -27.0 27
6 -24.0 24
7 -50.0 50
8 -22.0 22
9 -34.0 34
10 -13.0 13
11 -14.0 14
12 -10.0 10
13 -8.0 8
14 -12.0 12
15 -10.0 10
16 -9.0 9
17 -10.0 10
18 -7.0 7
19 -7.0 7
20 -7.0 7
21 -7.0 7
22 -7.0 7
23 -8.0 8
24 -7.0 7
25 -7.0 7
26 -7.0 7
27 -7.0 7
0 -50.0 50
1 -43.0 43
2 -50.0 50
3 -39.0 39
4 -31.0 31
5 -40.0 40
6 -45.0 45
7 -14.0 14
8 -7.0 7
9 -8.0 8
10 -18.0 18
11 -50.0 50
12 -20.0 20
13 -29.0 29
14 -31.0 31
15 -14.0 14
16 -7.0 7
17 -16.0 16
18 -7.0 7
19 -7.0 7
20 -7.0 7
21 -8.0 8
22 -8.0 8
23 -7.0 7
24 -7.0 7
25 -7.0 7
26 -7.0 7
27 -7.0 7
0 -50.0 50
1 -50.0 50
2 -34.0 34
3 -50.0 50
4 -46.0 46
5 -50.0 50
6 -22.0 22
7 -14.0 14
8 -12.0 12
9 -12.0 12
10 -30.0 30
11 -17.0 17
12 -16.0 16
13 -11.0 11
14 -21.0 21
15 -11.0 11
16 -9.0 9
17 -9.0 9
18 -9.0 9
19 -8.0 8
20 -39.0 39
21 -8.0 8
22 -7.0 7
23 -7.0 7
24 -8.0 8
25 -7.0 7
26 -7.0 7
27 -7.0 7
0 -34.0 34
1 -50.0 50
2 -50.0 50
3 -50.0 50
4 -36.0 36
5 -16.0 16
6 -50.0 50
7 -48.0 48
8 -13.0 13
9 -16.0 16
10 -9.0 9
11 -9.0 9
12 -11.0 11
13 -20.0 20
14 -18.0 18
15 -10.0 10
16 -7.0 7
17 -7.0 7
18 -7.0 7
19 -7.0 7
20 -10.0 10
21 -8.0 8
22 -7.0 7
23 -7.0 7
24 -7.0 7
25 -7.0 7
26 -7.0 7
27 -7.0 7
0 -35.0 35
1 -50.0 50
2 -50.0 50
3 -27.0 27
4 -50.0 50
5 -50.0 50
6 -40.0 40
7 -41.0 41
8 -17.0 17
9 -8.0 8
10 -10.0 10
11 -11.0 11
12 -10.0 10
13 -9.0 9
14 -7.0 7
15 -8.0 8
16 -7.0 7
17 -7.0 7
18 -7.0 7
19 -10.0 10
20 -8.0 8
21 -9.0 9
22 -7.0 7
23 -7.0 7
24 -7.0 7
25 -7.0 7
26 -7.0 7
27 -7.0 7
0 -32.0 32
1 -50.0 50
2 -50.0 50
3 -50.0 50
4 -18.0 18
5 -42.0 42
6 -50.0 50
7 -36.0 36
8 -50.0 50
9 -21.0 21
10 -15.0 15
11 -19.0 19
12 -19.0 19
13 -17.0 17
14 -10.0 10
15 -24.0 24
16 -30.0 30
17 -12.0 12
18 -13.0 13
19 -13.0 13
20 -11.0 11
21 -11.0 11
22 -18.0 18
23 -12.0 12
24 -8.0 8
25 -8.0 8
26 -7.0 7
27 -7.0 7
0 -50.0 50
1 -50.0 50
2 -50.0 50
3 -18.0 18
4 -38.0 38
5 -12.0 12
6 -10.0 10
7 -50.0 50
8 -50.0 50
9 -18.0 18
10 -14.0 14
11 -9.0 9
12 -50.0 50
13 -15.0 15
14 -9.0 9
15 -9.0 9
16 -7.0 7
17 -9.0 9
18 -7.0 7
19 -8.0 8
20 -9.0 9
21 -7.0 7
22 -7.0 7
23 -8.0 8
24 -7.0 7
25 -7.0 7
26 -7.0 7
27 -7.0 7
0 -50.0 50
1 -32.0 32
2 -50.0 50
3 -33.0 33
4 -46.0 46
5 -50.0 50
6 -42.0 42
7 -50.0 50
8 -50.0 50
9 -9.0 9
10 -11.0 11
11 -7.0 7
12 -8.0 8
13 -7.0 7
14 -7.0 7
15 -8.0 8
16 -10.0 10
17 -8.0 8
18 -8.0 8
19 -10.0 10
20 -7.0 7
21 -11.0 11
22 -10.0 10
23 -7.0 7
24 -7.0 7
25 -7.0 7
26 -7.0 7
27 -7.0 7
0 -50.0 50
1 -23.0 23
2 -50.0 50
3 -49.0 49
4 -50.0 50
5 -50.0 50
6 -44.0 44
7 -17.0 17
8 -7.0 7
9 -8.0 8
10 -8.0 8
11 -8.0 8
12 -10.0 10
13 -8.0 8
14 -8.0 8
15 -9.0 9
16 -26.0 26
17 -7.0 7
18 -7.0 7
19 -7.0 7
20 -9.0 9
21 -10.0 10
22 -9.0 9
23 -8.0 8
24 -7.0 7
25 -7.0 7
26 -7.0 7
27 -7.0 7
0 -50.0 50
1 -35.0 35
2 -50.0 50
3 -48.0 48
4 -50.0 50
5 -50.0 50
6 -50.0 50
7 -7.0 7
8 -7.0 7
9 -7.0 7
10 -7.0 7
11 -7.0 7
12 -8.0 8
13 -7.0 7
14 -7.0 7
15 -9.0 9
16 -16.0 16
17 -7.0 7
18 -8.0 8
19 -10.0 10
20 -7.0 7
21 -7.0 7
22 -8.0 8
23 -7.0 7
24 -7.0 7
25 -7.0 7
26 -7.0 7
27 -7.0 7
0 -28.0 28
1 -50.0 50
2 -47.0 47
3 -50.0 50
4 -39.0 39
5 -50.0 50
6 -30.0 30
7 -50.0 50
8 -50.0 50
9 -13.0 13
10 -7.0 7
11 -7.0 7
12 -11.0 11
13 -9.0 9
14 -12.0 12
15 -10.0 10
16 -8.0 8
17 -8.0 8
18 -7.0 7
19 -8.0 8
20 -7.0 7
21 -7.0 7
22 -7.0 7
23 -7.0 7
24 -7.0 7
25 -7.0 7
26 -7.0 7
27 -7.0 7
0 -31.0 31
1 -50.0 50
2 -50.0 50
3 -46.0 46
4 -50.0 50
5 -21.0 21
6 -24.0 24
7 -31.0 31
8 -17.0 17
9 -13.0 13
10 -15.0 15
11 -22.0 22
12 -15.0 15
13 -50.0 50
14 -33.0 33
15 -21.0 21
16 -8.0 8
17 -8.0 8
18 -9.0 9
19 -9.0 9
20 -10.0 10
21 -10.0 10
22 -8.0 8
23 -7.0 7
24 -7.0 7
25 -7.0 7
26 -7.0 7
27 -7.0 7
0 -50.0 50
1 -35.0 35
2 -50.0 50
3 -38.0 38
4 -50.0 50
5 -37.0 37
6 -40.0 40
7 -14.0 14
8 -10.0 10
9 -9.0 9
10 -13.0 13
11 -21.0 21
12 -16.0 16
13 -10.0 10
14 -12.0 12
15 -7.0 7
16 -8.0 8
17 -50.0 50
18 -9.0 9
19 -7.0 7
20 -9.0 9
21 -7.0 7
22 -7.0 7
23 -8.0 8
24 -9.0 9
25 -7.0 7
26 -7.0 7
27 -7.0 7
0 -50.0 50
1 -50.0 50
2 -50.0 50
3 -36.0 36
4 -50.0 50
5 -23.0 23
6 -48.0 48
7 -11.0 11
8 -11.0 11
9 -12.0 12
10 -28.0 28
11 -11.0 11
12 -12.0 12
13 -10.0 10
14 -12.0 12
15 -9.0 9
16 -10.0 10
17 -9.0 9
18 -7.0 7
19 -7.0 7
20 -9.0 9
21 -9.0 9
22 -9.0 9
23 -21.0 21
24 -18.0 18
25 -7.0 7
26 -7.0 7
27 -7.0 7
0 -50.0 50
1 -50.0 50
2 -50.0 50
3 -23.0 23
4 -38.0 38
5 -50.0 50
6 -26.0 26
7 -50.0 50
8 -25.0 25
9 -33.0 33
10 -23.0 23
11 -17.0 17
12 -10.0 10
13 -7.0 7
14 -8.0 8
15 -7.0 7
16 -8.0 8
17 -13.0 13
18 -23.0 23
19 -10.0 10
20 -11.0 11
21 -9.0 9
22 -7.0 7
23 -7.0 7
24 -7.0 7
25 -7.0 7
26 -7.0 7
27 -7.0 7
0 -50.0 50
1 -35.0 35
2 -48.0 48
3 -50.0 50
4 -36.0 36
5 -34.0 34
6 -50.0 50
7 -12.0 12
8 -50.0 50
9 -37.0 37
10 -16.0 16
11 -7.0 7
12 -7.0 7
13 -10.0 10
14 -9.0 9
15 -10.0 10
16 -7.0 7
17 -8.0 8
18 -7.0 7
19 -9.0 9
20 -8.0 8
21 -8.0 8
22 -7.0 7
23 -12.0 12
24 -7.0 7
25 -7.0 7
26 -7.0 7
27 -7.0 7
0 -50.0 50
1 -50.0 50
2 -50.0 50
3 -41.0 41
4 -50.0 50
5 -25.0 25
6 -50.0 50
7 -50.0 50
8 -44.0 44
9 -35.0 35
10 -14.0 14
11 -15.0 15
12 -8.0 8
13 -15.0 15
14 -12.0 12
15 -7.0 7
16 -7.0 7
17 -7.0 7
18 -11.0 11
19 -13.0 13
20 -8.0 8
21 -8.0 8
22 -8.0 8
23 -7.0 7
24 -19.0 19
25 -7.0 7
26 -7.0 7
27 -9.0 9
0 -50.0 50
1 -30.0 30
2 -50.0 50
3 -50.0 50
4 -50.0 50
5 -48.0 48
6 -50.0 50
7 -26.0 26
8 -12.0 12
9 -14.0 14
10 -11.0 11
11 -10.0 10
12 -16.0 16
13 -16.0 16
14 -10.0 10
15 -13.0 13
16 -8.0 8
17 -11.0 11
18 -9.0 9
19 -7.0 7
20 -8.0 8
21 -7.0 7
22 -9.0 9
23 -7.0 7
24 -7.0 7
25 -7.0 7
26 -7.0 7
27 -7.0 7
0 -50.0 50
1 -50.0 50
2 -50.0 50
3 -25.0 25
4 -50.0 50
5 -31.0 31
6 -50.0 50
7 -28.0 28
8 -14.0 14
9 -9.0 9
10 -8.0 8
11 -8.0 8
12 -19.0 19
13 -12.0 12
14 -7.0 7
15 -7.0 7
16 -8.0 8
17 -8.0 8
18 -11.0 11
19 -10.0 10
20 -10.0 10
21 -7.0 7
22 -9.0 9
23 -8.0 8
24 -7.0 7
25 -7.0 7
26 -7.0 7
27 -7.0 7
0 -50.0 50
1 -50.0 50
2 -15.0 15
3 -50.0 50
4 -22.0 22
5 -50.0 50
6 -36.0 36
7 -34.0 34
8 -50.0 50
9 -31.0 31
10 -48.0 48
11 -10.0 10
12 -7.0 7
13 -9.0 9
14 -8.0 8
15 -8.0 8
16 -17.0 17
17 -11.0 11
18 -8.0 8
19 -8.0 8
20 -7.0 7
21 -8.0 8
22 -7.0 7
23 -7.0 7
24 -8.0 8
25 -7.0 7
26 -7.0 7
27 -7.0 7
0 -50.0 50
1 -50.0 50
2 -50.0 50
3 -29.0 29
4 -50.0 50
5 -24.0 24
6 -42.0 42
7 -30.0 30
8 -21.0 21
9 -16.0 16
10 -10.0 10
11 -13.0 13
12 -12.0 12
13 -9.0 9
14 -16.0 16
15 -17.0 17
16 -24.0 24
17 -14.0 14
18 -7.0 7
19 -8.0 8
20 -9.0 9
21 -11.0 11
22 -7.0 7
23 -7.0 7
24 -7.0 7
25 -7.0 7
26 -7.0 7
27 -7.0 7
0 -50.0 50
1 -41.0 41
2 -50.0 50
3 -31.0 31
4 -28.0 28
5 -33.0 33
6 -50.0 50
7 -12.0 12
8 -10.0 10
9 -50.0 50
10 -50.0 50
11 -27.0 27
12 -46.0 46
13 -11.0 11
14 -9.0 9
15 -9.0 9
16 -7.0 7
17 -9.0 9
18 -7.0 7
19 -7.0 7
20 -7.0 7
21 -9.0 9
22 -9.0 9
23 -7.0 7
24 -7.0 7
25 -7.0 7
26 -7.0 7
27 -7.0 7
0 -50.0 50
1 -50.0 50
2 -23.0 23
3 -50.0 50
4 -50.0 50
5 -41.0 41
6 -50.0 50
7 -15.0 15
8 -10.0 10
9 -8.0 8
10 -7.0 7
11 -16.0 16
12 -17.0 17
13 -11.0 11
14 -9.0 9
15 -11.0 11
16 -12.0 12
17 -10.0 10
18 -7.0 7
19 -10.0 10
20 -9.0 9
21 -7.0 7
22 -7.0 7
23 -8.0 8
24 -7.0 7
25 -7.0 7
26 -7.0 7
27 -7.0 7
0 -50.0 50
1 -50.0 50
2 -15.0 15
3 -39.0 39
4 -50.0 50
5 -29.0 29
6 -50.0 50
7 -50.0 50
8 -37.0 37
9 -9.0 9
10 -7.0 7
11 -12.0 12
12 -9.0 9
13 -9.0 9
14 -7.0 7
15 -7.0 7
16 -13.0 13
17 -14.0 14
18 -7.0 7
19 -7.0 7
20 -9.0 9
21 -7.0 7
22 -7.0 7
23 -7.0 7
24 -7.0 7
25 -7.0 7
26 -7.0 7
27 -7.0 7
0 -43.0 43
1 -50.0 50
2 -50.0 50
3 -50.0 50
4 -26.0 26
5 -40.0 40
6 -50.0 50
7 -11.0 11
8 -9.0 9
9 -25.0 25
10 -9.0 9
11 -10.0 10
12 -7.0 7
13 -25.0 25
14 -18.0 18
15 -15.0 15
16 -15.0 15
17 -12.0 12
18 -8.0 8
19 -9.0 9
20 -11.0 11
21 -9.0 9
22 -7.0 7
23 -7.0 7
24 -8.0 8
25 -7.0 7
26 -7.0 7
27 -7.0 7
0 -50.0 50
1 -50.0 50
2 -50.0 50
3 -50.0 50
4 -39.0 39
5 -50.0 50
6 -30.0 30
7 -15.0 15
8 -7.0 7
9 -11.0 11
10 -17.0 17
11 -8.0 8
12 -13.0 13
13 -9.0 9
14 -11.0 11
15 -9.0 9
16 -7.0 7
17 -8.0 8
18 -9.0 9
19 -15.0 15
20 -8.0 8
21 -9.0 9
22 -19.0 19
23 -15.0 15
24 -7.0 7
25 -7.0 7
26 -7.0 7
27 -7.0 7
0 -50.0 50
1 -50.0 50
2 -50.0 50
3 -16.0 16
4 -25.0 25
5 -18.0 18
6 -50.0 50
7 -25.0 25
8 -22.0 22
9 -27.0 27
10 -42.0 42
11 -49.0 49
12 -21.0 21
13 -16.0 16
14 -7.0 7
15 -10.0 10
16 -7.0 7
17 -7.0 7
18 -7.0 7
19 -8.0 8
20 -7.0 7
21 -7.0 7
22 -9.0 9
23 -7.0 7
24 -7.0 7
25 -8.0 8
26 -7.0 7
27 -7.0 7
0 -50.0 50
1 -50.0 50
2 -29.0 29
3 -50.0 50
4 -23.0 23
5 -50.0 50
6 -33.0 33
7 -50.0 50
8 -25.0 25
9 -23.0 23
10 -13.0 13
11 -10.0 10
12 -14.0 14
13 -10.0 10
14 -10.0 10
15 -11.0 11
16 -12.0 12
17 -8.0 8
18 -8.0 8
19 -7.0 7
20 -7.0 7
21 -9.0 9
22 -8.0 8
23 -7.0 7
24 -7.0 7
25 -7.0 7
26 -7.0 7
27 -7.0 7
0 -50.0 50
1 -32.0 32
2 -46.0 46
3 -50.0 50
4 -50.0 50
5 -37.0 37
6 -19.0 19
7 -9.0 9
8 -18.0 18
9 -48.0 48
10 -28.0 28
11 -8.0 8
12 -13.0 13
13 -8.0 8
14 -7.0 7
15 -10.0 10
16 -11.0 11
17 -9.0 9
18 -7.0 7
19 -15.0 15
20 -8.0 8
21 -7.0 7
22 -7.0 7
23 -8.0 8
24 -7.0 7
25 -7.0 7
26 -7.0 7
27 -7.0 7
0 -50.0 50
1 -30.0 30
2 -50.0 50
3 -50.0 50
4 -17.0 17
5 -49.0 49
6 -50.0 50
7 -50.0 50
8 -31.0 31
9 -11.0 11
10 -17.0 17
11 -12.0 12
12 -7.0 7
13 -8.0 8
14 -8.0 8
15 -7.0 7
16 -11.0 11
17 -7.0 7
18 -11.0 11
19 -13.0 13
20 -7.0 7
21 -10.0 10
22 -8.0 8
23 -8.0 8
24 -7.0 7
25 -7.0 7
26 -7.0 7
27 -7.0 7
0 -50.0 50
1 -50.0 50
2 -28.0 28
3 -50.0 50
4 -50.0 50
5 -19.0 19
6 -50.0 50
7 -50.0 50
8 -18.0 18
9 -11.0 11
10 -12.0 12
11 -7.0 7
12 -7.0 7
13 -7.0 7
14 -10.0 10
15 -9.0 9
16 -7.0 7
17 -11.0 11
18 -12.0 12
19 -7.0 7
20 -7.0 7
21 -8.0 8
22 -9.0 9
23 -8.0 8
24 -7.0 7
25 -7.0 7
26 -7.0 7
27 -7.0 7
0 -50.0 50
1 -50.0 50
2 -32.0 32
3 -26.0 26
4 -50.0 50
5 -50.0 50
6 -34.0 34
7 -27.0 27
8 -30.0 30
9 -9.0 9
10 -7.0 7
11 -14.0 14
12 -14.0 14
13 -17.0 17
14 -25.0 25
15 -15.0 15
16 -7.0 7
17 -7.0 7
18 -7.0 7
19 -7.0 7
20 -8.0 8
21 -8.0 8
22 -7.0 7
23 -8.0 8
24 -7.0 7
25 -7.0 7
26 -7.0 7
27 -7.0 7
0 -50.0 50
1 -50.0 50
2 -10.0 10
3 -50.0 50
4 -25.0 25
5 -50.0 50
6 -45.0 45
7 -22.0 22
8 -17.0 17
9 -12.0 12
10 -50.0 50
11 -25.0 25
12 -11.0 11
13 -12.0 12
14 -7.0 7
15 -8.0 8
16 -11.0 11
17 -9.0 9
18 -9.0 9
19 -10.0 10
20 -7.0 7
21 -10.0 10
22 -7.0 7
23 -7.0 7
24 -7.0 7
25 -7.0 7
26 -7.0 7
27 -7.0 7
0 -39.0 39
1 -50.0 50
2 -50.0 50
3 -50.0 50
4 -50.0 50
5 -36.0 36
6 -27.0 27
7 -50.0 50
8 -19.0 19
9 -28.0 28
10 -9.0 9
11 -7.0 7
12 -7.0 7
13 -7.0 7
14 -7.0 7
15 -8.0 8
16 -7.0 7
17 -8.0 8
18 -9.0 9
19 -7.0 7
20 -7.0 7
21 -7.0 7
22 -7.0 7
23 -9.0 9
24 -9.0 9
25 -7.0 7
26 -7.0 7
27 -7.0 7
0 -50.0 50
1 -50.0 50
2 -50.0 50
3 -26.0 26
4 -50.0 50
5 -25.0 25
6 -28.0 28
7 -32.0 32
8 -9.0 9
9 -7.0 7
10 -9.0 9
11 -25.0 25
12 -19.0 19
13 -9.0 9
14 -11.0 11
15 -12.0 12
16 -11.0 11
17 -50.0 50
18 -9.0 9
19 -9.0 9
20 -15.0 15
21 -8.0 8
22 -11.0 11
23 -8.0 8
24 -7.0 7
25 -9.0 9
26 -7.0 7
27 -7.0 7
0 -50.0 50
1 -50.0 50
2 -50.0 50
3 -42.0 42
4 -50.0 50
5 -32.0 32
6 -16.0 16
7 -19.0 19
8 -8.0 8
9 -9.0 9
10 -16.0 16
11 -12.0 12
12 -11.0 11
13 -9.0 9
14 -17.0 17
15 -12.0 12
16 -24.0 24
17 -25.0 25
18 -16.0 16
19 -9.0 9
20 -9.0 9
21 -8.0 8
22 -7.0 7
23 -8.0 8
24 -7.0 7
25 -7.0 7
26 -7.0 7
27 -7.0 7
0 -50.0 50
1 -44.0 44
2 -50.0 50
3 -50.0 50
4 -34.0 34
5 -29.0 29
6 -50.0 50
7 -22.0 22
8 -25.0 25
9 -35.0 35
10 -19.0 19
11 -15.0 15
12 -9.0 9
13 -12.0 12
14 -22.0 22
15 -11.0 11
16 -27.0 27
17 -32.0 32
18 -11.0 11
19 -10.0 10
20 -12.0 12
21 -7.0 7
22 -7.0 7
23 -7.0 7
24 -7.0 7
25 -7.0 7
26 -7.0 7
27 -7.0 7
0 -50.0 50
1 -44.0 44
2 -37.0 37
3 -50.0 50
4 -50.0 50
5 -50.0 50
6 -38.0 38
7 -9.0 9
8 -8.0 8
9 -9.0 9
10 -13.0 13
11 -11.0 11
12 -11.0 11
13 -9.0 9
14 -13.0 13
15 -13.0 13
16 -12.0 12
17 -7.0 7
18 -7.0 7
19 -8.0 8
20 -10.0 10
21 -8.0 8
22 -7.0 7
23 -7.0 7
24 -7.0 7
25 -7.0 7
26 -7.0 7
27 -7.0 7
0 -50.0 50
1 -50.0 50
2 -31.0 31
3 -50.0 50
4 -50.0 50
5 -44.0 44
6 -10.0 10
7 -13.0 13
8 -21.0 21
9 -7.0 7
10 -11.0 11
11 -15.0 15
12 -50.0 50
13 -50.0 50
14 -28.0 28
15 -14.0 14
16 -7.0 7
17 -7.0 7
18 -13.0 13
19 -7.0 7
20 -7.0 7
21 -7.0 7
22 -8.0 8
23 -7.0 7
24 -7.0 7
25 -7.0 7
26 -9.0 9
27 -7.0 7
0 -50.0 50
1 -34.0 34
2 -50.0 50
3 -50.0 50
4 -50.0 50
5 -50.0 50
6 -34.0 34
7 -14.0 14
8 -15.0 15
9 -14.0 14
10 -15.0 15
11 -50.0 50
12 -19.0 19
13 -10.0 10
14 -7.0 7
15 -8.0 8
16 -7.0 7
17 -8.0 8
18 -11.0 11
19 -7.0 7
20 -9.0 9
21 -7.0 7
22 -9.0 9
23 -8.0 8
24 -7.0 7
25 -9.0 9
26 -7.0 7
27 -7.0 7
0 -17.0 17
1 -50.0 50
2 -50.0 50
3 -50.0 50
4 -50.0 50
5 -46.0 46
6 -44.0 44
7 -20.0 20
8 -29.0 29
9 -21.0 21
10 -50.0 50
11 -20.0 20
12 -7.0 7
13 -9.0 9
14 -15.0 15
15 -12.0 12
16 -7.0 7
17 -7.0 7
18 -9.0 9
19 -8.0 8
20 -7.0 7
21 -8.0 8
22 -9.0 9
23 -7.0 7
24 -7.0 7
25 -7.0 7
26 -7.0 7
27 -7.0 7
0 -50.0 50
1 -50.0 50
2 -50.0 50
3 -50.0 50
4 -33.0 33
5 -31.0 31
6 -26.0 26
7 -14.0 14
8 -24.0 24
9 -13.0 13
10 -40.0 40
11 -12.0 12
12 -30.0 30
13 -23.0 23
14 -8.0 8
15 -7.0 7
16 -7.0 7
17 -12.0 12
18 -15.0 15
19 -11.0 11
20 -17.0 17
21 -7.0 7
22 -8.0 8
23 -7.0 7
24 -7.0 7
25 -7.0 7
26 -7.0 7
27 -7.0 7
0 -50.0 50
1 -50.0 50
2 -50.0 50
3 -50.0 50
4 -50.0 50
5 -25.0 25
6 -22.0 22
7 -15.0 15
8 -11.0 11
9 -16.0 16
10 -18.0 18
11 -40.0 40
12 -14.0 14
13 -12.0 12
14 -8.0 8
15 -7.0 7
16 -7.0 7
17 -7.0 7
18 -7.0 7
19 -7.0 7
20 -7.0 7
21 -7.0 7
22 -7.0 7
23 -7.0 7
24 -7.0 7
25 -7.0 7
26 -7.0 7
27 -7.0 7
0 -50.0 50
1 -50.0 50
2 -38.0 38
3 -50.0 50
4 -34.0 34
5 -41.0 41
6 -50.0 50
7 -50.0 50
8 -26.0 26
9 -12.0 12
10 -19.0 19
11 -17.0 17
12 -15.0 15
13 -11.0 11
14 -15.0 15
15 -7.0 7
16 -8.0 8
17 -7.0 7
18 -8.0 8
19 -8.0 8
20 -7.0 7
21 -7.0 7
22 -8.0 8
23 -7.0 7
24 -7.0 7
25 -7.0 7
26 -7.0 7
27 -7.0 7
0 -31.0 31
1 -50.0 50
2 -50.0 50
3 -50.0 50
4 -50.0 50
5 -13.0 13
6 -23.0 23
7 -50.0 50
8 -50.0 50
9 -41.0 41
10 -18.0 18
11 -15.0 15
12 -14.0 14
13 -14.0 14
14 -16.0 16
15 -7.0 7
16 -7.0 7
17 -8.0 8
18 -7.0 7
19 -7.0 7
20 -7.0 7
21 -8.0 8
22 -7.0 7
23 -9.0 9
24 -7.0 7
25 -7.0 7
26 -7.0 7
27 -7.0 7
0 -50.0 50
1 -42.0 42
2 -43.0 43
3 -50.0 50
4 -50.0 50
5 -28.0 28
6 -50.0 50
7 -8.0 8
8 -19.0 19
9 -7.0 7
10 -33.0 33
11 -7.0 7
12 -10.0 10
13 -7.0 7
14 -7.0 7
15 -7.0 7
16 -9.0 9
17 -9.0 9
18 -7.0 7
19 -9.0 9
20 -11.0 11
21 -9.0 9
22 -13.0 13
23 -10.0 10
24 -7.0 7
25 -7.0 7
26 -7.0 7
27 -7.0 7
