0 -50.0 50
1 -42.0 42
0 -32.0 32
1 -50.0 50
0 -50.0 50
1 -50.0 50
0 -50.0 50
1 -50.0 50
0 -45.0 45
1 -50.0 50
0 -50.0 50
1 -50.0 50
0 -50.0 50
1 -13.0 13
0 -50.0 50
1 -50.0 50
0 -50.0 50
1 -43.0 43
0 -50.0 50
1 -50.0 50
0 -50.0 50
1 -50.0 50
0 -50.0 50
1 -50.0 50
0 -49.0 49
1 -50.0 50
0 -50.0 50
1 -28.0 28
0 -50.0 50
1 -50.0 50
0 -50.0 50
1 -50.0 50
0 -44.0 44
1 -50.0 50
0 -50.0 50
1 -29.0 29
0 -50.0 50
1 -50.0 50
0 -50.0 50
1 -35.0 35
0 -50.0 50
1 -50.0 50
0 -50.0 50
1 -50.0 50
0 -50.0 50
1 -50.0 50
0 -50.0 50
1 -50.0 50
0 -50.0 50
1 -50.0 50
0 -50.0 50
1 -50.0 50
0 -50.0 50
1 -33.0 33
0 -50.0 50
1 -50.0 50
0 -43.0 43
1 -50.0 50
0 -50.0 50
1 -50.0 50
0 -50.0 50
1 -50.0 50
0 -50.0 50
1 -50.0 50
0 -50.0 50
1 -50.0 50
0 -50.0 50
1 -24.0 24
0 -50.0 50
1 -50.0 50
0 -50.0 50
1 -50.0 50
0 -24.0 24
1 -50.0 50
0 -50.0 50
1 -50.0 50
0 -50.0 50
1 -50.0 50
0 -34.0 34
1 -50.0 50
