0 -20.0 20
1 -50.0 50
2 -50.0 50
3 -50.0 50
4 -50.0 50
5 -38.0 38
6 -50.0 50
7 -18.0 18
8 -20.0 20
9 -21.0 21
10 -14.0 14
11 -19.0 19
12 -7.0 7
13 -11.0 11
14 -15.0 15
15 -7.0 7
16 -11.0 11
17 -10.0 10
18 -9.0 9
19 -17.0 17
20 -7.0 7
21 -7.0 7
22 -7.0 7
23 -7.0 7
24 -7.0 7
25 -15.0 15
0 -50.0 50
1 -45.0 45
2 -50.0 50
3 -16.0 16
4 -50.0 50
5 -50.0 50
6 -44.0 44
7 -45.0 45
8 -22.0 22
9 -7.0 7
10 -7.0 7
11 -16.0 16
12 -12.0 12
13 -7.0 7
14 -11.0 11
15 -7.0 7
16 -7.0 7
17 -7.0 7
18 -12.0 12
19 -8.0 8
20 -7.0 7
21 -7.0 7
22 -7.0 7
23 -7.0 7
24 -7.0 7
25 -7.0 7
0 -50.0 50
1 -43.0 43
2 -50.0 50
3 -50.0 50
4 -30.0 30
5 -37.0 37
6 -28.0 28
7 -27.0 27
8 -18.0 18
9 -19.0 19
10 -8.0 8
11 -9.0 9
12 -9.0 9
13 -7.0 7
14 -9.0 9
15 -7.0 7
16 -9.0 9
17 -7.0 7
18 -10.0 10
19 -12.0 12
20 -10.0 10
21 -7.0 7
22 -9.0 9
23 -7.0 7
24 -7.0 7
25 -7.0 7
0 -50.0 50
1 -47.0 47
2 -50.0 50
3 -12.0 12
4 -50.0 50
5 -14.0 14
6 -15.0 15
7 -24.0 24
8 -41.0 41
9 -50.0 50
10 -48.0 48
11 -38.0 38
12 -15.0 15
13 -13.0 13
14 -7.0 7
15 -7.0 7
16 -8.0 8
17 -10.0 10
18 -7.0 7
19 -10.0 10
20 -9.0 9
21 -8.0 8
22 -7.0 7
23 -7.0 7
24 -7.0 7
25 -7.0 7
0 -42.0 42
1 -50.0 50
2 -50.0 50
3 -40.0 40
4 -50.0 50
5 -50.0 50
6 -14.0 14
7 -17.0 17
8 -15.0 15
9 -15.0 15
10 -9.0 9
11 -10.0 10
12 -7.0 7
13 -12.0 12
14 -12.0 12
15 -17.0 17
16 -11.0 11
17 -7.0 7
18 -7.0 7
19 -10.0 10
20 -15.0 15
21 -9.0 9
22 -7.0 7
23 -7.0 7
24 -7.0 7
25 -7.0 7
0 -50.0 50
1 -50.0 50
2 -50.0 50
3 -47.0 47
4 -14.0 14
5 -20.0 20
6 -37.0 37
7 -30.0 30
8 -50.0 50
9 -32.0 32
10 -42.0 42
11 -19.0 19
12 -10.0 10
13 -12.0 12
14 -7.0 7
15 -10.0 10
16 -9.0 9
17 -7.0 7
18 -8.0 8
19 -8.0 8
20 -8.0 8
21 -8.0 8
22 -7.0 7
23 -7.0 7
24 -7.0 7
25 -12.0 12
0 -50.0 50
1 -50.0 50
2 -50.0 50
3 -50.0 50
4 -35.0 35
5 -28.0 28
6 -40.0 40
7 -32.0 32
8 -50.0 50
9 -25.0 25
10 -37.0 37
11 -40.0 40
12 -12.0 12
13 -16.0 16
14 -21.0 21
15 -17.0 17
16 -22.0 22
17 -10.0 10
18 -10.0 10
19 -12.0 12
20 -7.0 7
21 -7.0 7
22 -7.0 7
23 -7.0 7
24 -7.0 7
25 -7.0 7
0 -24.0 24
1 -50.0 50
2 -50.0 50
3 -50.0 50
4 -15.0 15
5 -50.0 50
6 -19.0 19
7 -17.0 17
8 -50.0 50
9 -45.0 45
10 -11.0 11
11 -10.0 10
12 -7.0 7
13 -9.0 9
14 -9.0 9
15 -8.0 8
16 -9.0 9
17 -8.0 8
18 -10.0 10
19 -12.0 12
20 -7.0 7
21 -7.0 7
22 -7.0 7
23 -9.0 9
24 -7.0 7
25 -7.0 7
0 -50.0 50
1 -50.0 50
2 -50.0 50
3 -15.0 15
4 -30.0 30
5 -50.0 50
6 -50.0 50
7 -20.0 20
8 -27.0 27
9 -12.0 12
10 -8.0 8
11 -9.0 9
12 -7.0 7
13 -8.0 8
14 -7.0 7
15 -7.0 7
16 -8.0 8
17 -9.0 9
18 -10.0 10
19 -7.0 7
20 -9.0 9
21 -9.0 9
22 -9.0 9
23 -16.0 16
24 -13.0 13
25 -9.0 9
0 -50.0 50
1 -27.0 27
2 -50.0 50
3 -41.0 41
4 -27.0 27
5 -49.0 49
6 -30.0 30
7 -50.0 50
8 -27.0 27
9 -41.0 41
10 -18.0 18
11 -8.0 8
12 -9.0 9
13 -8.0 8
14 -7.0 7
15 -25.0 25
16 -8.0 8
17 -10.0 10
18 -7.0 7
19 -7.0 7
20 -11.0 11
21 -9.0 9
22 -9.0 9
23 -8.0 8
24 -7.0 7
25 -7.0 7
0 -50.0 50
1 -37.0 37
2 -47.0 47
3 -50.0 50
4 -49.0 49
5 -50.0 50
6 -38.0 38
7 -13.0 13
8 -13.0 13
9 -13.0 13
10 -14.0 14
11 -15.0 15
12 -9.0 9
13 -9.0 9
14 -16.0 16
15 -7.0 7
16 -15.0 15
17 -8.0 8
18 -10.0 10
19 -12.0 12
20 -8.0 8
21 -8.0 8
22 -13.0 13
23 -10.0 10
24 -7.0 7
25 -7.0 7
0 -50.0 50
1 -50.0 50
2 -50.0 50
3 -50.0 50
4 -41.0 41
5 -50.0 50
6 -11.0 11
7 -10.0 10
8 -8.0 8
9 -11.0 11
10 -12.0 12
11 -15.0 15
12 -12.0 12
13 -7.0 7
14 -8.0 8
15 -7.0 7
16 -9.0 9
17 -7.0 7
18 -10.0 10
19 -7.0 7
20 -8.0 8
21 -7.0 7
22 -7.0 7
23 -7.0 7
24 -7.0 7
25 -7.0 7
0 -50.0 50
1 -50.0 50
2 -50.0 50
3 -46.0 46
4 -21.0 21
5 -20.0 20
6 -39.0 39
7 -47.0 47
8 -50.0 50
9 -12.0 12
10 -10.0 10
11 -7.0 7
12 -8.0 8
13 -10.0 10
14 -9.0 9
15 -16.0 16
16 -13.0 13
17 -7.0 7
18 -10.0 10
19 -8.0 8
20 -7.0 7
21 -8.0 8
22 -7.0 7
23 -7.0 7
24 -7.0 7
25 -7.0 7
0 -50.0 50
1 -25.0 25
2 -50.0 50
3 -19.0 19
4 -49.0 49
5 -50.0 50
6 -23.0 23
7 -24.0 24
8 -50.0 50
9 -35.0 35
10 -50.0 50
11 -11.0 11
12 -10.0 10
13 -8.0 8
14 -10.0 10
15 -10.0 10
16 -8.0 8
17 -7.0 7
18 -7.0 7
19 -9.0 9
20 -8.0 8
21 -15.0 15
22 -7.0 7
23 -7.0 7
24 -7.0 7
25 -7.0 7
0 -50.0 50
1 -50.0 50
2 -50.0 50
3 -50.0 50
4 -31.0 31
5 -31.0 31
6 -25.0 25
7 -27.0 27
8 -30.0 30
9 -50.0 50
10 -36.0 36
11 -12.0 12
12 -7.0 7
13 -10.0 10
14 -7.0 7
15 -10.0 10
16 -7.0 7
17 -10.0 10
18 -7.0 7
19 -8.0 8
20 -7.0 7
21 -7.0 7
22 -8.0 8
23 -7.0 7
24 -7.0 7
25 -7.0 7
0 -50.0 50
1 -31.0 31
2 -50.0 50
3 -42.0 42
4 -50.0 50
5 -50.0 50
6 -18.0 18
7 -7.0 7
8 -17.0 17
9 -13.0 13
10 -48.0 48
11 -14.0 14
12 -8.0 8
13 -7.0 7
14 -10.0 10
15 -7.0 7
16 -9.0 9
17 -7.0 7
18 -11.0 11
19 -14.0 14
20 -7.0 7
21 -7.0 7
22 -7.0 7
23 -7.0 7
24 -7.0 7
25 -7.0 7
0 -44.0 44
1 -50.0 50
2 -50.0 50
3 -34.0 34
4 -50.0 50
5 -18.0 18
6 -13.0 13
7 -19.0 19
8 -8.0 8
9 -17.0 17
10 -15.0 15
11 -50.0 50
12 -50.0 50
13 -7.0 7
14 -8.0 8
15 -8.0 8
16 -7.0 7
17 -9.0 9
18 -12.0 12
19 -19.0 19
20 -7.0 7
21 -7.0 7
22 -7.0 7
23 -7.0 7
24 -7.0 7
25 -7.0 7
0 -50.0 50
1 -50.0 50
2 -50.0 50
3 -50.0 50
4 -41.0 41
5 -40.0 40
6 -40.0 40
7 -17.0 17
8 -44.0 44
9 -12.0 12
10 -12.0 12
11 -25.0 25
12 -50.0 50
13 -21.0 21
14 -13.0 13
15 -25.0 25
16 -14.0 14
17 -7.0 7
18 -8.0 8
19 -7.0 7
20 -8.0 8
21 -7.0 7
22 -8.0 8
23 -9.0 9
24 -7.0 7
25 -7.0 7
0 -16.0 16
1 -50.0 50
2 -50.0 50
3 -50.0 50
4 -50.0 50
5 -21.0 21
6 -50.0 50
7 -24.0 24
8 -22.0 22
9 -14.0 14
10 -15.0 15
11 -16.0 16
12 -13.0 13
13 -16.0 16
14 -18.0 18
15 -16.0 16
16 -18.0 18
17 -13.0 13
18 -9.0 9
19 -7.0 7
20 -9.0 9
21 -8.0 8
22 -7.0 7
23 -7.0 7
24 -7.0 7
25 -7.0 7
0 -50.0 50
1 -50.0 50
2 -50.0 50
3 -50.0 50
4 -38.0 38
5 -50.0 50
6 -30.0 30
7 -33.0 33
8 -28.0 28
9 -13.0 13
10 -30.0 30
11 -21.0 21
12 -15.0 15
13 -9.0 9
14 -8.0 8
15 -11.0 11
16 -7.0 7
17 -8.0 8
18 -9.0 9
19 -8.0 8
20 -7.0 7
21 -7.0 7
22 -8.0 8
23 -7.0 7
24 -7.0 7
25 -7.0 7
0 -50.0 50
1 -50.0 50
2 -27.0 27
3 -43.0 43
4 -50.0 50
5 -50.0 50
6 -17.0 17
7 -14.0 14
8 -11.0 11
9 -11.0 11
10 -8.0 8
11 -15.0 15
12 -18.0 18
13 -50.0 50
14 -50.0 50
15 -18.0 18
16 -12.0 12
17 -10.0 10
18 -7.0 7
19 -8.0 8
20 -7.0 7
21 -7.0 7
22 -7.0 7
23 -7.0 7
24 -7.0 7
25 -7.0 7
0 -50.0 50
1 -50.0 50
2 -50.0 50
3 -43.0 43
4 -41.0 41
5 -19.0 19
6 -50.0 50
7 -8.0 8
8 -11.0 11
9 -9.0 9
10 -10.0 10
11 -26.0 26
12 -50.0 50
13 -19.0 19
14 -13.0 13
15 -26.0 26
16 -12.0 12
17 -8.0 8
18 -8.0 8
19 -8.0 8
20 -7.0 7
21 -9.0 9
22 -7.0 7
23 -7.0 7
24 -7.0 7
25 -7.0 7
0 -30.0 30
1 -50.0 50
2 -50.0 50
3 -40.0 40
4 -40.0 40
5 -33.0 33
6 -50.0 50
7 -9.0 9
8 -7.0 7
9 -8.0 8
10 -22.0 22
11 -9.0 9
12 -9.0 9
13 -7.0 7
14 -7.0 7
15 -9.0 9
16 -14.0 14
17 -12.0 12
18 -13.0 13
19 -11.0 11
20 -9.0 9
21 -7.0 7
22 -38.0 38
23 -10.0 10
24 -11.0 11
25 -7.0 7
0 -50.0 50
1 -50.0 50
2 -50.0 50
3 -50.0 50
4 -49.0 49
5 -33.0 33
6 -19.0 19
7 -9.0 9
8 -33.0 33
9 -15.0 15
10 -7.0 7
11 -7.0 7
12 -10.0 10
13 -11.0 11
14 -9.0 9
15 -9.0 9
16 -8.0 8
17 -7.0 7
18 -7.0 7
19 -7.0 7
20 -13.0 13
21 -14.0 14
22 -10.0 10
23 -9.0 9
24 -7.0 7
25 -7.0 7
0 -50.0 50
1 -50.0 50
2 -16.0 16
3 -50.0 50
4 -15.0 15
5 -50.0 50
6 -40.0 40
7 -50.0 50
8 -40.0 40
9 -13.0 13
10 -7.0 7
11 -7.0 7
12 -7.0 7
13 -7.0 7
14 -7.0 7
15 -10.0 10
16 -11.0 11
17 -12.0 12
18 -11.0 11
19 -12.0 12
20 -7.0 7
21 -7.0 7
22 -7.0 7
23 -7.0 7
24 -7.0 7
25 -7.0 7
0 -14.0 14
1 -50.0 50
2 -50.0 50
3 -50.0 50
4 -50.0 50
5 -16.0 16
6 -40.0 40
7 -50.0 50
8 -37.0 37
9 -17.0 17
10 -8.0 8
11 -10.0 10
12 -20.0 20
13 -7.0 7
14 -7.0 7
15 -7.0 7
16 -10.0 10
17 -14.0 14
18 -9.0 9
19 -11.0 11
20 -7.0 7
21 -7.0 7
22 -7.0 7
23 -7.0 7
24 -7.0 7
25 -7.0 7
0 -50.0 50
1 -50.0 50
2 -50.0 50
3 -14.0 14
4 -50.0 50
5 -22.0 22
6 -16.0 16
7 -20.0 20
8 -17.0 17
9 -28.0 28
10 -20.0 20
11 -13.0 13
12 -50.0 50
13 -13.0 13
14 -11.0 11
15 -10.0 10
16 -10.0 10
17 -13.0 13
18 -11.0 11
19 -14.0 14
20 -7.0 7
21 -7.0 7
22 -10.0 10
23 -9.0 9
24 -7.0 7
25 -7.0 7
0 -50.0 50
1 -50.0 50
2 -36.0 36
3 -50.0 50
4 -50.0 50
5 -13.0 13
6 -50.0 50
7 -20.0 20
8 -23.0 23
9 -15.0 15
10 -22.0 22
11 -25.0 25
12 -11.0 11
13 -12.0 12
14 -21.0 21
15 -8.0 8
16 -7.0 7
17 -8.0 8
18 -7.0 7
19 -7.0 7
20 -7.0 7
21 -9.0 9
22 -7.0 7
23 -7.0 7
24 -7.0 7
25 -7.0 7
0 -50.0 50
1 -50.0 50
2 -50.0 50
3 -50.0 50
4 -13.0 13
5 -32.0 32
6 -27.0 27
7 -19.0 19
8 -50.0 50
9 -15.0 15
10 -13.0 13
11 -9.0 9
12 -7.0 7
13 -23.0 23
14 -10.0 10
15 -10.0 10
16 -7.0 7
17 -7.0 7
18 -8.0 8
19 -8.0 8
20 -7.0 7
21 -7.0 7
22 -7.0 7
23 -7.0 7
24 -7.0 7
25 -7.0 7
0 -38.0 38
1 -50.0 50
2 -50.0 50
3 -42.0 42
4 -50.0 50
5 -32.0 32
6 -31.0 31
7 -17.0 17
8 -9.0 9
9 -11.0 11
10 -10.0 10
11 -13.0 13
12 -10.0 10
13 -50.0 50
14 -42.0 42
15 -13.0 13
16 -12.0 12
17 -14.0 14
18 -7.0 7
19 -7.0 7
20 -9.0 9
21 -7.0 7
22 -7.0 7
23 -7.0 7
24 -7.0 7
25 -7.0 7
0 -23.0 23
1 -50.0 50
2 -50.0 50
3 -39.0 39
4 -50.0 50
5 -50.0 50
6 -50.0 50
7 -23.0 23
8 -10.0 10
9 -8.0 8
10 -11.0 11
11 -11.0 11
12 -14.0 14
13 -11.0 11
14 -7.0 7
15 -7.0 7
16 -7.0 7
17 -7.0 7
18 -8.0 8
19 -10.0 10
20 -13.0 13
21 -7.0 7
22 -7.0 7
23 -7.0 7
24 -7.0 7
25 -7.0 7
0 -50.0 50
1 -27.0 27
2 -50.0 50
3 -50.0 50
4 -50.0 50
5 -50.0 50
6 -50.0 50
7 -9.0 9
8 -18.0 18
9 -18.0 18
10 -11.0 11
11 -7.0 7
12 -9.0 9
13 -18.0 18
14 -7.0 7
15 -8.0 8
16 -7.0 7
17 -10.0 10
18 -9.0 9
19 -13.0 13
20 -8.0 8
21 -7.0 7
22 -7.0 7
23 -7.0 7
24 -7.0 7
25 -7.0 7
0 -50.0 50
1 -50.0 50
2 -50.0 50
3 -36.0 36
4 -50.0 50
5 -46.0 46
6 -22.0 22
7 -16.0 16
8 -13.0 13
9 -12.0 12
10 -7.0 7
11 -11.0 11
12 -13.0 13
13 -19.0 19
14 -17.0 17
15 -50.0 50
16 -13.0 13
17 -11.0 11
18 -8.0 8
19 -7.0 7
20 -8.0 8
21 -7.0 7
22 -7.0 7
23 -7.0 7
24 -7.0 7
25 -7.0 7
0 -50.0 50
1 -50.0 50
2 -50.0 50
3 -50.0 50
4 -17.0 17
5 -17.0 17
6 -50.0 50
7 -22.0 22
8 -49.0 49
9 -8.0 8
10 -9.0 9
11 -10.0 10
12 -14.0 14
13 -7.0 7
14 -8.0 8
15 -8.0 8
16 -8.0 8
17 -11.0 11
18 -24.0 24
19 -7.0 7
20 -7.0 7
21 -7.0 7
22 -9.0 9
23 -15.0 15
24 -15.0 15
25 -7.0 7
0 -27.0 27
1 -50.0 50
2 -50.0 50
3 -41.0 41
4 -50.0 50
5 -45.0 45
6 -39.0 39
7 -50.0 50
8 -50.0 50
9 -19.0 19
10 -11.0 11
11 -7.0 7
12 -8.0 8
13 -7.0 7
14 -7.0 7
15 -8.0 8
16 -9.0 9
17 -12.0 12
18 -7.0 7
19 -7.0 7
20 -7.0 7
21 -7.0 7
22 -8.0 8
23 -7.0 7
24 -12.0 12
25 -7.0 7
0 -50.0 50
1 -50.0 50
2 -29.0 29
3 -50.0 50
4 -36.0 36
5 -50.0 50
6 -12.0 12
7 -7.0 7
8 -7.0 7
9 -16.0 16
10 -16.0 16
11 -47.0 47
12 -50.0 50
13 -22.0 22
14 -17.0 17
15 -9.0 9
16 -9.0 9
17 -12.0 12
18 -19.0 19
19 -7.0 7
20 -8.0 8
21 -8.0 8
22 -7.0 7
23 -7.0 7
24 -7.0 7
25 -7.0 7
0 -50.0 50
1 -29.0 29
2 -50.0 50
3 -26.0 26
4 -50.0 50
5 -50.0 50
6 -46.0 46
7 -11.0 11
8 -19.0 19
9 -16.0 16
10 -46.0 46
11 -21.0 21
12 -7.0 7
13 -7.0 7
14 -8.0 8
15 -7.0 7
16 -9.0 9
17 -9.0 9
18 -12.0 12
19 -9.0 9
20 -7.0 7
21 -7.0 7
22 -8.0 8
23 -7.0 7
24 -7.0 7
25 -7.0 7
0 -50.0 50
1 -50.0 50
2 -23.0 23
3 -48.0 48
4 -50.0 50
5 -44.0 44
6 -16.0 16
7 -16.0 16
8 -10.0 10
9 -15.0 15
10 -10.0 10
11 -22.0 22
12 -20.0 20
13 -12.0 12
14 -23.0 23
15 -16.0 16
16 -13.0 13
17 -10.0 10
18 -10.0 10
19 -12.0 12
20 -10.0 10
21 -7.0 7
22 -7.0 7
23 -7.0 7
24 -7.0 7
25 -7.0 7
0 -48.0 48
1 -50.0 50
2 -42.0 42
3 -50.0 50
4 -50.0 50
5 -50.0 50
6 -38.0 38
7 -41.0 41
8 -16.0 16
9 -13.0 13
10 -7.0 7
11 -7.0 7
12 -9.0 9
13 -7.0 7
14 -9.0 9
15 -11.0 11
16 -10.0 10
17 -8.0 8
18 -7.0 7
19 -7.0 7
20 -7.0 7
21 -8.0 8
22 -7.0 7
23 -7.0 7
24 -7.0 7
25 -7.0 7
0 -35.0 35
1 -50.0 50
2 -50.0 50
3 -50.0 50
4 -44.0 44
5 -17.0 17
6 -29.0 29
7 -25.0 25
8 -24.0 24
9 -7.0 7
10 -9.0 9
11 -30.0 30
12 -28.0 28
13 -14.0 14
14 -7.0 7
15 -8.0 8
16 -7.0 7
17 -7.0 7
18 -7.0 7
19 -7.0 7
20 -8.0 8
21 -8.0 8
22 -9.0 9
23 -7.0 7
24 -9.0 9
25 -7.0 7
0 -50.0 50
1 -50.0 50
2 -50.0 50
3 -50.0 50
4 -19.0 19
5 -45.0 45
6 -20.0 20
7 -7.0 7
8 -12.0 12
9 -16.0 16
10 -11.0 11
11 -16.0 16
12 -50.0 50
13 -41.0 41
14 -20.0 20
15 -12.0 12
16 -12.0 12
17 -19.0 19
18 -9.0 9
19 -8.0 8
20 -10.0 10
21 -9.0 9
22 -9.0 9
23 -7.0 7
24 -7.0 7
25 -7.0 7
0 -50.0 50
1 -50.0 50
2 -35.0 35
3 -14.0 14
4 -50.0 50
5 -50.0 50
6 -50.0 50
7 -40.0 40
8 -29.0 29
9 -21.0 21
10 -14.0 14
11 -15.0 15
12 -8.0 8
13 -9.0 9
14 -7.0 7
15 -7.0 7
16 -16.0 16
17 -16.0 16
18 -9.0 9
19 -7.0 7
20 -11.0 11
21 -7.0 7
22 -7.0 7
23 -7.0 7
24 -7.0 7
25 -9.0 9
0 -26.0 26
1 -50.0 50
2 -50.0 50
3 -50.0 50
4 -50.0 50
5 -50.0 50
6 -14.0 14
7 -26.0 26
8 -18.0 18
9 -10.0 10
10 -8.0 8
11 -9.0 9
12 -11.0 11
13 -8.0 8
14 -10.0 10
15 -7.0 7
16 -7.0 7
17 -8.0 8
18 -9.0 9
19 -11.0 11
20 -7.0 7
21 -7.0 7
22 -7.0 7
23 -7.0 7
24 -7.0 7
25 -7.0 7
0 -50.0 50
1 -32.0 32
2 -50.0 50
3 -28.0 28
4 -50.0 50
5 -18.0 18
6 -50.0 50
7 -19.0 19
8 -50.0 50
9 -25.0 25
10 -14.0 14
11 -9.0 9
12 -9.0 9
13 -10.0 10
14 -17.0 17
15 -23.0 23
16 -10.0 10
17 -10.0 10
18 -10.0 10
19 -8.0 8
20 -8.0 8
21 -8.0 8
22 -7.0 7
23 -7.0 7
24 -7.0 7
25 -7.0 7
0 -50.0 50
1 -50.0 50
2 -50.0 50
3 -23.0 23
4 -27.0 27
5 -34.0 34
6 -38.0 38
7 -50.0 50
8 -45.0 45
9 -8.0 8
10 -10.0 10
11 -12.0 12
12 -12.0 12
13 -9.0 9
14 -36.0 36
15 -12.0 12
16 -8.0 8
17 -7.0 7
18 -8.0 8
19 -10.0 10
20 -8.0 8
21 -7.0 7
22 -8.0 8
23 -7.0 7
24 -7.0 7
25 -7.0 7
0 -50.0 50
1 -50.0 50
2 -47.0 47
3 -50.0 50
4 -50.0 50
5 -11.0 11
6 -50.0 50
7 -8.0 8
8 -22.0 22
9 -15.0 15
10 -10.0 10
11 -8.0 8
12 -14.0 14
13 -14.0 14
14 -15.0 15
15 -9.0 9
16 -7.0 7
17 -16.0 16
18 -17.0 17
19 -7.0 7
20 -11.0 11
21 -7.0 7
22 -9.0 9
23 -7.0 7
24 -7.0 7
25 -7.0 7
0 -50.0 50
1 -50.0 50
2 -50.0 50
3 -50.0 50
4 -33.0 33
5 -13.0 13
6 -19.0 19
7 -29.0 29
8 -21.0 21
9 -26.0 26
10 -18.0 18
11 -39.0 39
12 -33.0 33
13 -16.0 16
14 -18.0 18
15 -12.0 12
16 -13.0 13
17 -15.0 15
18 -10.0 10
19 -11.0 11
20 -12.0 12
21 -9.0 9
22 -9.0 9
23 -9.0 9
24 -7.0 7
25 -7.0 7
0 -50.0 50
1 -12.0 12
2 -50.0 50
3 -50.0 50
4 -41.0 41
5 -50.0 50
6 -37.0 37
7 -37.0 37
8 -12.0 12
9 -22.0 22
10 -11.0 11
11 -8.0 8
12 -7.0 7
13 -9.0 9
14 -7.0 7
15 -19.0 19
16 -23.0 23
17 -11.0 11
18 -13.0 13
19 -10.0 10
20 -25.0 25
21 -22.0 22
22 -7.0 7
23 -7.0 7
24 -7.0 7
25 -7.0 7
0 -50.0 50
1 -48.0 48
2 -46.0 46
3 -50.0 50
4 -33.0 33
5 -22.0 22
6 -50.0 50
7 -50.0 50
8 -19.0 19
9 -11.0 11
10 -17.0 17
11 -12.0 12
12 -12.0 12
13 -18.0 18
14 -8.0 8
15 -10.0 10
16 -7.0 7
17 -8.0 8
18 -9.0 9
19 -10.0 10
20 -7.0 7
21 -7.0 7
22 -7.0 7
23 -7.0 7
24 -7.0 7
25 -7.0 7
0 -50.0 50
1 -50.0 50
2 -42.0 42
3 -50.0 50
4 -50.0 50
5 -50.0 50
6 -14.0 14
7 -18.0 18
8 -40.0 40
9 -22.0 22
10 -9.0 9
11 -10.0 10
12 -9.0 9
13 -10.0 10
14 -11.0 11
15 -7.0 7
16 -18.0 18
17 -9.0 9
18 -9.0 9
19 -9.0 9
20 -12.0 12
21 -9.0 9
22 -8.0 8
23 -7.0 7
24 -9.0 9
25 -7.0 7
0 -35.0 35
1 -50.0 50
2 -50.0 50
3 -50.0 50
4 -50.0 50
5 -38.0 38
6 -33.0 33
7 -50.0 50
8 -11.0 11
9 -36.0 36
10 -15.0 15
11 -10.0 10
12 -11.0 11
13 -11.0 11
14 -10.0 10
15 -13.0 13
16 -14.0 14
17 -10.0 10
18 -7.0 7
19 -7.0 7
20 -8.0 8
21 -10.0 10
22 -8.0 8
23 -7.0 7
24 -7.0 7
25 -7.0 7
0 -32.0 32
1 -50.0 50
2 -50.0 50
3 -50.0 50
4 -50.0 50
5 -22.0 22
6 -18.0 18
7 -35.0 35
8 -21.0 21
9 -10.0 10
10 -20.0 20
11 -16.0 16
12 -50.0 50
13 -19.0 19
14 -11.0 11
15 -11.0 11
16 -12.0 12
17 -23.0 23
18 -11.0 11
19 -29.0 29
20 -10.0 10
21 -11.0 11
22 -7.0 7
23 -7.0 7
24 -7.0 7
25 -7.0 7
0 -50.0 50
1 -30.0 30
2 -50.0 50
3 -50.0 50
4 -50.0 50
5 -28.0 28
6 -33.0 33
7 -50.0 50
8 -19.0 19
9 -9.0 9
10 -9.0 9
11 -7.0 7
12 -15.0 15
13 -27.0 27
14 -9.0 9
15 -16.0 16
16 -7.0 7
17 -7.0 7
18 -9.0 9
19 -7.0 7
20 -11.0 11
21 -11.0 11
22 -8.0 8
23 -7.0 7
24 -7.0 7
25 -7.0 7
0 -50.0 50
1 -50.0 50
2 -44.0 44
3 -32.0 32
4 -50.0 50
5 -16.0 16
6 -15.0 15
7 -27.0 27
8 -19.0 19
9 -26.0 26
10 -50.0 50
11 -50.0 50
12 -21.0 21
13 -20.0 20
14 -19.0 19
15 -7.0 7
16 -8.0 8
17 -7.0 7
18 -8.0 8
19 -7.0 7
20 -7.0 7
21 -7.0 7
22 -11.0 11
23 -7.0 7
24 -7.0 7
25 -7.0 7
0 -50.0 50
1 -50.0 50
2 -41.0 41
3 -50.0 50
4 -50.0 50
5 -50.0 50
6 -27.0 27
7 -11.0 11
8 -38.0 38
9 -12.0 12
10 -8.0 8
11 -7.0 7
12 -12.0 12
13 -13.0 13
14 -15.0 15
15 -20.0 20
16 -7.0 7
17 -9.0 9
18 -9.0 9
19 -10.0 10
20 -9.0 9
21 -7.0 7
22 -8.0 8
23 -7.0 7
24 -7.0 7
25 -7.0 7
0 -50.0 50
1 -50.0 50
2 -50.0 50
3 -50.0 50
4 -37.0 37
5 -20.0 20
6 -50.0 50
7 -18.0 18
8 -15.0 15
9 -7.0 7
10 -9.0 9
11 -7.0 7
12 -9.0 9
13 -9.0 9
14 -13.0 13
15 -7.0 7
16 -7.0 7
17 -13.0 13
18 -14.0 14
19 -7.0 7
20 -7.0 7
21 -7.0 7
22 -7.0 7
23 -11.0 11
24 -7.0 7
25 -7.0 7
0 -35.0 35
1 -50.0 50
2 -50.0 50
3 -50.0 50
4 -50.0 50
5 -18.0 18
6 -20.0 20
7 -10.0 10
8 -12.0 12
9 -11.0 11
10 -19.0 19
11 -7.0 7
12 -8.0 8
13 -10.0 10
14 -14.0 14
15 -7.0 7
16 -8.0 8
17 -10.0 10
18 -7.0 7
19 -8.0 8
20 -8.0 8
21 -10.0 10
22 -14.0 14
23 -7.0 7
24 -7.0 7
25 -7.0 7
0 -50.0 50
1 -33.0 33
2 -50.0 50
3 -39.0 39
4 -50.0 50
5 -50.0 50
6 -16.0 16
7 -13.0 13
8 -8.0 8
9 -9.0 9
10 -14.0 14
11 -9.0 9
12 -50.0 50
13 -33.0 33
14 -35.0 35
15 -10.0 10
16 -12.0 12
17 -14.0 14
18 -10.0 10
19 -14.0 14
20 -14.0 14
21 -16.0 16
22 -10.0 10
23 -7.0 7
24 -7.0 7
25 -7.0 7
0 -16.0 16
1 -50.0 50
2 -50.0 50
3 -50.0 50
4 -50.0 50
5 -46.0 46
6 -18.0 18
7 -9.0 9
8 -10.0 10
9 -11.0 11
10 -12.0 12
11 -14.0 14
12 -9.0 9
13 -7.0 7
14 -12.0 12
15 -7.0 7
16 -9.0 9
17 -9.0 9
18 -9.0 9
19 -7.0 7
20 -7.0 7
21 -16.0 16
22 -27.0 27
23 -29.0 29
24 -18.0 18
25 -9.0 9
0 -50.0 50
1 -50.0 50
2 -41.0 41
3 -50.0 50
4 -40.0 40
5 -20.0 20
6 -50.0 50
7 -43.0 43
8 -12.0 12
9 -17.0 17
10 -15.0 15
11 -7.0 7
12 -9.0 9
13 -7.0 7
14 -9.0 9
15 -7.0 7
16 -7.0 7
17 -37.0 37
18 -26.0 26
19 -27.0 27
20 -12.0 12
21 -7.0 7
22 -8.0 8
23 -7.0 7
24 -7.0 7
25 -7.0 7
0 -27.0 27
1 -50.0 50
2 -50.0 50
3 -50.0 50
4 -50.0 50
5 -31.0 31
6 -50.0 50
7 -33.0 33
8 -50.0 50
9 -11.0 11
10 -10.0 10
11 -27.0 27
12 -7.0 7
13 -9.0 9
14 -7.0 7
15 -7.0 7
16 -10.0 10
17 -7.0 7
18 -12.0 12
19 -7.0 7
20 -9.0 9
21 -7.0 7
22 -7.0 7
23 -7.0 7
24 -7.0 7
25 -7.0 7
0 -50.0 50
1 -50.0 50
2 -50.0 50
3 -31.0 31
4 -28.0 28
5 -49.0 49
6 -16.0 16
7 -9.0 9
8 -27.0 27
9 -31.0 31
10 -15.0 15
11 -9.0 9
12 -12.0 12
13 -29.0 29
14 -14.0 14
15 -15.0 15
16 -8.0 8
17 -7.0 7
18 -8.0 8
19 -7.0 7
20 -7.0 7
21 -34.0 34
22 -7.0 7
23 -7.0 7
24 -7.0 7
25 -7.0 7
0 -19.0 19
1 -50.0 50
2 -50.0 50
3 -46.0 46
4 -50.0 50
5 -44.0 44
6 -38.0 38
7 -9.0 9
8 -12.0 12
9 -50.0 50
10 -21.0 21
11 -21.0 21
12 -7.0 7
13 -11.0 11
14 -9.0 9
15 -8.0 8
16 -9.0 9
17 -9.0 9
18 -8.0 8
19 -9.0 9
20 -7.0 7
21 -7.0 7
22 -7.0 7
23 -7.0 7
24 -7.0 7
25 -7.0 7
0 -50.0 50
1 -50.0 50
2 -47.0 47
3 -35.0 35
4 -50.0 50
5 -33.0 33
6 -49.0 49
7 -50.0 50
8 -10.0 10
9 -12.0 12
10 -17.0 17
11 -43.0 43
12 -14.0 14
13 -9.0 9
14 -9.0 9
15 -7.0 7
16 -7.0 7
17 -7.0 7
18 -16.0 16
19 -10.0 10
20 -7.0 7
21 -7.0 7
22 -7.0 7
23 -7.0 7
24 -7.0 7
25 -7.0 7
0 -50.0 50
1 -50.0 50
2 -31.0 31
3 -50.0 50
4 -24.0 24
5 -50.0 50
6 -43.0 43
7 -16.0 16
8 -16.0 16
9 -16.0 16
10 -9.0 9
11 -8.0 8
12 -50.0 50
13 -16.0 16
14 -11.0 11
15 -21.0 21
16 -11.0 11
17 -7.0 7
18 -14.0 14
19 -7.0 7
20 -8.0 8
21 -9.0 9
22 -7.0 7
23 -7.0 7
24 -7.0 7
25 -7.0 7
0 -50.0 50
1 -50.0 50
2 -50.0 50
3 -28.0 28
4 -50.0 50
5 -40.0 40
6 -15.0 15
7 -21.0 21
8 -41.0 41
9 -50.0 50
10 -50.0 50
11 -37.0 37
12 -12.0 12
13 -7.0 7
14 -8.0 8
15 -11.0 11
16 -7.0 7
17 -7.0 7
18 -10.0 10
19 -15.0 15
20 -7.0 7
21 -8.0 8
22 -7.0 7
23 -7.0 7
24 -7.0 7
25 -7.0 7
0 -50.0 50
1 -34.0 34
2 -50.0 50
3 -32.0 32
4 -50.0 50
5 -50.0 50
6 -38.0 38
7 -11.0 11
8 -11.0 11
9 -7.0 7
10 -7.0 7
11 -7.0 7
12 -15.0 15
13 -10.0 10
14 -9.0 9
15 -7.0 7
16 -9.0 9
17 -50.0 50
18 -18.0 18
19 -14.0 14
20 -7.0 7
21 -7.0 7
22 -7.0 7
23 -7.0 7
24 -7.0 7
25 -7.0 7
0 -50.0 50
1 -33.0 33
2 -50.0 50
3 -50.0 50
4 -50.0 50
5 -22.0 22
6 -32.0 32
7 -37.0 37
8 -22.0 22
9 -23.0 23
10 -11.0 11
11 -11.0 11
12 -7.0 7
13 -31.0 31
14 -9.0 9
15 -14.0 14
16 -9.0 9
17 -9.0 9
18 -7.0 7
19 -8.0 8
20 -7.0 7
21 -7.0 7
22 -7.0 7
23 -7.0 7
24 -7.0 7
25 -7.0 7
0 -50.0 50
1 -50.0 50
2 -50.0 50
3 -17.0 17
4 -50.0 50
5 -39.0 39
6 -27.0 27
7 -41.0 41
8 -19.0 19
9 -13.0 13
10 -14.0 14
11 -12.0 12
12 -8.0 8
13 -7.0 7
14 -7.0 7
15 -7.0 7
16 -46.0 46
17 -7.0 7
18 -23.0 23
19 -17.0 17
20 -7.0 7
21 -8.0 8
22 -8.0 8
23 -7.0 7
24 -7.0 7
25 -7.0 7
0 -50.0 50
1 -35.0 35
2 -44.0 44
3 -50.0 50
4 -30.0 30
5 -50.0 50
6 -50.0 50
7 -50.0 50
8 -23.0 23
9 -19.0 19
10 -7.0 7
11 -7.0 7
12 -8.0 8
13 -7.0 7
14 -7.0 7
15 -7.0 7
16 -10.0 10
17 -9.0 9
18 -9.0 9
19 -8.0 8
20 -7.0 7
21 -7.0 7
22 -7.0 7
23 -7.0 7
24 -7.0 7
25 -7.0 7
0 -50.0 50
1 -50.0 50
2 -47.0 47
3 -32.0 32
4 -38.0 38
5 -50.0 50
6 -23.0 23
7 -33.0 33
8 -19.0 19
9 -12.0 12
10 -47.0 47
11 -50.0 50
12 -20.0 20
13 -11.0 11
14 -14.0 14
15 -7.0 7
16 -13.0 13
17 -10.0 10
18 -10.0 10
19 -7.0 7
20 -7.0 7
21 -7.0 7
22 -7.0 7
23 -7.0 7
24 -7.0 7
25 -7.0 7
0 -50.0 50
1 -38.0 38
2 -43.0 43
3 -50.0 50
4 -50.0 50
5 -34.0 34
6 -30.0 30
7 -28.0 28
8 -21.0 21
9 -29.0 29
10 -50.0 50
11 -25.0 25
12 -46.0 46
13 -11.0 11
14 -12.0 12
15 -13.0 13
16 -8.0 8
17 -8.0 8
18 -7.0 7
19 -8.0 8
20 -7.0 7
21 -8.0 8
22 -7.0 7
23 -8.0 8
24 -7.0 7
25 -7.0 7
0 -50.0 50
1 -50.0 50
2 -42.0 42
3 -22.0 22
4 -50.0 50
5 -48.0 48
6 -16.0 16
7 -21.0 21
8 -39.0 39
9 -15.0 15
10 -10.0 10
11 -50.0 50
12 -39.0 39
13 -15.0 15
14 -14.0 14
15 -15.0 15
16 -14.0 14
17 -9.0 9
18 -14.0 14
19 -10.0 10
20 -7.0 7
21 -8.0 8
22 -7.0 7
23 -7.0 7
24 -7.0 7
25 -7.0 7
0 -50.0 50
1 -50.0 50
2 -50.0 50
3 -50.0 50
4 -50.0 50
5 -8.0 8
6 -10.0 10
7 -18.0 18
8 -14.0 14
9 -19.0 19
10 -15.0 15
11 -15.0 15
12 -11.0 11
13 -14.0 14
14 -11.0 11
15 -14.0 14
16 -11.0 11
17 -7.0 7
18 -15.0 15
19 -12.0 12
20 -9.0 9
21 -8.0 8
22 -7.0 7
23 -10.0 10
24 -7.0 7
25 -7.0 7
0 -47.0 47
1 -50.0 50
2 -50.0 50
3 -13.0 13
4 -26.0 26
5 -50.0 50
6 -16.0 16
7 -50.0 50
8 -50.0 50
9 -21.0 21
10 -43.0 43
11 -27.0 27
12 -13.0 13
13 -10.0 10
14 -7.0 7
15 -11.0 11
16 -12.0 12
17 -10.0 10
18 -10.0 10
19 -8.0 8
20 -7.0 7
21 -10.0 10
22 -8.0 8
23 -14.0 14
24 -12.0 12
25 -7.0 7
0 -50.0 50
1 -20.0 20
2 -50.0 50
3 -50.0 50
4 -50.0 50
5 -50.0 50
6 -12.0 12
7 -15.0 15
8 -24.0 24
9 -19.0 19
10 -50.0 50
11 -42.0 42
12 -36.0 36
13 -12.0 12
14 -7.0 7
15 -8.0 8
16 -8.0 8
17 -8.0 8
18 -7.0 7
19 -8.0 8
20 -7.0 7
21 -8.0 8
22 -17.0 17
23 -7.0 7
24 -7.0 7
25 -7.0 7
0 -50.0 50
1 -46.0 46
2 -50.0 50
3 -24.0 24
4 -50.0 50
5 -50.0 50
6 -35.0 35
7 -10.0 10
8 -8.0 8
9 -12.0 12
10 -15.0 15
11 -7.0 7
12 -11.0 11
13 -7.0 7
14 -50.0 50
15 -7.0 7
16 -17.0 17
17 -12.0 12
18 -7.0 7
19 -7.0 7
20 -7.0 7
21 -21.0 21
22 -7.0 7
23 -7.0 7
24 -7.0 7
25 -7.0 7
0 -35.0 35
1 -50.0 50
2 -43.0 43
3 -50.0 50
4 -50.0 50
5 -50.0 50
6 -24.0 24
7 -10.0 10
8 -50.0 50
9 -14.0 14
10 -8.0 8
11 -9.0 9
12 -11.0 11
13 -7.0 7
14 -7.0 7
15 -7.0 7
16 -7.0 7
17 -9.0 9
18 -9.0 9
19 -9.0 9
20 -7.0 7
21 -10.0 10
22 -7.0 7
23 -7.0 7
24 -7.0 7
25 -7.0 7
0 -50.0 50
1 -50.0 50
2 -50.0 50
3 -50.0 50
4 -24.0 24
5 -41.0 41
6 -17.0 17
7 -23.0 23
8 -15.0 15
9 -18.0 18
10 -22.0 22
11 -44.0 44
12 -7.0 7
13 -7.0 7
14 -10.0 10
15 -18.0 18
16 -8.0 8
17 -7.0 7
18 -8.0 8
19 -8.0 8
20 -7.0 7
21 -8.0 8
22 -10.0 10
23 -7.0 7
24 -7.0 7
25 -7.0 7
0 -50.0 50
1 -50.0 50
2 -50.0 50
3 -20.0 20
4 -50.0 50
5 -20.0 20
6 -50.0 50
7 -27.0 27
8 -50.0 50
9 -50.0 50
10 -14.0 14
11 -10.0 10
12 -7.0 7
13 -12.0 12
14 -9.0 9
15 -18.0 18
16 -9.0 9
17 -7.0 7
18 -8.0 8
19 -8.0 8
20 -7.0 7
21 -7.0 7
22 -7.0 7
23 -7.0 7
24 -7.0 7
25 -7.0 7
0 -50.0 50
1 -49.0 49
2 -50.0 50
3 -38.0 38
4 -50.0 50
5 -50.0 50
6 -50.0 50
7 -27.0 27
8 -23.0 23
9 -12.0 12
10 -27.0 27
11 -13.0 13
12 -7.0 7
13 -7.0 7
14 -8.0 8
15 -7.0 7
16 -9.0 9
17 -8.0 8
18 -7.0 7
19 -7.0 7
20 -7.0 7
21 -7.0 7
22 -7.0 7
23 -7.0 7
24 -7.0 7
25 -7.0 7
0 -50.0 50
1 -30.0 30
2 -50.0 50
3 -32.0 32
4 -36.0 36
5 -50.0 50
6 -49.0 49
7 -42.0 42
8 -13.0 13
9 -16.0 16
10 -50.0 50
11 -50.0 50
12 -14.0 14
13 -8.0 8
14 -7.0 7
15 -7.0 7
16 -8.0 8
17 -13.0 13
18 -7.0 7
19 -7.0 7
20 -7.0 7
21 -7.0 7
22 -7.0 7
23 -9.0 9
24 -7.0 7
25 -7.0 7
0 -50.0 50
1 -50.0 50
2 -50.0 50
3 -50.0 50
4 -32.0 32
5 -50.0 50
6 -10.0 10
7 -9.0 9
8 -46.0 46
9 -41.0 41
10 -34.0 34
11 -18.0 18
12 -22.0 22
13 -7.0 7
14 -10.0 10
15 -9.0 9
16 -9.0 9
17 -9.0 9
18 -7.0 7
19 -7.0 7
20 -7.0 7
21 -7.0 7
22 -7.0 7
23 -7.0 7
24 -7.0 7
25 -7.0 7
0 -50.0 50
1 -50.0 50
2 -50.0 50
3 -50.0 50
4 -43.0 43
5 -9.0 9
6 -11.0 11
7 -9.0 9
8 -34.0 34
9 -15.0 15
10 -8.0 8
11 -11.0 11
12 -7.0 7
13 -11.0 11
14 -15.0 15
15 -14.0 14
16 -13.0 13
17 -7.0 7
18 -7.0 7
19 -8.0 8
20 -10.0 10
21 -7.0 7
22 -8.0 8
23 -7.0 7
24 -7.0 7
25 -7.0 7
0 -50.0 50
1 -21.0 21
2 -50.0 50
3 -50.0 50
4 -50.0 50
5 -50.0 50
6 -47.0 47
7 -19.0 19
8 -26.0 26
9 -11.0 11
10 -15.0 15
11 -40.0 40
12 -14.0 14
13 -15.0 15
14 -8.0 8
15 -9.0 9
16 -9.0 9
17 -12.0 12
18 -8.0 8
19 -7.0 7
20 -7.0 7
21 -7.0 7
22 -7.0 7
23 -7.0 7
24 -7.0 7
25 -7.0 7
0 -38.0 38
1 -50.0 50
2 -50.0 50
3 -50.0 50
4 -50.0 50
5 -15.0 15
6 -14.0 14
7 -31.0 31
8 -12.0 12
9 -16.0 16
10 -11.0 11
11 -50.0 50
12 -21.0 21
13 -50.0 50
14 -11.0 11
15 -8.0 8
16 -7.0 7
17 -9.0 9
18 -7.0 7
19 -7.0 7
20 -10.0 10
21 -8.0 8
22 -8.0 8
23 -7.0 7
24 -7.0 7
25 -7.0 7
0 -50.0 50
1 -50.0 50
2 -22.0 22
3 -43.0 43
4 -50.0 50
5 -11.0 11
6 -36.0 36
7 -49.0 49
8 -50.0 50
9 -13.0 13
10 -8.0 8
11 -10.0 10
12 -8.0 8
13 -10.0 10
14 -11.0 11
15 -7.0 7
16 -28.0 28
17 -14.0 14
18 -9.0 9
19 -7.0 7
20 -7.0 7
21 -7.0 7
22 -7.0 7
23 -7.0 7
24 -7.0 7
25 -7.0 7
0 -50.0 50
1 -40.0 40
2 -50.0 50
3 -50.0 50
4 -50.0 50
5 -50.0 50
6 -25.0 25
7 -20.0 20
8 -14.0 14
9 -15.0 15
10 -15.0 15
11 -26.0 26
12 -12.0 12
13 -7.0 7
14 -7.0 7
15 -7.0 7
16 -8.0 8
17 -7.0 7
18 -7.0 7
19 -7.0 7
20 -7.0 7
21 -9.0 9
22 -7.0 7
23 -7.0 7
24 -7.0 7
25 -7.0 7
0 -50.0 50
1 -37.0 37
2 -50.0 50
3 -50.0 50
4 -42.0 42
5 -49.0 49
6 -34.0 34
7 -25.0 25
8 -9.0 9
9 -13.0 13
10 -15.0 15
11 -11.0 11
12 -9.0 9
13 -9.0 9
14 -50.0 50
15 -14.0 14
16 -12.0 12
17 -7.0 7
18 -7.0 7
19 -8.0 8
20 -7.0 7
21 -9.0 9
22 -7.0 7
23 -7.0 7
24 -7.0 7
25 -7.0 7
0 -25.0 25
1 -50.0 50
2 -50.0 50
3 -44.0 44
4 -50.0 50
5 -44.0 44
6 -28.0 28
7 -19.0 19
8 -50.0 50
9 -28.0 28
10 -50.0 50
11 -21.0 21
12 -13.0 13
13 -7.0 7
14 -19.0 19
15 -10.0 10
16 -7.0 7
17 -11.0 11
18 -7.0 7
19 -7.0 7
20 -7.0 7
21 -7.0 7
22 -8.0 8
23 -7.0 7
24 -7.0 7
25 -7.0 7
0 -50.0 50
1 -50.0 50
2 -21.0 21
3 -50.0 50
4 -50.0 50
5 -29.0 29
6 -12.0 12
7 -26.0 26
8 -49.0 49
9 -16.0 16
10 -13.0 13
11 -14.0 14
12 -43.0 43
13 -20.0 20
14 -11.0 11
15 -7.0 7
16 -10.0 10
17 -7.0 7
18 -7.0 7
19 -9.0 9
20 -7.0 7
21 -7.0 7
22 -7.0 7
23 -7.0 7
24 -7.0 7
25 -7.0 7
0 -50.0 50
1 -50.0 50
2 -50.0 50
3 -28.0 28
4 -7.0 7
5 -50.0 50
6 -32.0 32
7 -20.0 20
8 -26.0 26
9 -14.0 14
10 -12.0 12
11 -15.0 15
12 -8.0 8
13 -10.0 10
14 -10.0 10
15 -9.0 9
16 -8.0 8
17 -9.0 9
18 -10.0 10
19 -8.0 8
20 -13.0 13
21 -16.0 16
22 -17.0 17
23 -12.0 12
24 -7.0 7
25 -7.0 7
0 -50.0 50
1 -34.0 34
2 -45.0 45
3 -50.0 50
4 -50.0 50
5 -20.0 20
6 -28.0 28
7 -18.0 18
8 -10.0 10
9 -15.0 15
10 -18.0 18
11 -13.0 13
12 -7.0 7
13 -46.0 46
14 -34.0 34
15 -50.0 50
16 -49.0 49
17 -11.0 11
18 -12.0 12
19 -15.0 15
20 -9.0 9
21 -8.0 8
22 -7.0 7
23 -7.0 7
24 -7.0 7
25 -7.0 7
0 -31.0 31
1 -50.0 50
2 -40.0 40
3 -50.0 50
4 -50.0 50
5 -29.0 29
6 -50.0 50
7 -15.0 15
8 -30.0 30
9 -13.0 13
10 -7.0 7
11 -7.0 7
12 -8.0 8
13 -7.0 7
14 -7.0 7
15 -8.0 8
16 -10.0 10
17 -7.0 7
18 -8.0 8
19 -29.0 29
20 -17.0 17
21 -9.0 9
22 -7.0 7
23 -7.0 7
24 -7.0 7
25 -7.0 7
0 -50.0 50
1 -50.0 50
2 -50.0 50
3 -36.0 36
4 -50.0 50
5 -10.0 10
6 -13.0 13
7 -12.0 12
8 -22.0 22
9 -24.0 24
10 -10.0 10
11 -16.0 16
12 -15.0 15
13 -20.0 20
14 -17.0 17
15 -7.0 7
16 -7.0 7
17 -10.0 10
18 -8.0 8
19 -22.0 22
20 -16.0 16
21 -9.0 9
22 -7.0 7
23 -7.0 7
24 -7.0 7
25 -7.0 7
0 -37.0 37
1 -50.0 50
2 -50.0 50
3 -41.0 41
4 -37.0 37
5 -50.0 50
6 -16.0 16
7 -13.0 13
8 -32.0 32
9 -33.0 33
10 -11.0 11
11 -12.0 12
12 -9.0 9
13 -11.0 11
14 -36.0 36
15 -35.0 35
16 -11.0 11
17 -9.0 9
18 -7.0 7
19 -8.0 8
20 -7.0 7
21 -15.0 15
22 -8.0 8
23 -7.0 7
24 -7.0 7
25 -9.0 9
0 -50.0 50
1 -50.0 50
2 -23.0 23
3 -50.0 50
4 -50.0 50
5 -50.0 50
6 -31.0 31
7 -30.0 30
8 -16.0 16
9 -13.0 13
10 -8.0 8
11 -15.0 15
12 -12.0 12
13 -8.0 8
14 -11.0 11
15 -7.0 7
16 -7.0 7
17 -8.0 8
18 -7.0 7
19 -7.0 7
20 -11.0 11
21 -15.0 15
22 -16.0 16
23 -11.0 11
24 -7.0 7
25 -7.0 7
0 -50.0 50
1 -50.0 50
2 -50.0 50
3 -22.0 22
4 -50.0 50
5 -50.0 50
6 -22.0 22
7 -45.0 45
8 -12.0 12
9 -7.0 7
10 -9.0 9
11 -13.0 13
12 -9.0 9
13 -15.0 15
14 -7.0 7
15 -11.0 11
16 -15.0 15
17 -13.0 13
18 -11.0 11
19 -7.0 7
20 -7.0 7
21 -7.0 7
22 -7.0 7
23 -7.0 7
24 -7.0 7
25 -7.0 7
0 -32.0 32
1 -50.0 50
2 -50.0 50
3 -50.0 50
4 -34.0 34
5 -50.0 50
6 -18.0 18
7 -16.0 16
8 -29.0 29
9 -16.0 16
10 -14.0 14
11 -16.0 16
12 -7.0 7
13 -9.0 9
14 -31.0 31
15 -16.0 16
16 -15.0 15
17 -9.0 9
18 -18.0 18
19 -50.0 50
20 -7.0 7
21 -9.0 9
22 -7.0 7
23 -7.0 7
24 -7.0 7
25 -7.0 7
0 -50.0 50
1 -50.0 50
2 -19.0 19
3 -50.0 50
4 -50.0 50
5 -50.0 50
6 -20.0 20
7 -28.0 28
8 -17.0 17
9 -14.0 14
10 -10.0 10
11 -18.0 18
12 -16.0 16
13 -41.0 41
14 -16.0 16
15 -7.0 7
16 -7.0 7
17 -8.0 8
18 -7.0 7
19 -9.0 9
20 -8.0 8
21 -8.0 8
22 -7.0 7
23 -7.0 7
24 -7.0 7
25 -7.0 7
