0 -50.0 50
1 -50.0 50
2 -23.0 23
3 -50.0 50
4 -50.0 50
5 -50.0 50
6 -29.0 29
7 -37.0 37
8 -24.0 24
9 -11.0 11
10 -16.0 16
11 -18.0 18
0 -18.0 18
1 -50.0 50
2 -41.0 41
3 -50.0 50
4 -50.0 50
5 -29.0 29
6 -50.0 50
7 -32.0 32
8 -36.0 36
9 -9.0 9
10 -23.0 23
11 -39.0 39
0 -50.0 50
1 -45.0 45
2 -50.0 50
3 -28.0 28
4 -40.0 40
5 -50.0 50
6 -50.0 50
7 -14.0 14
8 -22.0 22
9 -20.0 20
10 -9.0 9
11 -7.0 7
0 -50.0 50
1 -50.0 50
2 -50.0 50
3 -25.0 25
4 -45.0 45
5 -50.0 50
6 -12.0 12
7 -19.0 19
8 -18.0 18
9 -25.0 25
10 -31.0 31
11 -10.0 10
0 -50.0 50
1 -31.0 31
2 -50.0 50
3 -50.0 50
4 -23.0 23
5 -47.0 47
6 -16.0 16
7 -16.0 16
8 -50.0 50
9 -31.0 31
10 -12.0 12
11 -14.0 14
0 -50.0 50
1 -50.0 50
2 -50.0 50
3 -41.0 41
4 -40.0 40
5 -50.0 50
6 -9.0 9
7 -21.0 21
8 -13.0 13
9 -22.0 22
10 -13.0 13
11 -12.0 12
0 -50.0 50
1 -48.0 48
2 -41.0 41
3 -50.0 50
4 -50.0 50
5 -50.0 50
6 -37.0 37
7 -14.0 14
8 -9.0 9
9 -12.0 12
10 -8.0 8
11 -9.0 9
0 -21.0 21
1 -50.0 50
2 -50.0 50
3 -50.0 50
4 -35.0 35
5 -45.0 45
6 -50.0 50
7 -19.0 19
8 -16.0 16
9 -12.0 12
10 -37.0 37
11 -7.0 7
0 -50.0 50
1 -50.0 50
2 -50.0 50
3 -50.0 50
4 -33.0 33
5 -24.0 24
6 -50.0 50
7 -16.0 16
8 -7.0 7
9 -21.0 21
10 -45.0 45
11 -11.0 11
0 -50.0 50
1 -32.0 32
2 -50.0 50
3 -50.0 50
4 -50.0 50
5 -50.0 50
6 -19.0 19
7 -16.0 16
8 -11.0 11
9 -28.0 28
10 -32.0 32
11 -12.0 12
0 -50.0 50
1 -50.0 50
2 -23.0 23
3 -50.0 50
4 -26.0 26
5 -50.0 50
6 -35.0 35
7 -50.0 50
8 -20.0 20
9 -32.0 32
10 -12.0 12
11 -19.0 19
0 -50.0 50
1 -36.0 36
2 -50.0 50
3 -46.0 46
4 -37.0 37
5 -29.0 29
6 -22.0 22
7 -25.0 25
8 -50.0 50
9 -16.0 16
10 -14.0 14
11 -8.0 8
0 -50.0 50
1 -50.0 50
2 -17.0 17
3 -50.0 50
4 -10.0 10
5 -32.0 32
6 -50.0 50
7 -24.0 24
8 -30.0 30
9 -36.0 36
10 -7.0 7
11 -9.0 9
0 -23.0 23
1 -50.0 50
2 -50.0 50
3 -50.0 50
4 -33.0 33
5 -50.0 50
6 -22.0 22
7 -17.0 17
8 -16.0 16
9 -11.0 11
10 -14.0 14
11 -13.0 13
0 -50.0 50
1 -50.0 50
2 -45.0 45
3 -28.0 28
4 -50.0 50
5 -50.0 50
6 -50.0 50
7 -50.0 50
8 -23.0 23
9 -18.0 18
10 -26.0 26
11 -15.0 15
0 -33.0 33
1 -50.0 50
2 -50.0 50
3 -38.0 38
4 -45.0 45
5 -36.0 36
6 -50.0 50
7 -45.0 45
8 -17.0 17
9 -14.0 14
10 -7.0 7
11 -7.0 7
0 -36.0 36
1 -50.0 50
2 -32.0 32
3 -50.0 50
4 -50.0 50
5 -30.0 30
6 -21.0 21
7 -15.0 15
8 -48.0 48
9 -14.0 14
10 -25.0 25
11 -10.0 10
0 -50.0 50
1 -50.0 50
2 -22.0 22
3 -50.0 50
4 -50.0 50
5 -50.0 50
6 -38.0 38
7 -14.0 14
8 -18.0 18
9 -10.0 10
10 -7.0 7
11 -7.0 7
0 -50.0 50
1 -50.0 50
2 -50.0 50
3 -30.0 30
4 -49.0 49
5 -30.0 30
6 -50.0 50
7 -16.0 16
8 -16.0 16
9 -50.0 50
10 -14.0 14
11 -10.0 10
0 -50.0 50
1 -50.0 50
2 -50.0 50
3 -49.0 49
4 -50.0 50
5 -20.0 20
6 -15.0 15
7 -14.0 14
8 -39.0 39
9 -50.0 50
10 -28.0 28
11 -12.0 12
0 -48.0 48
1 -50.0 50
2 -50.0 50
3 -50.0 50
4 -50.0 50
5 -18.0 18
6 -50.0 50
7 -45.0 45
8 -12.0 12
9 -14.0 14
10 -13.0 13
11 -12.0 12
0 -50.0 50
1 -50.0 50
2 -50.0 50
3 -49.0 49
4 -31.0 31
5 -33.0 33
6 -23.0 23
7 -50.0 50
8 -27.0 27
9 -23.0 23
10 -31.0 31
11 -26.0 26
0 -50.0 50
1 -42.0 42
2 -50.0 50
3 -26.0 26
4 -50.0 50
5 -24.0 24
6 -21.0 21
7 -50.0 50
8 -50.0 50
9 -26.0 26
10 -42.0 42
11 -19.0 19
0 -50.0 50
1 -50.0 50
2 -50.0 50
3 -32.0 32
4 -50.0 50
5 -17.0 17
6 -33.0 33
7 -50.0 50
8 -13.0 13
9 -8.0 8
10 -28.0 28
11 -7.0 7
0 -50.0 50
1 -50.0 50
2 -45.0 45
3 -50.0 50
4 -50.0 50
5 -10.0 10
6 -16.0 16
7 -20.0 20
8 -38.0 38
9 -25.0 25
10 -14.0 14
11 -7.0 7
0 -50.0 50
1 -50.0 50
2 -48.0 48
3 -43.0 43
4 -32.0 32
5 -50.0 50
6 -25.0 25
7 -28.0 28
8 -27.0 27
9 -25.0 25
10 -50.0 50
11 -14.0 14
0 -50.0 50
1 -50.0 50
2 -50.0 50
3 -50.0 50
4 -50.0 50
5 -25.0 25
6 -44.0 44
7 -22.0 22
8 -9.0 9
9 -10.0 10
10 -9.0 9
11 -8.0 8
0 -50.0 50
1 -33.0 33
2 -50.0 50
3 -50.0 50
4 -45.0 45
5 -50.0 50
6 -34.0 34
7 -37.0 37
8 -7.0 7
9 -8.0 8
10 -7.0 7
11 -11.0 11
0 -50.0 50
1 -44.0 44
2 -50.0 50
3 -44.0 44
4 -50.0 50
5 -50.0 50
6 -40.0 40
7 -9.0 9
8 -7.0 7
9 -7.0 7
10 -11.0 11
11 -14.0 14
0 -50.0 50
1 -50.0 50
2 -50.0 50
3 -17.0 17
4 -50.0 50
5 -23.0 23
6 -33.0 33
7 -35.0 35
8 -12.0 12
9 -9.0 9
10 -13.0 13
11 -7.0 7
0 -50.0 50
1 -50.0 50
2 -50.0 50
3 -41.0 41
4 -50.0 50
5 -50.0 50
6 -25.0 25
7 -23.0 23
8 -32.0 32
9 -11.0 11
10 -18.0 18
11 -10.0 10
0 -50.0 50
1 -47.0 47
2 -50.0 50
3 -50.0 50
4 -46.0 46
5 -37.0 37
6 -10.0 10
7 -12.0 12
8 -11.0 11
9 -7.0 7
10 -11.0 11
11 -9.0 9
0 -50.0 50
1 -50.0 50
2 -38.0 38
3 -50.0 50
4 -27.0 27
5 -50.0 50
6 -15.0 15
7 -14.0 14
8 -42.0 42
9 -31.0 31
10 -12.0 12
11 -11.0 11
0 -50.0 50
1 -50.0 50
2 -45.0 45
3 -30.0 30
4 -50.0 50
5 -50.0 50
6 -50.0 50
7 -18.0 18
8 -12.0 12
9 -16.0 16
10 -14.0 14
11 -7.0 7
0 -50.0 50
1 -50.0 50
2 -50.0 50
3 -50.0 50
4 -24.0 24
5 -48.0 48
6 -28.0 28
7 -12.0 12
8 -33.0 33
9 -10.0 10
10 -7.0 7
11 -9.0 9
0 -50.0 50
1 -50.0 50
2 -32.0 32
3 -32.0 32
4 -50.0 50
5 -39.0 39
6 -46.0 46
7 -50.0 50
8 -8.0 8
9 -7.0 7
10 -7.0 7
11 -12.0 12
0 -50.0 50
1 -28.0 28
2 -50.0 50
3 -25.0 25
4 -50.0 50
5 -50.0 50
6 -39.0 39
7 -19.0 19
8 -35.0 35
9 -7.0 7
10 -7.0 7
11 -12.0 12
0 -23.0 23
1 -50.0 50
2 -50.0 50
3 -50.0 50
4 -15.0 15
5 -50.0 50
6 -50.0 50
7 -35.0 35
8 -20.0 20
9 -50.0 50
10 -15.0 15
11 -35.0 35
0 -46.0 46
1 -50.0 50
2 -50.0 50
3 -29.0 29
4 -50.0 50
5 -50.0 50
6 -32.0 32
7 -45.0 45
8 -50.0 50
9 -8.0 8
10 -13.0 13
11 -7.0 7
0 -41.0 41
1 -50.0 50
2 -50.0 50
3 -50.0 50
4 -50.0 50
5 -35.0 35
6 -28.0 28
7 -23.0 23
8 -7.0 7
9 -14.0 14
10 -9.0 9
11 -9.0 9
0 -50.0 50
1 -38.0 38
2 -50.0 50
3 -28.0 28
4 -50.0 50
5 -42.0 42
6 -50.0 50
7 -28.0 28
8 -24.0 24
9 -11.0 11
10 -11.0 11
11 -15.0 15
0 -50.0 50
1 -24.0 24
2 -50.0 50
3 -50.0 50
4 -34.0 34
5 -50.0 50
6 -41.0 41
7 -22.0 22
8 -50.0 50
9 -23.0 23
10 -7.0 7
11 -9.0 9
0 -50.0 50
1 -50.0 50
2 -29.0 29
3 -50.0 50
4 -44.0 44
5 -36.0 36
6 -20.0 20
7 -21.0 21
8 -30.0 30
9 -11.0 11
10 -10.0 10
11 -10.0 10
0 -50.0 50
1 -50.0 50
2 -31.0 31
3 -50.0 50
4 -30.0 30
5 -50.0 50
6 -50.0 50
7 -18.0 18
8 -9.0 9
9 -7.0 7
10 -7.0 7
11 -7.0 7
0 -50.0 50
1 -49.0 49
2 -50.0 50
3 -30.0 30
4 -50.0 50
5 -50.0 50
6 -17.0 17
7 -11.0 11
8 -10.0 10
9 -16.0 16
10 -7.0 7
11 -10.0 10
0 -50.0 50
1 -44.0 44
2 -50.0 50
3 -32.0 32
4 -50.0 50
5 -26.0 26
6 -50.0 50
7 -13.0 13
8 -41.0 41
9 -21.0 21
10 -10.0 10
11 -10.0 10
0 -50.0 50
1 -50.0 50
2 -50.0 50
3 -50.0 50
4 -19.0 19
5 -24.0 24
6 -28.0 28
7 -50.0 50
8 -13.0 13
9 -14.0 14
10 -12.0 12
11 -12.0 12
0 -50.0 50
1 -50.0 50
2 -50.0 50
3 -33.0 33
4 -50.0 50
5 -27.0 27
6 -26.0 26
7 -31.0 31
8 -50.0 50
9 -9.0 9
10 -9.0 9
11 -9.0 9
0 -50.0 50
1 -8.0 8
2 -50.0 50
3 -39.0 39
4 -50.0 50
5 -50.0 50
6 -28.0 28
7 -21.0 21
8 -50.0 50
9 -12.0 12
10 -15.0 15
11 -10.0 10
0 -50.0 50
1 -16.0 16
2 -50.0 50
3 -34.0 34
4 -50.0 50
5 -50.0 50
6 -46.0 46
7 -21.0 21
8 -28.0 28
9 -15.0 15
10 -19.0 19
11 -12.0 12
0 -50.0 50
1 -50.0 50
2 -50.0 50
3 -50.0 50
4 -30.0 30
5 -50.0 50
6 -23.0 23
7 -15.0 15
8 -10.0 10
9 -15.0 15
10 -12.0 12
11 -11.0 11
0 -50.0 50
1 -47.0 47
2 -42.0 42
3 -50.0 50
4 -50.0 50
5 -50.0 50
6 -29.0 29
7 -34.0 34
8 -33.0 33
9 -11.0 11
10 -18.0 18
11 -21.0 21
0 -21.0 21
1 -50.0 50
2 -50.0 50
3 -50.0 50
4 -25.0 25
5 -48.0 48
6 -27.0 27
7 -22.0 22
8 -50.0 50
9 -35.0 35
10 -10.0 10
11 -12.0 12
0 -50.0 50
1 -50.0 50
2 -23.0 23
3 -50.0 50
4 -50.0 50
5 -50.0 50
6 -7.0 7
7 -7.0 7
8 -14.0 14
9 -21.0 21
10 -27.0 27
11 -13.0 13
0 -50.0 50
1 -50.0 50
2 -24.0 24
3 -34.0 34
4 -41.0 41
5 -19.0 19
6 -21.0 21
7 -41.0 41
8 -50.0 50
9 -26.0 26
10 -29.0 29
11 -22.0 22
0 -50.0 50
1 -50.0 50
2 -36.0 36
3 -48.0 48
4 -50.0 50
5 -50.0 50
6 -46.0 46
7 -19.0 19
8 -15.0 15
9 -50.0 50
10 -23.0 23
11 -11.0 11
0 -35.0 35
1 -50.0 50
2 -50.0 50
3 -50.0 50
4 -15.0 15
5 -50.0 50
6 -33.0 33
7 -29.0 29
8 -33.0 33
9 -23.0 23
10 -11.0 11
11 -9.0 9
0 -50.0 50
1 -50.0 50
2 -21.0 21
3 -37.0 37
4 -50.0 50
5 -47.0 47
6 -30.0 30
7 -37.0 37
8 -11.0 11
9 -19.0 19
10 -10.0 10
11 -7.0 7
0 -50.0 50
1 -36.0 36
2 -50.0 50
3 -39.0 39
4 -50.0 50
5 -24.0 24
6 -11.0 11
7 -13.0 13
8 -50.0 50
9 -32.0 32
10 -13.0 13
11 -12.0 12
0 -50.0 50
1 -39.0 39
2 -50.0 50
3 -38.0 38
4 -50.0 50
5 -49.0 49
6 -50.0 50
7 -21.0 21
8 -13.0 13
9 -12.0 12
10 -23.0 23
11 -12.0 12
0 -50.0 50
1 -50.0 50
2 -50.0 50
3 -50.0 50
4 -34.0 34
5 -49.0 49
6 -43.0 43
7 -50.0 50
8 -31.0 31
9 -17.0 17
10 -14.0 14
11 -13.0 13
0 -50.0 50
1 -39.0 39
2 -50.0 50
3 -50.0 50
4 -50.0 50
5 -24.0 24
6 -21.0 21
7 -20.0 20
8 -14.0 14
9 -11.0 11
10 -25.0 25
11 -38.0 38
0 -50.0 50
1 -50.0 50
2 -32.0 32
3 -50.0 50
4 -25.0 25
5 -29.0 29
6 -50.0 50
7 -49.0 49
8 -34.0 34
9 -19.0 19
10 -11.0 11
11 -13.0 13
0 -44.0 44
1 -50.0 50
2 -50.0 50
3 -25.0 25
4 -33.0 33
5 -50.0 50
6 -50.0 50
7 -50.0 50
8 -32.0 32
9 -10.0 10
10 -13.0 13
11 -7.0 7
0 -50.0 50
1 -50.0 50
2 -28.0 28
3 -50.0 50
4 -29.0 29
5 -41.0 41
6 -50.0 50
7 -50.0 50
8 -27.0 27
9 -12.0 12
10 -39.0 39
11 -11.0 11
0 -50.0 50
1 -41.0 41
2 -50.0 50
3 -50.0 50
4 -17.0 17
5 -50.0 50
6 -25.0 25
7 -23.0 23
8 -14.0 14
9 -22.0 22
10 -33.0 33
11 -7.0 7
0 -50.0 50
1 -27.0 27
2 -50.0 50
3 -39.0 39
4 -50.0 50
5 -50.0 50
6 -49.0 49
7 -31.0 31
8 -33.0 33
9 -38.0 38
10 -19.0 19
11 -9.0 9
0 -50.0 50
1 -50.0 50
2 -50.0 50
3 -22.0 22
4 -50.0 50
5 -15.0 15
6 -21.0 21
7 -50.0 50
8 -15.0 15
9 -25.0 25
10 -8.0 8
11 -7.0 7
0 -34.0 34
1 -50.0 50
2 -50.0 50
3 -50.0 50
4 -25.0 25
5 -28.0 28
6 -50.0 50
7 -28.0 28
8 -50.0 50
9 -19.0 19
10 -36.0 36
11 -17.0 17
0 -50.0 50
1 -50.0 50
2 -22.0 22
3 -50.0 50
4 -50.0 50
5 -32.0 32
6 -19.0 19
7 -23.0 23
8 -27.0 27
9 -7.0 7
10 -50.0 50
11 -38.0 38
0 -50.0 50
1 -47.0 47
2 -50.0 50
3 -50.0 50
4 -20.0 20
5 -50.0 50
6 -39.0 39
7 -16.0 16
8 -11.0 11
9 -30.0 30
10 -29.0 29
11 -20.0 20
0 -36.0 36
1 -50.0 50
2 -50.0 50
3 -50.0 50
4 -17.0 17
5 -26.0 26
6 -22.0 22
7 -50.0 50
8 -11.0 11
9 -10.0 10
10 -36.0 36
11 -40.0 40
0 -50.0 50
1 -50.0 50
2 -29.0 29
3 -50.0 50
4 -50.0 50
5 -15.0 15
6 -29.0 29
7 -50.0 50
8 -35.0 35
9 -32.0 32
10 -7.0 7
11 -8.0 8
0 -38.0 38
1 -50.0 50
2 -50.0 50
3 -50.0 50
4 -50.0 50
5 -28.0 28
6 -28.0 28
7 -50.0 50
8 -24.0 24
9 -12.0 12
10 -8.0 8
11 -9.0 9
0 -50.0 50
1 -41.0 41
2 -50.0 50
3 -49.0 49
4 -29.0 29
5 -34.0 34
6 -50.0 50
7 -22.0 22
8 -7.0 7
9 -8.0 8
10 -26.0 26
11 -7.0 7
0 -50.0 50
1 -50.0 50
2 -50.0 50
3 -36.0 36
4 -44.0 44
5 -50.0 50
6 -35.0 35
7 -24.0 24
8 -22.0 22
9 -14.0 14
10 -18.0 18
11 -12.0 12
0 -49.0 49
1 -50.0 50
2 -46.0 46
3 -46.0 46
4 -50.0 50
5 -20.0 20
6 -30.0 30
7 -17.0 17
8 -11.0 11
9 -10.0 10
10 -12.0 12
11 -12.0 12
0 -50.0 50
1 -50.0 50
2 -36.0 36
3 -50.0 50
4 -50.0 50
5 -8.0 8
6 -31.0 31
7 -50.0 50
8 -45.0 45
9 -34.0 34
10 -16.0 16
11 -16.0 16
0 -50.0 50
1 -45.0 45
2 -50.0 50
3 -50.0 50
4 -50.0 50
5 -34.0 34
6 -16.0 16
7 -7.0 7
8 -8.0 8
9 -10.0 10
10 -19.0 19
11 -7.0 7
0 -50.0 50
1 -50.0 50
2 -50.0 50
3 -30.0 30
4 -50.0 50
5 -50.0 50
6 -25.0 25
7 -18.0 18
8 -13.0 13
9 -12.0 12
10 -11.0 11
11 -12.0 12
0 -50.0 50
1 -50.0 50
2 -50.0 50
3 -41.0 41
4 -50.0 50
5 -50.0 50
6 -50.0 50
7 -39.0 39
8 -13.0 13
9 -7.0 7
10 -10.0 10
11 -7.0 7
0 -50.0 50
1 -50.0 50
2 -50.0 50
3 -16.0 16
4 -43.0 43
5 -50.0 50
6 -50.0 50
7 -47.0 47
8 -18.0 18
9 -7.0 7
10 -8.0 8
11 -7.0 7
0 -39.0 39
1 -50.0 50
2 -50.0 50
3 -50.0 50
4 -23.0 23
5 -14.0 14
6 -39.0 39
7 -50.0 50
8 -50.0 50
9 -17.0 17
10 -13.0 13
11 -12.0 12
0 -50.0 50
1 -50.0 50
2 -30.0 30
3 -23.0 23
4 -37.0 37
5 -50.0 50
6 -38.0 38
7 -18.0 18
8 -10.0 10
9 -50.0 50
10 -48.0 48
11 -7.0 7
0 -50.0 50
1 -21.0 21
2 -50.0 50
3 -23.0 23
4 -50.0 50
5 -50.0 50
6 -49.0 49
7 -44.0 44
8 -50.0 50
9 -10.0 10
10 -14.0 14
11 -7.0 7
0 -50.0 50
1 -20.0 20
2 -47.0 47
3 -50.0 50
4 -50.0 50
5 -50.0 50
6 -16.0 16
7 -29.0 29
8 -32.0 32
9 -18.0 18
10 -8.0 8
11 -7.0 7
0 -50.0 50
1 -50.0 50
2 -29.0 29
3 -50.0 50
4 -50.0 50
5 -36.0 36
6 -11.0 11
7 -47.0 47
8 -27.0 27
9 -15.0 15
10 -10.0 10
11 -7.0 7
0 -50.0 50
1 -50.0 50
2 -35.0 35
3 -35.0 35
4 -38.0 38
5 -34.0 34
6 -50.0 50
7 -48.0 48
8 -50.0 50
9 -16.0 16
10 -7.0 7
11 -7.0 7
0 -50.0 50
1 -50.0 50
2 -50.0 50
3 -32.0 32
4 -50.0 50
5 -30.0 30
6 -50.0 50
7 -18.0 18
8 -15.0 15
9 -24.0 24
10 -15.0 15
11 -7.0 7
0 -50.0 50
1 -39.0 39
2 -50.0 50
3 -41.0 41
4 -34.0 34
5 -46.0 46
6 -50.0 50
7 -7.0 7
8 -10.0 10
9 -10.0 10
10 -9.0 9
11 -9.0 9
0 -50.0 50
1 -50.0 50
2 -50.0 50
3 -50.0 50
4 -18.0 18
5 -16.0 16
6 -25.0 25
7 -25.0 25
8 -7.0 7
9 -10.0 10
10 -15.0 15
11 -46.0 46
0 -50.0 50
1 -50.0 50
2 -50.0 50
3 -50.0 50
4 -21.0 21
5 -22.0 22
6 -50.0 50
7 -24.0 24
8 -20.0 20
9 -7.0 7
10 -9.0 9
11 -10.0 10
0 -50.0 50
1 -17.0 17
2 -50.0 50
3 -50.0 50
4 -50.0 50
5 -21.0 21
6 -20.0 20
7 -16.0 16
8 -14.0 14
9 -50.0 50
10 -27.0 27
11 -19.0 19
0 -50.0 50
1 -50.0 50
2 -26.0 26
3 -28.0 28
4 -50.0 50
5 -50.0 50
6 -21.0 21
7 -50.0 50
8 -22.0 22
9 -31.0 31
10 -14.0 14
11 -11.0 11
0 -25.0 25
1 -50.0 50
2 -50.0 50
3 -46.0 46
4 -50.0 50
5 -31.0 31
6 -50.0 50
7 -45.0 45
8 -20.0 20
9 -10.0 10
10 -10.0 10
11 -10.0 10
0 -36.0 36
1 -50.0 50
2 -50.0 50
3 -50.0 50
4 -43.0 43
5 -19.0 19
6 -25.0 25
7 -50.0 50
8 -49.0 49
9 -19.0 19
10 -13.0 13
11 -9.0 9
0 -31.0 31
1 -50.0 50
2 -40.0 40
3 -50.0 50
4 -50.0 50
5 -48.0 48
6 -30.0 30
7 -19.0 19
8 -30.0 30
9 -19.0 19
10 -16.0 16
11 -15.0 15
0 -32.0 32
1 -50.0 50
2 -50.0 50
3 -50.0 50
4 -50.0 50
5 -50.0 50
6 -50.0 50
7 -23.0 23
8 -26.0 26
9 -7.0 7
10 -7.0 7
11 -7.0 7
0 -50.0 50
1 -33.0 33
2 -50.0 50
3 -50.0 50
4 -45.0 45
5 -37.0 37
6 -25.0 25
7 -33.0 33
8 -12.0 12
9 -28.0 28
10 -13.0 13
11 -11.0 11
0 -50.0 50
1 -50.0 50
2 -50.0 50
3 -34.0 34
4 -50.0 50
5 -50.0 50
6 -34.0 34
7 -23.0 23
8 -13.0 13
9 -15.0 15
10 -9.0 9
11 -11.0 11
