
0 -50.0 50
5 -7.0 7
0 -50.0 50
5 -50.0 50
0 -50.0 50
5 -7.0 7
0 -50.0 50
5 -50.0 50
0 -50.0 50
5 -7.0 7
0 -50.0 50
5 -7.0 7
0 -50.0 50
5 -7.0 7
0 -50.0 50
5 -50.0 50
0 -50.0 50
5 -7.0 7
0 -50.0 50
5 -50.0 50
0 -50.0 50
5 -50.0 50
0 -50.0 50
5 -7.0 7
0 -50.0 50
5 -7.0 7
0 -50.0 50
5 -7.0 7
0 -50.0 50
5 -7.0 7
0 -50.0 50
5 -7.0 7
0 -50.0 50
5 -7.0 7
0 -50.0 50
5 -7.0 7
0 -50.0 50
5 -50.0 50
0 -50.0 50
5 -7.0 7
0 -50.0 50
5 -7.0 7
0 -50.0 50
5 -7.0 7
0 -50.0 50
5 -50.0 50
0 -50.0 50
5 -7.0 7
0 -50.0 50
5 -7.0 7
0 -50.0 50
5 -7.0 7
0 -50.0 50
5 -7.0 7
0 -50.0 50
5 -7.0 7
0 -50.0 50
5 -7.0 7
0 -50.0 50
5 -50.0 50
0 -50.0 50
5 -50.0 50
0 -50.0 50
5 -7.0 7
0 -50.0 50
5 -7.0 7
0 -50.0 50
5 -7.0 7
0 -50.0 50
5 -7.0 7
0 -50.0 50
5 -7.0 7
0 -50.0 50
5 -7.0 7
0 -50.0 50
5 -50.0 50
0 -50.0 50
5 -50.0 50
0 -50.0 50
5 -50.0 50