0 -33.0 33
1 -50.0 50
2 -50.0 50
3 -50.0 50
4 -42.0 42
5 -50.0 50
6 -22.0 22
7 -14.0 14
0 -50.0 50
1 -40.0 40
2 -50.0 50
3 -50.0 50
4 -35.0 35
5 -32.0 32
6 -50.0 50
7 -21.0 21
0 -50.0 50
1 -36.0 36
2 -24.0 24
3 -50.0 50
4 -50.0 50
5 -36.0 36
6 -37.0 37
7 -26.0 26
0 -28.0 28
1 -50.0 50
2 -50.0 50
3 -50.0 50
4 -37.0 37
5 -20.0 20
6 -19.0 19
7 -16.0 16
0 -50.0 50
1 -50.0 50
2 -50.0 50
3 -43.0 43
4 -50.0 50
5 -14.0 14
6 -29.0 29
7 -38.0 38
0 -47.0 47
1 -50.0 50
2 -50.0 50
3 -50.0 50
4 -22.0 22
5 -50.0 50
6 -13.0 13
7 -15.0 15
0 -23.0 23
1 -50.0 50
2 -30.0 30
3 -50.0 50
4 -46.0 46
5 -50.0 50
6 -50.0 50
7 -11.0 11
0 -50.0 50
1 -50.0 50
2 -49.0 49
3 -50.0 50
4 -21.0 21
5 -50.0 50
6 -26.0 26
7 -10.0 10
0 -31.0 31
1 -50.0 50
2 -50.0 50
3 -49.0 49
4 -45.0 45
5 -39.0 39
6 -23.0 23
7 -22.0 22
0 -50.0 50
1 -50.0 50
2 -50.0 50
3 -33.0 33
4 -49.0 49
5 -35.0 35
6 -33.0 33
7 -34.0 34
0 -50.0 50
1 -50.0 50
2 -50.0 50
3 -50.0 50
4 -41.0 41
5 -25.0 25
6 -50.0 50
7 -41.0 41
0 -45.0 45
1 -50.0 50
2 -50.0 50
3 -44.0 44
4 -50.0 50
5 -15.0 15
6 -32.0 32
7 -20.0 20
0 -50.0 50
1 -50.0 50
2 -25.0 25
3 -50.0 50
4 -13.0 13
5 -19.0 19
6 -26.0 26
7 -34.0 34
0 -23.0 23
1 -50.0 50
2 -50.0 50
3 -19.0 19
4 -50.0 50
5 -50.0 50
6 -50.0 50
7 -42.0 42
0 -50.0 50
1 -50.0 50
2 -50.0 50
3 -36.0 36
4 -33.0 33
5 -44.0 44
6 -12.0 12
7 -12.0 12
0 -50.0 50
1 -29.0 29
2 -50.0 50
3 -50.0 50
4 -50.0 50
5 -50.0 50
6 -27.0 27
7 -48.0 48
0 -50.0 50
1 -50.0 50
2 -34.0 34
3 -50.0 50
4 -50.0 50
5 -50.0 50
6 -19.0 19
7 -12.0 12
0 -50.0 50
1 -50.0 50
2 -50.0 50
3 -25.0 25
4 -19.0 19
5 -23.0 23
6 -48.0 48
7 -50.0 50
0 -50.0 50
1 -26.0 26
2 -50.0 50
3 -50.0 50
4 -45.0 45
5 -14.0 14
6 -50.0 50
7 -39.0 39
0 -22.0 22
1 -50.0 50
2 -50.0 50
3 -45.0 45
4 -50.0 50
5 -50.0 50
6 -47.0 47
7 -50.0 50
0 -50.0 50
1 -38.0 38
2 -41.0 41
3 -50.0 50
4 -50.0 50
5 -50.0 50
6 -31.0 31
7 -40.0 40
0 -50.0 50
1 -50.0 50
2 -50.0 50
3 -50.0 50
4 -50.0 50
5 -26.0 26
6 -29.0 29
7 -18.0 18
0 -50.0 50
1 -29.0 29
2 -50.0 50
3 -50.0 50
4 -50.0 50
5 -38.0 38
6 -50.0 50
7 -30.0 30
0 -50.0 50
1 -32.0 32
2 -50.0 50
3 -27.0 27
4 -50.0 50
5 -18.0 18
6 -50.0 50
7 -50.0 50
0 -50.0 50
1 -43.0 43
2 -50.0 50
3 -50.0 50
4 -16.0 16
5 -43.0 43
6 -36.0 36
7 -15.0 15
0 -50.0 50
1 -36.0 36
2 -50.0 50
3 -32.0 32
4 -42.0 42
5 -50.0 50
6 -48.0 48
7 -17.0 17
0 -50.0 50
1 -50.0 50
2 -32.0 32
3 -50.0 50
4 -50.0 50
5 -33.0 33
6 -18.0 18
7 -32.0 32
0 -50.0 50
1 -50.0 50
2 -50.0 50
3 -50.0 50
4 -33.0 33
5 -24.0 24
6 -16.0 16
7 -12.0 12
0 -50.0 50
1 -35.0 35
2 -48.0 48
3 -50.0 50
4 -50.0 50
5 -50.0 50
6 -41.0 41
7 -11.0 11
0 -50.0 50
1 -43.0 43
2 -50.0 50
3 -18.0 18
4 -50.0 50
5 -50.0 50
6 -44.0 44
7 -19.0 19
0 -50.0 50
1 -37.0 37
2 -50.0 50
3 -50.0 50
4 -50.0 50
5 -10.0 10
6 -12.0 12
7 -40.0 40
0 -24.0 24
1 -50.0 50
2 -50.0 50
3 -50.0 50
4 -9.0 9
5 -50.0 50
6 -41.0 41
7 -30.0 30
0 -50.0 50
1 -37.0 37
2 -50.0 50
3 -50.0 50
4 -42.0 42
5 -32.0 32
6 -21.0 21
7 -16.0 16
0 -50.0 50
1 -28.0 28
2 -50.0 50
3 -45.0 45
4 -50.0 50
5 -31.0 31
6 -50.0 50
7 -23.0 23
0 -50.0 50
1 -50.0 50
2 -50.0 50
3 -37.0 37
4 -47.0 47
5 -48.0 48
6 -38.0 38
7 -16.0 16
0 -50.0 50
1 -50.0 50
2 -50.0 50
3 -50.0 50
4 -34.0 34
5 -14.0 14
6 -32.0 32
7 -20.0 20
0 -50.0 50
1 -50.0 50
2 -50.0 50
3 -50.0 50
4 -46.0 46
5 -24.0 24
6 -36.0 36
7 -44.0 44
0 -50.0 50
1 -50.0 50
2 -50.0 50
3 -27.0 27
4 -50.0 50
5 -29.0 29
6 -21.0 21
7 -14.0 14
0 -50.0 50
1 -50.0 50
2 -50.0 50
3 -21.0 21
4 -22.0 22
5 -50.0 50
6 -19.0 19
7 -25.0 25
0 -50.0 50
1 -50.0 50
2 -29.0 29
3 -50.0 50
4 -50.0 50
5 -50.0 50
6 -50.0 50
7 -21.0 21
