0 -50.0 50
1 -45.0 45
0 -50.0 50
1 -50.0 50
0 -38.0 38
1 -50.0 50
0 -50.0 50
1 -50.0 50
0 -24.0 24
1 -50.0 50
0 -19.0 19
1 -50.0 50
0 -50.0 50
1 -50.0 50
0 -50.0 50
1 -50.0 50
0 -50.0 50
1 -50.0 50
0 -50.0 50
1 -50.0 50
0 -50.0 50
1 -50.0 50
0 -50.0 50
1 -50.0 50
0 -42.0 42
1 -50.0 50
0 -50.0 50
1 -50.0 50
0 -50.0 50
1 -27.0 27
0 -26.0 26
1 -50.0 50
0 -50.0 50
1 -50.0 50
0 -39.0 39
1 -50.0 50
0 -50.0 50
1 -50.0 50
0 -50.0 50
1 -41.0 41
0 -50.0 50
1 -47.0 47
0 -50.0 50
1 -50.0 50
0 -50.0 50
1 -32.0 32
0 -50.0 50
1 -32.0 32
0 -43.0 43
1 -50.0 50
0 -50.0 50
1 -50.0 50
0 -50.0 50
1 -39.0 39
0 -50.0 50
1 -50.0 50
0 -50.0 50
1 -32.0 32
0 -50.0 50
1 -24.0 24
0 -50.0 50
1 -50.0 50
0 -33.0 33
1 -50.0 50
0 -50.0 50
1 -50.0 50
0 -34.0 34
1 -50.0 50
0 -50.0 50
1 -50.0 50
0 -50.0 50
1 -49.0 49
0 -50.0 50
1 -26.0 26
0 -50.0 50
1 -50.0 50
0 -50.0 50
1 -50.0 50
0 -26.0 26
1 -50.0 50
