0 -50.0 50
1 -50.0 50
2 -14.0 14
3 -30.0 30
4 -50.0 50
5 -50.0 50
6 -50.0 50
7 -21.0 21
8 -9.0 9
9 -17.0 17
10 -7.0 7
11 -47.0 47
12 -8.0 8
13 -7.0 7
14 -10.0 10
15 -9.0 9
0 -50.0 50
1 -50.0 50
2 -50.0 50
3 -50.0 50
4 -45.0 45
5 -34.0 34
6 -16.0 16
7 -27.0 27
8 -27.0 27
9 -19.0 19
10 -12.0 12
11 -9.0 9
12 -7.0 7
13 -10.0 10
14 -12.0 12
15 -18.0 18
0 -50.0 50
1 -50.0 50
2 -39.0 39
3 -48.0 48
4 -37.0 37
5 -34.0 34
6 -48.0 48
7 -24.0 24
8 -15.0 15
9 -10.0 10
10 -12.0 12
11 -16.0 16
12 -7.0 7
13 -7.0 7
14 -43.0 43
15 -10.0 10
0 -29.0 29
1 -50.0 50
2 -50.0 50
3 -50.0 50
4 -26.0 26
5 -25.0 25
6 -50.0 50
7 -23.0 23
8 -37.0 37
9 -20.0 20
10 -12.0 12
11 -7.0 7
12 -27.0 27
13 -16.0 16
14 -11.0 11
15 -9.0 9
0 -50.0 50
1 -48.0 48
2 -50.0 50
3 -50.0 50
4 -29.0 29
5 -18.0 18
6 -45.0 45
7 -22.0 22
8 -13.0 13
9 -12.0 12
10 -8.0 8
11 -35.0 35
12 -14.0 14
13 -10.0 10
14 -7.0 7
15 -7.0 7
0 -50.0 50
1 -38.0 38
2 -50.0 50
3 -50.0 50
4 -38.0 38
5 -27.0 27
6 -50.0 50
7 -15.0 15
8 -9.0 9
9 -10.0 10
10 -13.0 13
11 -12.0 12
12 -10.0 10
13 -29.0 29
14 -13.0 13
15 -21.0 21
0 -50.0 50
1 -50.0 50
2 -35.0 35
3 -39.0 39
4 -50.0 50
5 -31.0 31
6 -50.0 50
7 -9.0 9
8 -12.0 12
9 -10.0 10
10 -23.0 23
11 -15.0 15
12 -9.0 9
13 -9.0 9
14 -12.0 12
15 -13.0 13
0 -50.0 50
1 -50.0 50
2 -50.0 50
3 -37.0 37
4 -50.0 50
5 -50.0 50
6 -36.0 36
7 -21.0 21
8 -44.0 44
9 -19.0 19
10 -16.0 16
11 -8.0 8
12 -7.0 7
13 -10.0 10
14 -10.0 10
15 -7.0 7
0 -50.0 50
1 -50.0 50
2 -42.0 42
3 -50.0 50
4 -28.0 28
5 -50.0 50
6 -22.0 22
7 -12.0 12
8 -12.0 12
9 -8.0 8
10 -7.0 7
11 -8.0 8
12 -7.0 7
13 -7.0 7
14 -8.0 8
15 -7.0 7
0 -50.0 50
1 -34.0 34
2 -50.0 50
3 -24.0 24
4 -50.0 50
5 -50.0 50
6 -50.0 50
7 -28.0 28
8 -20.0 20
9 -11.0 11
10 -50.0 50
11 -22.0 22
12 -13.0 13
13 -11.0 11
14 -7.0 7
15 -9.0 9
0 -50.0 50
1 -39.0 39
2 -50.0 50
3 -50.0 50
4 -42.0 42
5 -50.0 50
6 -33.0 33
7 -50.0 50
8 -8.0 8
9 -7.0 7
10 -8.0 8
11 -8.0 8
12 -9.0 9
13 -10.0 10
14 -12.0 12
15 -7.0 7
0 -50.0 50
1 -18.0 18
2 -50.0 50
3 -50.0 50
4 -50.0 50
5 -50.0 50
6 -30.0 30
7 -19.0 19
8 -16.0 16
9 -9.0 9
10 -10.0 10
11 -9.0 9
12 -7.0 7
13 -7.0 7
14 -8.0 8
15 -9.0 9
0 -50.0 50
1 -50.0 50
2 -43.0 43
3 -27.0 27
4 -50.0 50
5 -50.0 50
6 -9.0 9
7 -7.0 7
8 -8.0 8
9 -14.0 14
10 -25.0 25
11 -21.0 21
12 -15.0 15
13 -11.0 11
14 -9.0 9
15 -11.0 11
0 -50.0 50
1 -50.0 50
2 -27.0 27
3 -50.0 50
4 -26.0 26
5 -35.0 35
6 -30.0 30
7 -18.0 18
8 -50.0 50
9 -27.0 27
10 -40.0 40
11 -22.0 22
12 -8.0 8
13 -8.0 8
14 -7.0 7
15 -9.0 9
0 -50.0 50
1 -50.0 50
2 -24.0 24
3 -50.0 50
4 -32.0 32
5 -43.0 43
6 -50.0 50
7 -28.0 28
8 -10.0 10
9 -14.0 14
10 -11.0 11
11 -48.0 48
12 -50.0 50
13 -12.0 12
14 -15.0 15
15 -14.0 14
0 -15.0 15
1 -50.0 50
2 -50.0 50
3 -46.0 46
4 -50.0 50
5 -31.0 31
6 -25.0 25
7 -40.0 40
8 -50.0 50
9 -50.0 50
10 -25.0 25
11 -9.0 9
12 -7.0 7
13 -9.0 9
14 -7.0 7
15 -7.0 7
0 -32.0 32
1 -50.0 50
2 -41.0 41
3 -50.0 50
4 -50.0 50
5 -18.0 18
6 -12.0 12
7 -26.0 26
8 -26.0 26
9 -50.0 50
10 -28.0 28
11 -11.0 11
12 -15.0 15
13 -13.0 13
14 -7.0 7
15 -36.0 36
0 -50.0 50
1 -50.0 50
2 -12.0 12
3 -30.0 30
4 -44.0 44
5 -50.0 50
6 -50.0 50
7 -38.0 38
8 -13.0 13
9 -29.0 29
10 -17.0 17
11 -38.0 38
12 -20.0 20
13 -14.0 14
14 -9.0 9
15 -10.0 10
0 -50.0 50
1 -37.0 37
2 -50.0 50
3 -50.0 50
4 -36.0 36
5 -37.0 37
6 -24.0 24
7 -50.0 50
8 -31.0 31
9 -20.0 20
10 -10.0 10
11 -30.0 30
12 -17.0 17
13 -11.0 11
14 -9.0 9
15 -7.0 7
0 -37.0 37
1 -50.0 50
2 -50.0 50
3 -25.0 25
4 -50.0 50
5 -34.0 34
6 -49.0 49
7 -28.0 28
8 -18.0 18
9 -10.0 10
10 -50.0 50
11 -10.0 10
12 -9.0 9
13 -9.0 9
14 -9.0 9
15 -18.0 18
