0 -50.0 50
1 -50.0 50
2 -31.0 31
3 -20.0 20
4 -50.0 50
5 -50.0 50
6 -50.0 50
7 -32.0 32
8 -9.0 9
9 -10.0 10
10 -13.0 13
11 -7.0 7
12 -18.0 18
13 -11.0 11
14 -9.0 9
15 -11.0 11
16 -9.0 9
17 -8.0 8
18 -12.0 12
19 -8.0 8
20 -7.0 7
21 -16.0 16
22 -9.0 9
23 -7.0 7
24 -9.0 9
25 -10.0 10
26 -7.0 7
27 -7.0 7
28 -7.0 7
29 -7.0 7
0 -36.0 36
1 -50.0 50
2 -50.0 50
3 -50.0 50
4 -35.0 35
5 -50.0 50
6 -48.0 48
7 -18.0 18
8 -50.0 50
9 -45.0 45
10 -26.0 26
11 -15.0 15
12 -10.0 10
13 -7.0 7
14 -9.0 9
15 -7.0 7
16 -8.0 8
17 -13.0 13
18 -9.0 9
19 -7.0 7
20 -7.0 7
21 -11.0 11
22 -10.0 10
23 -7.0 7
24 -8.0 8
25 -7.0 7
26 -10.0 10
27 -7.0 7
28 -7.0 7
29 -7.0 7
0 -50.0 50
1 -50.0 50
2 -32.0 32
3 -50.0 50
4 -48.0 48
5 -12.0 12
6 -25.0 25
7 -50.0 50
8 -37.0 37
9 -39.0 39
10 -26.0 26
11 -43.0 43
12 -8.0 8
13 -7.0 7
14 -10.0 10
15 -7.0 7
16 -7.0 7
17 -8.0 8
18 -9.0 9
19 -10.0 10
20 -12.0 12
21 -11.0 11
22 -7.0 7
23 -7.0 7
24 -10.0 10
25 -7.0 7
26 -7.0 7
27 -7.0 7
28 -7.0 7
29 -7.0 7
0 -50.0 50
1 -41.0 41
2 -50.0 50
3 -50.0 50
4 -31.0 31
5 -21.0 21
6 -33.0 33
7 -39.0 39
8 -50.0 50
9 -14.0 14
10 -11.0 11
11 -10.0 10
12 -7.0 7
13 -14.0 14
14 -10.0 10
15 -9.0 9
16 -12.0 12
17 -36.0 36
18 -11.0 11
19 -7.0 7
20 -11.0 11
21 -9.0 9
22 -7.0 7
23 -8.0 8
24 -8.0 8
25 -7.0 7
26 -7.0 7
27 -7.0 7
28 -7.0 7
29 -7.0 7
0 -40.0 40
1 -50.0 50
2 -50.0 50
3 -50.0 50
4 -50.0 50
5 -46.0 46
6 -20.0 20
7 -22.0 22
8 -9.0 9
9 -12.0 12
10 -11.0 11
11 -8.0 8
12 -12.0 12
13 -14.0 14
14 -7.0 7
15 -7.0 7
16 -7.0 7
17 -8.0 8
18 -7.0 7
19 -9.0 9
20 -10.0 10
21 -12.0 12
22 -12.0 12
23 -16.0 16
24 -8.0 8
25 -7.0 7
26 -7.0 7
27 -16.0 16
28 -13.0 13
29 -7.0 7
0 -23.0 23
1 -50.0 50
2 -50.0 50
3 -50.0 50
4 -34.0 34
5 -50.0 50
6 -27.0 27
7 -29.0 29
8 -14.0 14
9 -50.0 50
10 -50.0 50
11 -12.0 12
12 -12.0 12
13 -13.0 13
14 -7.0 7
15 -7.0 7
16 -7.0 7
17 -7.0 7
18 -7.0 7
19 -8.0 8
20 -7.0 7
21 -7.0 7
22 -9.0 9
23 -12.0 12
24 -7.0 7
25 -7.0 7
26 -7.0 7
27 -7.0 7
28 -7.0 7
29 -7.0 7
0 -31.0 31
1 -50.0 50
2 -50.0 50
3 -50.0 50
4 -32.0 32
5 -28.0 28
6 -15.0 15
7 -50.0 50
8 -17.0 17
9 -10.0 10
10 -8.0 8
11 -50.0 50
12 -9.0 9
13 -7.0 7
14 -13.0 13
15 -7.0 7
16 -7.0 7
17 -11.0 11
18 -9.0 9
19 -7.0 7
20 -8.0 8
21 -8.0 8
22 -7.0 7
23 -8.0 8
24 -7.0 7
25 -10.0 10
26 -7.0 7
27 -7.0 7
28 -7.0 7
29 -7.0 7
0 -46.0 46
1 -50.0 50
2 -50.0 50
3 -49.0 49
4 -50.0 50
5 -11.0 11
6 -16.0 16
7 -29.0 29
8 -14.0 14
9 -12.0 12
10 -12.0 12
11 -12.0 12
12 -13.0 13
13 -10.0 10
14 -7.0 7
15 -42.0 42
16 -25.0 25
17 -49.0 49
18 -14.0 14
19 -10.0 10
20 -7.0 7
21 -7.0 7
22 -7.0 7
23 -9.0 9
24 -7.0 7
25 -8.0 8
26 -7.0 7
27 -7.0 7
28 -7.0 7
29 -7.0 7
0 -50.0 50
1 -50.0 50
2 -50.0 50
3 -26.0 26
4 -50.0 50
5 -29.0 29
6 -23.0 23
7 -24.0 24
8 -31.0 31
9 -36.0 36
10 -25.0 25
11 -9.0 9
12 -8.0 8
13 -7.0 7
14 -8.0 8
15 -8.0 8
16 -14.0 14
17 -10.0 10
18 -7.0 7
19 -11.0 11
20 -7.0 7
21 -13.0 13
22 -8.0 8
23 -8.0 8
24 -7.0 7
25 -7.0 7
26 -8.0 8
27 -7.0 7
28 -7.0 7
29 -7.0 7
0 -50.0 50
1 -32.0 32
2 -28.0 28
3 -50.0 50
4 -50.0 50
5 -50.0 50
6 -41.0 41
7 -48.0 48
8 -20.0 20
9 -9.0 9
10 -8.0 8
11 -10.0 10
12 -7.0 7
13 -12.0 12
14 -17.0 17
15 -8.0 8
16 -7.0 7
17 -11.0 11
18 -9.0 9
19 -11.0 11
20 -13.0 13
21 -7.0 7
22 -14.0 14
23 -8.0 8
24 -8.0 8
25 -8.0 8
26 -7.0 7
27 -7.0 7
28 -7.0 7
29 -7.0 7
0 -50.0 50
1 -50.0 50
2 -47.0 47
3 -50.0 50
4 -39.0 39
5 -30.0 30
6 -50.0 50
7 -50.0 50
8 -18.0 18
9 -11.0 11
10 -20.0 20
11 -14.0 14
12 -7.0 7
13 -22.0 22
14 -14.0 14
15 -9.0 9
16 -8.0 8
17 -8.0 8
18 -8.0 8
19 -8.0 8
20 -7.0 7
21 -7.0 7
22 -7.0 7
23 -7.0 7
24 -8.0 8
25 -7.0 7
26 -7.0 7
27 -7.0 7
28 -7.0 7
29 -7.0 7
0 -50.0 50
1 -41.0 41
2 -50.0 50
3 -37.0 37
4 -33.0 33
5 -32.0 32
6 -35.0 35
7 -50.0 50
8 -50.0 50
9 -16.0 16
10 -12.0 12
11 -45.0 45
12 -15.0 15
13 -10.0 10
14 -7.0 7
15 -9.0 9
16 -7.0 7
17 -7.0 7
18 -8.0 8
19 -7.0 7
20 -8.0 8
21 -7.0 7
22 -9.0 9
23 -7.0 7
24 -9.0 9
25 -7.0 7
26 -7.0 7
27 -7.0 7
28 -7.0 7
29 -7.0 7
0 -29.0 29
1 -50.0 50
2 -50.0 50
3 -46.0 46
4 -19.0 19
5 -50.0 50
6 -50.0 50
7 -35.0 35
8 -32.0 32
9 -7.0 7
10 -12.0 12
11 -9.0 9
12 -16.0 16
13 -10.0 10
14 -7.0 7
15 -7.0 7
16 -23.0 23
17 -27.0 27
18 -9.0 9
19 -8.0 8
20 -7.0 7
21 -7.0 7
22 -7.0 7
23 -8.0 8
24 -7.0 7
25 -13.0 13
26 -15.0 15
27 -12.0 12
28 -7.0 7
29 -7.0 7
0 -41.0 41
1 -50.0 50
2 -50.0 50
3 -50.0 50
4 -36.0 36
5 -32.0 32
6 -50.0 50
7 -50.0 50
8 -40.0 40
9 -23.0 23
10 -13.0 13
11 -7.0 7
12 -7.0 7
13 -8.0 8
14 -12.0 12
15 -7.0 7
16 -7.0 7
17 -7.0 7
18 -7.0 7
19 -7.0 7
20 -9.0 9
21 -7.0 7
22 -7.0 7
23 -7.0 7
24 -13.0 13
25 -12.0 12
26 -12.0 12
27 -10.0 10
28 -7.0 7
29 -7.0 7
0 -50.0 50
1 -42.0 42
2 -50.0 50
3 -50.0 50
4 -40.0 40
5 -50.0 50
6 -25.0 25
7 -14.0 14
8 -22.0 22
9 -19.0 19
10 -9.0 9
11 -10.0 10
12 -7.0 7
13 -8.0 8
14 -8.0 8
15 -15.0 15
16 -7.0 7
17 -19.0 19
18 -11.0 11
19 -12.0 12
20 -17.0 17
21 -7.0 7
22 -7.0 7
23 -8.0 8
24 -7.0 7
25 -7.0 7
26 -8.0 8
27 -7.0 7
28 -7.0 7
29 -7.0 7
0 -37.0 37
1 -50.0 50
2 -50.0 50
3 -50.0 50
4 -14.0 14
5 -50.0 50
6 -22.0 22
7 -9.0 9
8 -10.0 10
9 -14.0 14
10 -17.0 17
11 -50.0 50
12 -17.0 17
13 -10.0 10
14 -10.0 10
15 -7.0 7
16 -12.0 12
17 -11.0 11
18 -12.0 12
19 -12.0 12
20 -9.0 9
21 -8.0 8
22 -8.0 8
23 -7.0 7
24 -7.0 7
25 -7.0 7
26 -7.0 7
27 -7.0 7
28 -7.0 7
29 -7.0 7
0 -50.0 50
1 -28.0 28
2 -50.0 50
3 -50.0 50
4 -29.0 29
5 -50.0 50
6 -37.0 37
7 -50.0 50
8 -36.0 36
9 -24.0 24
10 -13.0 13
11 -15.0 15
12 -13.0 13
13 -12.0 12
14 -9.0 9
15 -11.0 11
16 -10.0 10
17 -16.0 16
18 -14.0 14
19 -7.0 7
20 -8.0 8
21 -13.0 13
22 -7.0 7
23 -7.0 7
24 -7.0 7
25 -7.0 7
26 -8.0 8
27 -7.0 7
28 -7.0 7
29 -7.0 7
0 -50.0 50
1 -36.0 36
2 -50.0 50
3 -50.0 50
4 -50.0 50
5 -36.0 36
6 -36.0 36
7 -8.0 8
8 -10.0 10
9 -29.0 29
10 -42.0 42
11 -30.0 30
12 -16.0 16
13 -18.0 18
14 -14.0 14
15 -10.0 10
16 -11.0 11
17 -9.0 9
18 -8.0 8
19 -9.0 9
20 -7.0 7
21 -7.0 7
22 -7.0 7
23 -7.0 7
24 -7.0 7
25 -8.0 8
26 -7.0 7
27 -7.0 7
28 -7.0 7
29 -7.0 7
0 -50.0 50
1 -34.0 34
2 -50.0 50
3 -42.0 42
4 -50.0 50
5 -50.0 50
6 -30.0 30
7 -33.0 33
8 -15.0 15
9 -10.0 10
10 -19.0 19
11 -7.0 7
12 -8.0 8
13 -10.0 10
14 -15.0 15
15 -8.0 8
16 -8.0 8
17 -8.0 8
18 -9.0 9
19 -11.0 11
20 -8.0 8
21 -9.0 9
22 -8.0 8
23 -7.0 7
24 -7.0 7
25 -7.0 7
26 -7.0 7
27 -7.0 7
28 -7.0 7
29 -7.0 7
0 -50.0 50
1 -50.0 50
2 -16.0 16
3 -50.0 50
4 -39.0 39
5 -29.0 29
6 -17.0 17
7 -25.0 25
8 -19.0 19
9 -38.0 38
10 -17.0 17
11 -31.0 31
12 -16.0 16
13 -9.0 9
14 -29.0 29
15 -11.0 11
16 -20.0 20
17 -13.0 13
18 -50.0 50
19 -50.0 50
20 -9.0 9
21 -8.0 8
22 -7.0 7
23 -7.0 7
24 -10.0 10
25 -10.0 10
26 -7.0 7
27 -7.0 7
28 -7.0 7
29 -7.0 7
0 -50.0 50
1 -50.0 50
2 -38.0 38
3 -50.0 50
4 -43.0 43
5 -30.0 30
6 -37.0 37
7 -39.0 39
8 -20.0 20
9 -34.0 34
10 -18.0 18
11 -13.0 13
12 -9.0 9
13 -7.0 7
14 -8.0 8
15 -13.0 13
16 -25.0 25
17 -16.0 16
18 -8.0 8
19 -7.0 7
20 -7.0 7
21 -7.0 7
22 -8.0 8
23 -7.0 7
24 -7.0 7
25 -7.0 7
26 -7.0 7
27 -7.0 7
28 -7.0 7
29 -7.0 7
0 -50.0 50
1 -50.0 50
2 -44.0 44
3 -34.0 34
4 -34.0 34
5 -39.0 39
6 -50.0 50
7 -23.0 23
8 -13.0 13
9 -12.0 12
10 -7.0 7
11 -10.0 10
12 -50.0 50
13 -50.0 50
14 -18.0 18
15 -11.0 11
16 -18.0 18
17 -9.0 9
18 -9.0 9
19 -10.0 10
20 -10.0 10
21 -10.0 10
22 -7.0 7
23 -7.0 7
24 -8.0 8
25 -9.0 9
26 -11.0 11
27 -7.0 7
28 -7.0 7
29 -7.0 7
0 -50.0 50
1 -50.0 50
2 -13.0 13
3 -50.0 50
4 -50.0 50
5 -34.0 34
6 -39.0 39
7 -18.0 18
8 -24.0 24
9 -18.0 18
10 -50.0 50
11 -32.0 32
12 -19.0 19
13 -22.0 22
14 -16.0 16
15 -15.0 15
16 -11.0 11
17 -21.0 21
18 -21.0 21
19 -14.0 14
20 -7.0 7
21 -7.0 7
22 -8.0 8
23 -7.0 7
24 -7.0 7
25 -7.0 7
26 -7.0 7
27 -7.0 7
28 -7.0 7
29 -7.0 7
0 -50.0 50
1 -50.0 50
2 -49.0 49
3 -25.0 25
4 -50.0 50
5 -34.0 34
6 -31.0 31
7 -13.0 13
8 -12.0 12
9 -13.0 13
10 -14.0 14
11 -10.0 10
12 -15.0 15
13 -50.0 50
14 -26.0 26
15 -28.0 28
16 -18.0 18
17 -7.0 7
18 -7.0 7
19 -9.0 9
20 -19.0 19
21 -7.0 7
22 -8.0 8
23 -7.0 7
24 -7.0 7
25 -9.0 9
26 -7.0 7
27 -7.0 7
28 -7.0 7
29 -7.0 7
0 -35.0 35
1 -50.0 50
2 -50.0 50
3 -37.0 37
4 -50.0 50
5 -50.0 50
6 -50.0 50
7 -24.0 24
8 -20.0 20
9 -10.0 10
10 -10.0 10
11 -14.0 14
12 -10.0 10
13 -13.0 13
14 -9.0 9
15 -7.0 7
16 -10.0 10
17 -9.0 9
18 -13.0 13
19 -8.0 8
20 -12.0 12
21 -10.0 10
22 -7.0 7
23 -7.0 7
24 -8.0 8
25 -7.0 7
26 -8.0 8
27 -7.0 7
28 -7.0 7
29 -7.0 7
0 -17.0 17
1 -50.0 50
2 -50.0 50
3 -37.0 37
4 -40.0 40
5 -50.0 50
6 -25.0 25
7 -34.0 34
8 -41.0 41
9 -14.0 14
10 -40.0 40
11 -50.0 50
12 -28.0 28
13 -11.0 11
14 -7.0 7
15 -8.0 8
16 -9.0 9
17 -7.0 7
18 -7.0 7
19 -7.0 7
20 -8.0 8
21 -7.0 7
22 -9.0 9
23 -8.0 8
24 -8.0 8
25 -9.0 9
26 -7.0 7
27 -7.0 7
28 -7.0 7
29 -7.0 7
0 -50.0 50
1 -50.0 50
2 -50.0 50
3 -15.0 15
4 -25.0 25
5 -50.0 50
6 -22.0 22
7 -50.0 50
8 -25.0 25
9 -12.0 12
10 -35.0 35
11 -50.0 50
12 -50.0 50
13 -15.0 15
14 -11.0 11
15 -11.0 11
16 -13.0 13
17 -13.0 13
18 -9.0 9
19 -7.0 7
20 -7.0 7
21 -8.0 8
22 -8.0 8
23 -10.0 10
24 -7.0 7
25 -7.0 7
26 -7.0 7
27 -7.0 7
28 -7.0 7
29 -7.0 7
0 -50.0 50
1 -50.0 50
2 -50.0 50
3 -28.0 28
4 -40.0 40
5 -42.0 42
6 -50.0 50
7 -50.0 50
8 -35.0 35
9 -22.0 22
10 -13.0 13
11 -13.0 13
12 -13.0 13
13 -11.0 11
14 -8.0 8
15 -7.0 7
16 -22.0 22
17 -14.0 14
18 -10.0 10
19 -9.0 9
20 -12.0 12
21 -17.0 17
22 -7.0 7
23 -7.0 7
24 -8.0 8
25 -7.0 7
26 -7.0 7
27 -7.0 7
28 -7.0 7
29 -7.0 7
0 -50.0 50
1 -41.0 41
2 -50.0 50
3 -35.0 35
4 -50.0 50
5 -50.0 50
6 -13.0 13
7 -13.0 13
8 -13.0 13
9 -28.0 28
10 -7.0 7
11 -10.0 10
12 -7.0 7
13 -8.0 8
14 -7.0 7
15 -7.0 7
16 -9.0 9
17 -7.0 7
18 -8.0 8
19 -9.0 9
20 -7.0 7
21 -7.0 7
22 -7.0 7
23 -10.0 10
24 -7.0 7
25 -10.0 10
26 -13.0 13
27 -7.0 7
28 -7.0 7
29 -7.0 7
0 -50.0 50
1 -50.0 50
2 -50.0 50
3 -29.0 29
4 -20.0 20
5 -50.0 50
6 -50.0 50
7 -46.0 46
8 -18.0 18
9 -29.0 29
10 -7.0 7
11 -10.0 10
12 -16.0 16
13 -8.0 8
14 -9.0 9
15 -7.0 7
16 -7.0 7
17 -8.0 8
18 -8.0 8
19 -7.0 7
20 -9.0 9
21 -8.0 8
22 -8.0 8
23 -7.0 7
24 -7.0 7
25 -7.0 7
26 -7.0 7
27 -7.0 7
28 -7.0 7
29 -7.0 7
0 -50.0 50
1 -47.0 47
2 -50.0 50
3 -29.0 29
4 -50.0 50
5 -36.0 36
6 -50.0 50
7 -28.0 28
8 -34.0 34
9 -21.0 21
10 -12.0 12
11 -7.0 7
12 -7.0 7
13 -7.0 7
14 -11.0 11
15 -19.0 19
16 -12.0 12
17 -13.0 13
18 -8.0 8
19 -8.0 8
20 -9.0 9
21 -8.0 8
22 -7.0 7
23 -7.0 7
24 -7.0 7
25 -8.0 8
26 -7.0 7
27 -7.0 7
28 -7.0 7
29 -7.0 7
0 -50.0 50
1 -50.0 50
2 -30.0 30
3 -50.0 50
4 -22.0 22
5 -50.0 50
6 -50.0 50
7 -32.0 32
8 -22.0 22
9 -11.0 11
10 -7.0 7
11 -18.0 18
12 -8.0 8
13 -9.0 9
14 -17.0 17
15 -7.0 7
16 -10.0 10
17 -12.0 12
18 -19.0 19
19 -7.0 7
20 -7.0 7
21 -7.0 7
22 -7.0 7
23 -7.0 7
24 -7.0 7
25 -7.0 7
26 -7.0 7
27 -7.0 7
28 -7.0 7
29 -7.0 7
0 -31.0 31
1 -50.0 50
2 -50.0 50
3 -42.0 42
4 -35.0 35
5 -36.0 36
6 -50.0 50
7 -47.0 47
8 -14.0 14
9 -21.0 21
10 -36.0 36
11 -12.0 12
12 -20.0 20
13 -15.0 15
14 -8.0 8
15 -10.0 10
16 -9.0 9
17 -8.0 8
18 -7.0 7
19 -10.0 10
20 -13.0 13
21 -7.0 7
22 -7.0 7
23 -9.0 9
24 -7.0 7
25 -10.0 10
26 -7.0 7
27 -7.0 7
28 -7.0 7
29 -7.0 7
0 -50.0 50
1 -50.0 50
2 -47.0 47
3 -50.0 50
4 -44.0 44
5 -30.0 30
6 -50.0 50
7 -12.0 12
8 -12.0 12
9 -19.0 19
10 -12.0 12
11 -16.0 16
12 -11.0 11
13 -14.0 14
14 -8.0 8
15 -7.0 7
16 -9.0 9
17 -8.0 8
18 -8.0 8
19 -15.0 15
20 -10.0 10
21 -12.0 12
22 -7.0 7
23 -7.0 7
24 -7.0 7
25 -7.0 7
26 -9.0 9
27 -7.0 7
28 -7.0 7
29 -7.0 7
0 -50.0 50
1 -50.0 50
2 -47.0 47
3 -27.0 27
4 -40.0 40
5 -50.0 50
6 -15.0 15
7 -9.0 9
8 -13.0 13
9 -50.0 50
10 -36.0 36
11 -17.0 17
12 -10.0 10
13 -11.0 11
14 -7.0 7
15 -8.0 8
16 -7.0 7
17 -7.0 7
18 -9.0 9
19 -10.0 10
20 -7.0 7
21 -8.0 8
22 -7.0 7
23 -9.0 9
24 -8.0 8
25 -7.0 7
26 -7.0 7
27 -7.0 7
28 -7.0 7
29 -7.0 7
0 -50.0 50
1 -50.0 50
2 -50.0 50
3 -26.0 26
4 -30.0 30
5 -31.0 31
6 -50.0 50
7 -50.0 50
8 -50.0 50
9 -41.0 41
10 -13.0 13
11 -9.0 9
12 -7.0 7
13 -7.0 7
14 -9.0 9
15 -9.0 9
16 -18.0 18
17 -13.0 13
18 -17.0 17
19 -11.0 11
20 -10.0 10
21 -10.0 10
22 -11.0 11
23 -7.0 7
24 -7.0 7
25 -7.0 7
26 -7.0 7
27 -7.0 7
28 -7.0 7
29 -7.0 7
0 -50.0 50
1 -50.0 50
2 -50.0 50
3 -28.0 28
4 -50.0 50
5 -27.0 27
6 -29.0 29
7 -39.0 39
8 -50.0 50
9 -13.0 13
10 -15.0 15
11 -12.0 12
12 -13.0 13
13 -14.0 14
14 -7.0 7
15 -9.0 9
16 -7.0 7
17 -9.0 9
18 -8.0 8
19 -15.0 15
20 -12.0 12
21 -7.0 7
22 -7.0 7
23 -8.0 8
24 -7.0 7
25 -11.0 11
26 -15.0 15
27 -14.0 14
28 -7.0 7
29 -7.0 7
0 -50.0 50
1 -17.0 17
2 -50.0 50
3 -50.0 50
4 -23.0 23
5 -50.0 50
6 -16.0 16
7 -14.0 14
8 -27.0 27
9 -13.0 13
10 -18.0 18
11 -47.0 47
12 -12.0 12
13 -19.0 19
14 -22.0 22
15 -18.0 18
16 -10.0 10
17 -12.0 12
18 -10.0 10
19 -16.0 16
20 -10.0 10
21 -8.0 8
22 -7.0 7
23 -7.0 7
24 -9.0 9
25 -7.0 7
26 -7.0 7
27 -7.0 7
28 -7.0 7
29 -7.0 7
0 -50.0 50
1 -50.0 50
2 -50.0 50
3 -50.0 50
4 -20.0 20
5 -50.0 50
6 -31.0 31
7 -20.0 20
8 -26.0 26
9 -50.0 50
10 -17.0 17
11 -9.0 9
12 -9.0 9
13 -7.0 7
14 -8.0 8
15 -7.0 7
16 -18.0 18
17 -13.0 13
18 -8.0 8
19 -8.0 8
20 -19.0 19
21 -7.0 7
22 -8.0 8
23 -10.0 10
24 -7.0 7
25 -7.0 7
26 -7.0 7
27 -8.0 8
28 -7.0 7
29 -9.0 9
0 -50.0 50
1 -50.0 50
2 -45.0 45
3 -36.0 36
4 -50.0 50
5 -27.0 27
6 -19.0 19
7 -22.0 22
8 -50.0 50
9 -21.0 21
10 -13.0 13
11 -15.0 15
12 -10.0 10
13 -11.0 11
14 -9.0 9
15 -7.0 7
16 -9.0 9
17 -10.0 10
18 -14.0 14
19 -11.0 11
20 -11.0 11
21 -7.0 7
22 -9.0 9
23 -7.0 7
24 -7.0 7
25 -9.0 9
26 -7.0 7
27 -7.0 7
28 -7.0 7
29 -7.0 7
