
0 -50.0 50
3 -50.0 50
0 -50.0 50
3 -50.0 50
0 -50.0 50
3 -50.0 50
0 -50.0 50
3 -7.0 7
0 -50.0 50
3 -50.0 50
0 -50.0 50
3 -7.0 7
0 -50.0 50
3 -50.0 50
0 -50.0 50
3 -50.0 50
0 -50.0 50
3 -7.0 7
0 -50.0 50
3 -50.0 50
0 -50.0 50
3 -50.0 50
0 -50.0 50
3 -50.0 50
0 -50.0 50
3 -50.0 50
0 -50.0 50
3 -50.0 50
0 -50.0 50
3 -7.0 7
0 -50.0 50
3 -50.0 50
0 -50.0 50
3 -50.0 50
0 -50.0 50
3 -50.0 50
0 -50.0 50
3 -50.0 50
0 -50.0 50
3 -50.0 50
0 -50.0 50
3 -50.0 50
0 -50.0 50
3 -50.0 50
0 -50.0 50
3 -50.0 50
0 -50.0 50
3 -50.0 50
0 -50.0 50
3 -50.0 50
0 -50.0 50
3 -50.0 50
0 -50.0 50
3 -7.0 7
0 -50.0 50
3 -7.0 7
0 -50.0 50
3 -50.0 50
0 -50.0 50
3 -50.0 50
0 -50.0 50
3 -50.0 50
0 -50.0 50
3 -50.0 50
0 -50.0 50
3 -50.0 50
0 -50.0 50
3 -50.0 50
0 -50.0 50
3 -50.0 50
0 -50.0 50
3 -7.0 7
0 -50.0 50
3 -50.0 50
0 -50.0 50
3 -50.0 50
0 -50.0 50
3 -50.0 50
0 -50.0 50
3 -50.0 50