0 -50.0 50
1 -35.0 35
2 -50.0 50
3 -50.0 50
4 -50.0 50
5 -31.0 31
6 -50.0 50
7 -39.0 39
8 -16.0 16
9 -12.0 12
10 -13.0 13
11 -22.0 22
12 -16.0 16
13 -13.0 13
14 -20.0 20
15 -18.0 18
16 -31.0 31
17 -11.0 11
18 -8.0 8
19 -7.0 7
20 -8.0 8
21 -8.0 8
22 -7.0 7
23 -9.0 9
24 -11.0 11
25 -7.0 7
26 -7.0 7
27 -7.0 7
0 -50.0 50
1 -50.0 50
2 -50.0 50
3 -50.0 50
4 -24.0 24
5 -25.0 25
6 -37.0 37
7 -45.0 45
8 -27.0 27
9 -19.0 19
10 -12.0 12
11 -7.0 7
12 -7.0 7
13 -7.0 7
14 -7.0 7
15 -8.0 8
16 -11.0 11
17 -7.0 7
18 -7.0 7
19 -7.0 7
20 -7.0 7
21 -7.0 7
22 -8.0 8
23 -8.0 8
24 -7.0 7
25 -7.0 7
26 -7.0 7
27 -7.0 7
0 -50.0 50
1 -50.0 50
2 -36.0 36
3 -50.0 50
4 -30.0 30
5 -50.0 50
6 -50.0 50
7 -44.0 44
8 -26.0 26
9 -12.0 12
10 -24.0 24
11 -44.0 44
12 -10.0 10
13 -7.0 7
14 -9.0 9
15 -7.0 7
16 -8.0 8
17 -7.0 7
18 -8.0 8
19 -10.0 10
20 -9.0 9
21 -7.0 7
22 -7.0 7
23 -7.0 7
24 -7.0 7
25 -7.0 7
26 -7.0 7
27 -7.0 7
0 -42.0 42
1 -50.0 50
2 -50.0 50
3 -50.0 50
4 -32.0 32
5 -50.0 50
6 -50.0 50
7 -15.0 15
8 -14.0 14
9 -27.0 27
10 -13.0 13
11 -11.0 11
12 -11.0 11
13 -10.0 10
14 -10.0 10
15 -18.0 18
16 -7.0 7
17 -7.0 7
18 -28.0 28
19 -10.0 10
20 -11.0 11
21 -9.0 9
22 -14.0 14
23 -32.0 32
24 -10.0 10
25 -7.0 7
26 -7.0 7
27 -7.0 7
0 -50.0 50
1 -27.0 27
2 -50.0 50
3 -40.0 40
4 -50.0 50
5 -32.0 32
6 -35.0 35
7 -17.0 17
8 -19.0 19
9 -7.0 7
10 -15.0 15
11 -18.0 18
12 -11.0 11
13 -38.0 38
14 -15.0 15
15 -7.0 7
16 -8.0 8
17 -7.0 7
18 -7.0 7
19 -8.0 8
20 -7.0 7
21 -7.0 7
22 -8.0 8
23 -7.0 7
24 -7.0 7
25 -7.0 7
26 -7.0 7
27 -7.0 7
0 -50.0 50
1 -41.0 41
2 -50.0 50
3 -50.0 50
4 -50.0 50
5 -50.0 50
6 -26.0 26
7 -13.0 13
8 -7.0 7
9 -9.0 9
10 -11.0 11
11 -9.0 9
12 -10.0 10
13 -10.0 10
14 -12.0 12
15 -16.0 16
16 -15.0 15
17 -11.0 11
18 -8.0 8
19 -8.0 8
20 -7.0 7
21 -7.0 7
22 -7.0 7
23 -7.0 7
24 -7.0 7
25 -7.0 7
26 -7.0 7
27 -7.0 7
0 -50.0 50
1 -50.0 50
2 -50.0 50
3 -41.0 41
4 -50.0 50
5 -34.0 34
6 -21.0 21
7 -21.0 21
8 -16.0 16
9 -22.0 22
10 -28.0 28
11 -34.0 34
12 -43.0 43
13 -36.0 36
14 -37.0 37
15 -17.0 17
16 -12.0 12
17 -10.0 10
18 -11.0 11
19 -12.0 12
20 -12.0 12
21 -11.0 11
22 -9.0 9
23 -10.0 10
24 -9.0 9
25 -7.0 7
26 -7.0 7
27 -7.0 7
0 -48.0 48
1 -50.0 50
2 -50.0 50
3 -50.0 50
4 -22.0 22
5 -28.0 28
6 -50.0 50
7 -18.0 18
8 -17.0 17
9 -18.0 18
10 -31.0 31
11 -47.0 47
12 -9.0 9
13 -20.0 20
14 -11.0 11
15 -7.0 7
16 -9.0 9
17 -9.0 9
18 -7.0 7
19 -7.0 7
20 -7.0 7
21 -9.0 9
22 -7.0 7
23 -9.0 9
24 -11.0 11
25 -9.0 9
26 -7.0 7
27 -7.0 7
0 -50.0 50
1 -35.0 35
2 -50.0 50
3 -50.0 50
4 -31.0 31
5 -50.0 50
6 -33.0 33
7 -34.0 34
8 -50.0 50
9 -20.0 20
10 -17.0 17
11 -7.0 7
12 -9.0 9
13 -11.0 11
14 -10.0 10
15 -11.0 11
16 -8.0 8
17 -8.0 8
18 -8.0 8
19 -17.0 17
20 -29.0 29
21 -20.0 20
22 -7.0 7
23 -7.0 7
24 -7.0 7
25 -7.0 7
26 -9.0 9
27 -7.0 7
0 -36.0 36
1 -50.0 50
2 -50.0 50
3 -50.0 50
4 -50.0 50
5 -20.0 20
6 -31.0 31
7 -50.0 50
8 -28.0 28
9 -22.0 22
10 -12.0 12
11 -10.0 10
12 -9.0 9
13 -9.0 9
14 -8.0 8
15 -8.0 8
16 -20.0 20
17 -7.0 7
18 -7.0 7
19 -7.0 7
20 -8.0 8
21 -8.0 8
22 -7.0 7
23 -10.0 10
24 -7.0 7
25 -7.0 7
26 -7.0 7
27 -7.0 7
0 -50.0 50
1 -50.0 50
2 -45.0 45
3 -37.0 37
4 -50.0 50
5 -27.0 27
6 -50.0 50
7 -50.0 50
8 -28.0 28
9 -18.0 18
10 -7.0 7
11 -8.0 8
12 -7.0 7
13 -8.0 8
14 -7.0 7
15 -7.0 7
16 -9.0 9
17 -16.0 16
18 -17.0 17
19 -7.0 7
20 -7.0 7
21 -8.0 8
22 -7.0 7
23 -7.0 7
24 -11.0 11
25 -7.0 7
26 -7.0 7
27 -7.0 7
0 -50.0 50
1 -50.0 50
2 -40.0 40
3 -36.0 36
4 -40.0 40
5 -49.0 49
6 -24.0 24
7 -35.0 35
8 -22.0 22
9 -19.0 19
10 -19.0 19
11 -12.0 12
12 -10.0 10
13 -11.0 11
14 -9.0 9
15 -9.0 9
16 -49.0 49
17 -11.0 11
18 -8.0 8
19 -14.0 14
20 -9.0 9
21 -7.0 7
22 -8.0 8
23 -10.0 10
24 -7.0 7
25 -7.0 7
26 -7.0 7
27 -7.0 7
0 -50.0 50
1 -50.0 50
2 -50.0 50
3 -47.0 47
4 -50.0 50
5 -10.0 10
6 -16.0 16
7 -50.0 50
8 -28.0 28
9 -18.0 18
10 -12.0 12
11 -12.0 12
12 -24.0 24
13 -16.0 16
14 -16.0 16
15 -15.0 15
16 -10.0 10
17 -7.0 7
18 -8.0 8
19 -8.0 8
20 -8.0 8
21 -9.0 9
22 -10.0 10
23 -7.0 7
24 -7.0 7
25 -7.0 7
26 -12.0 12
27 -9.0 9
0 -50.0 50
1 -50.0 50
2 -50.0 50
3 -21.0 21
4 -50.0 50
5 -32.0 32
6 -22.0 22
7 -50.0 50
8 -50.0 50
9 -36.0 36
10 -13.0 13
11 -8.0 8
12 -10.0 10
13 -7.0 7
14 -11.0 11
15 -13.0 13
16 -8.0 8
17 -13.0 13
18 -8.0 8
19 -10.0 10
20 -11.0 11
21 -8.0 8
22 -7.0 7
23 -7.0 7
24 -7.0 7
25 -7.0 7
26 -7.0 7
27 -7.0 7
0 -50.0 50
1 -50.0 50
2 -50.0 50
3 -20.0 20
4 -19.0 19
5 -46.0 46
6 -39.0 39
7 -34.0 34
8 -50.0 50
9 -50.0 50
10 -18.0 18
11 -13.0 13
12 -18.0 18
13 -25.0 25
14 -25.0 25
15 -16.0 16
16 -14.0 14
17 -11.0 11
18 -10.0 10
19 -11.0 11
20 -11.0 11
21 -15.0 15
22 -7.0 7
23 -7.0 7
24 -7.0 7
25 -7.0 7
26 -7.0 7
27 -7.0 7
0 -50.0 50
1 -40.0 40
2 -33.0 33
3 -50.0 50
4 -50.0 50
5 -32.0 32
6 -20.0 20
7 -50.0 50
8 -34.0 34
9 -13.0 13
10 -20.0 20
11 -43.0 43
12 -7.0 7
13 -17.0 17
14 -10.0 10
15 -10.0 10
16 -10.0 10
17 -7.0 7
18 -7.0 7
19 -8.0 8
20 -11.0 11
21 -15.0 15
22 -7.0 7
23 -8.0 8
24 -7.0 7
25 -7.0 7
26 -7.0 7
27 -7.0 7
0 -50.0 50
1 -50.0 50
2 -35.0 35
3 -50.0 50
4 -22.0 22
5 -50.0 50
6 -25.0 25
7 -45.0 45
8 -27.0 27
9 -50.0 50
10 -24.0 24
11 -10.0 10
12 -7.0 7
13 -7.0 7
14 -7.0 7
15 -8.0 8
16 -7.0 7
17 -17.0 17
18 -15.0 15
19 -10.0 10
20 -8.0 8
21 -33.0 33
22 -18.0 18
23 -7.0 7
24 -7.0 7
25 -7.0 7
26 -7.0 7
27 -7.0 7
0 -50.0 50
1 -23.0 23
2 -50.0 50
3 -48.0 48
4 -50.0 50
5 -50.0 50
6 -17.0 17
7 -12.0 12
8 -21.0 21
9 -17.0 17
10 -7.0 7
11 -17.0 17
12 -9.0 9
13 -7.0 7
14 -8.0 8
15 -9.0 9
16 -9.0 9
17 -7.0 7
18 -13.0 13
19 -15.0 15
20 -17.0 17
21 -7.0 7
22 -9.0 9
23 -7.0 7
24 -7.0 7
25 -7.0 7
26 -7.0 7
27 -7.0 7
0 -50.0 50
1 -50.0 50
2 -50.0 50
3 -28.0 28
4 -50.0 50
5 -34.0 34
6 -50.0 50
7 -40.0 40
8 -18.0 18
9 -46.0 46
10 -20.0 20
11 -12.0 12
12 -12.0 12
13 -13.0 13
14 -13.0 13
15 -10.0 10
16 -10.0 10
17 -10.0 10
18 -9.0 9
19 -7.0 7
20 -7.0 7
21 -8.0 8
22 -12.0 12
23 -7.0 7
24 -7.0 7
25 -7.0 7
26 -7.0 7
27 -7.0 7
0 -50.0 50
1 -50.0 50
2 -50.0 50
3 -50.0 50
4 -26.0 26
5 -23.0 23
6 -22.0 22
7 -28.0 28
8 -35.0 35
9 -11.0 11
10 -9.0 9
11 -10.0 10
12 -15.0 15
13 -12.0 12
14 -10.0 10
15 -9.0 9
16 -14.0 14
17 -11.0 11
18 -8.0 8
19 -7.0 7
20 -8.0 8
21 -7.0 7
22 -7.0 7
23 -7.0 7
24 -8.0 8
25 -9.0 9
26 -7.0 7
27 -7.0 7
0 -20.0 20
1 -50.0 50
2 -50.0 50
3 -50.0 50
4 -50.0 50
5 -23.0 23
6 -37.0 37
7 -50.0 50
8 -50.0 50
9 -11.0 11
10 -10.0 10
11 -15.0 15
12 -10.0 10
13 -7.0 7
14 -7.0 7
15 -7.0 7
16 -8.0 8
17 -12.0 12
18 -10.0 10
19 -10.0 10
20 -7.0 7
21 -10.0 10
22 -12.0 12
23 -9.0 9
24 -7.0 7
25 -7.0 7
26 -7.0 7
27 -7.0 7
0 -50.0 50
1 -50.0 50
2 -50.0 50
3 -20.0 20
4 -50.0 50
5 -31.0 31
6 -50.0 50
7 -28.0 28
8 -23.0 23
9 -16.0 16
10 -7.0 7
11 -7.0 7
12 -11.0 11
13 -8.0 8
14 -8.0 8
15 -8.0 8
16 -8.0 8
17 -11.0 11
18 -20.0 20
19 -12.0 12
20 -8.0 8
21 -8.0 8
22 -9.0 9
23 -10.0 10
24 -7.0 7
25 -7.0 7
26 -7.0 7
27 -7.0 7
0 -50.0 50
1 -50.0 50
2 -50.0 50
3 -50.0 50
4 -26.0 26
5 -26.0 26
6 -38.0 38
7 -32.0 32
8 -50.0 50
9 -20.0 20
10 -18.0 18
11 -31.0 31
12 -10.0 10
13 -11.0 11
14 -13.0 13
15 -10.0 10
16 -9.0 9
17 -8.0 8
18 -7.0 7
19 -7.0 7
20 -7.0 7
21 -7.0 7
22 -7.0 7
23 -10.0 10
24 -7.0 7
25 -7.0 7
26 -8.0 8
27 -7.0 7
0 -50.0 50
1 -39.0 39
2 -50.0 50
3 -43.0 43
4 -50.0 50
5 -46.0 46
6 -50.0 50
7 -24.0 24
8 -27.0 27
9 -40.0 40
10 -25.0 25
11 -15.0 15
12 -7.0 7
13 -7.0 7
14 -8.0 8
15 -9.0 9
16 -10.0 10
17 -16.0 16
18 -10.0 10
19 -13.0 13
20 -16.0 16
21 -12.0 12
22 -8.0 8
23 -9.0 9
24 -7.0 7
25 -7.0 7
26 -7.0 7
27 -7.0 7
0 -50.0 50
1 -50.0 50
2 -50.0 50
3 -27.0 27
4 -47.0 47
5 -50.0 50
6 -14.0 14
7 -50.0 50
8 -13.0 13
9 -40.0 40
10 -27.0 27
11 -13.0 13
12 -9.0 9
13 -7.0 7
14 -9.0 9
15 -13.0 13
16 -7.0 7
17 -7.0 7
18 -7.0 7
19 -11.0 11
20 -9.0 9
21 -13.0 13
22 -15.0 15
23 -7.0 7
24 -7.0 7
25 -7.0 7
26 -7.0 7
27 -7.0 7
0 -34.0 34
1 -50.0 50
2 -34.0 34
3 -50.0 50
4 -50.0 50
5 -50.0 50
6 -50.0 50
7 -15.0 15
8 -31.0 31
9 -8.0 8
10 -24.0 24
11 -10.0 10
12 -14.0 14
13 -7.0 7
14 -7.0 7
15 -8.0 8
16 -7.0 7
17 -7.0 7
18 -9.0 9
19 -7.0 7
20 -9.0 9
21 -15.0 15
22 -22.0 22
23 -7.0 7
24 -7.0 7
25 -7.0 7
26 -7.0 7
27 -7.0 7
0 -50.0 50
1 -50.0 50
2 -50.0 50
3 -50.0 50
4 -50.0 50
5 -23.0 23
6 -15.0 15
7 -25.0 25
8 -22.0 22
9 -36.0 36
10 -23.0 23
11 -7.0 7
12 -8.0 8
13 -7.0 7
14 -7.0 7
15 -10.0 10
16 -12.0 12
17 -7.0 7
18 -10.0 10
19 -7.0 7
20 -7.0 7
21 -7.0 7
22 -7.0 7
23 -7.0 7
24 -7.0 7
25 -7.0 7
26 -7.0 7
27 -7.0 7
0 -40.0 40
1 -50.0 50
2 -50.0 50
3 -50.0 50
4 -33.0 33
5 -26.0 26
6 -16.0 16
7 -8.0 8
8 -19.0 19
9 -7.0 7
10 -50.0 50
11 -30.0 30
12 -34.0 34
13 -14.0 14
14 -13.0 13
15 -10.0 10
16 -11.0 11
17 -11.0 11
18 -15.0 15
19 -7.0 7
20 -7.0 7
21 -8.0 8
22 -7.0 7
23 -7.0 7
24 -7.0 7
25 -7.0 7
26 -7.0 7
27 -7.0 7
0 -35.0 35
1 -50.0 50
2 -50.0 50
3 -44.0 44
4 -50.0 50
5 -35.0 35
6 -23.0 23
7 -24.0 24
8 -22.0 22
9 -32.0 32
10 -32.0 32
11 -12.0 12
12 -15.0 15
13 -7.0 7
14 -28.0 28
15 -13.0 13
16 -7.0 7
17 -8.0 8
18 -7.0 7
19 -7.0 7
20 -8.0 8
21 -7.0 7
22 -9.0 9
23 -7.0 7
24 -7.0 7
25 -7.0 7
26 -7.0 7
27 -7.0 7
0 -50.0 50
1 -50.0 50
2 -38.0 38
3 -22.0 22
4 -50.0 50
5 -50.0 50
6 -50.0 50
7 -43.0 43
8 -19.0 19
9 -14.0 14
10 -7.0 7
11 -7.0 7
12 -7.0 7
13 -9.0 9
14 -9.0 9
15 -14.0 14
16 -12.0 12
17 -11.0 11
18 -7.0 7
19 -8.0 8
20 -7.0 7
21 -8.0 8
22 -8.0 8
23 -8.0 8
24 -7.0 7
25 -7.0 7
26 -7.0 7
27 -7.0 7
0 -34.0 34
1 -50.0 50
2 -50.0 50
3 -34.0 34
4 -50.0 50
5 -27.0 27
6 -30.0 30
7 -23.0 23
8 -18.0 18
9 -15.0 15
10 -9.0 9
11 -7.0 7
12 -8.0 8
13 -7.0 7
14 -50.0 50
15 -16.0 16
16 -8.0 8
17 -10.0 10
18 -9.0 9
19 -24.0 24
20 -7.0 7
21 -11.0 11
22 -7.0 7
23 -7.0 7
24 -8.0 8
25 -7.0 7
26 -7.0 7
27 -7.0 7
0 -50.0 50
1 -50.0 50
2 -25.0 25
3 -41.0 41
4 -50.0 50
5 -24.0 24
6 -32.0 32
7 -50.0 50
8 -46.0 46
9 -21.0 21
10 -17.0 17
11 -10.0 10
12 -10.0 10
13 -10.0 10
14 -42.0 42
15 -9.0 9
16 -14.0 14
17 -7.0 7
18 -9.0 9
19 -7.0 7
20 -8.0 8
21 -12.0 12
22 -8.0 8
23 -7.0 7
24 -7.0 7
25 -7.0 7
26 -7.0 7
27 -7.0 7
0 -27.0 27
1 -50.0 50
2 -50.0 50
3 -50.0 50
4 -44.0 44
5 -41.0 41
6 -39.0 39
7 -37.0 37
8 -31.0 31
9 -21.0 21
10 -19.0 19
11 -31.0 31
12 -14.0 14
13 -11.0 11
14 -11.0 11
15 -18.0 18
16 -10.0 10
17 -9.0 9
18 -10.0 10
19 -9.0 9
20 -7.0 7
21 -7.0 7
22 -7.0 7
23 -7.0 7
24 -7.0 7
25 -7.0 7
26 -7.0 7
27 -7.0 7
0 -50.0 50
1 -38.0 38
2 -50.0 50
3 -50.0 50
4 -50.0 50
5 -37.0 37
6 -23.0 23
7 -15.0 15
8 -37.0 37
9 -36.0 36
10 -16.0 16
11 -11.0 11
12 -9.0 9
13 -9.0 9
14 -10.0 10
15 -14.0 14
16 -22.0 22
17 -17.0 17
18 -12.0 12
19 -11.0 11
20 -7.0 7
21 -7.0 7
22 -7.0 7
23 -8.0 8
24 -7.0 7
25 -7.0 7
26 -7.0 7
27 -7.0 7
0 -50.0 50
1 -50.0 50
2 -38.0 38
3 -50.0 50
4 -39.0 39
5 -26.0 26
6 -50.0 50
7 -50.0 50
8 -22.0 22
9 -8.0 8
10 -11.0 11
11 -9.0 9
12 -9.0 9
13 -9.0 9
14 -7.0 7
15 -11.0 11
16 -9.0 9
17 -10.0 10
18 -7.0 7
19 -10.0 10
20 -12.0 12
21 -14.0 14
22 -10.0 10
23 -9.0 9
24 -7.0 7
25 -7.0 7
26 -7.0 7
27 -7.0 7
0 -50.0 50
1 -50.0 50
2 -50.0 50
3 -42.0 42
4 -50.0 50
5 -50.0 50
6 -26.0 26
7 -49.0 49
8 -15.0 15
9 -18.0 18
10 -20.0 20
11 -9.0 9
12 -9.0 9
13 -8.0 8
14 -17.0 17
15 -16.0 16
16 -8.0 8
17 -7.0 7
18 -7.0 7
19 -7.0 7
20 -7.0 7
21 -7.0 7
22 -7.0 7
23 -7.0 7
24 -7.0 7
25 -7.0 7
26 -9.0 9
27 -7.0 7
0 -50.0 50
1 -31.0 31
2 -50.0 50
3 -50.0 50
4 -50.0 50
5 -19.0 19
6 -28.0 28
7 -25.0 25
8 -50.0 50
9 -35.0 35
10 -50.0 50
11 -17.0 17
12 -8.0 8
13 -14.0 14
14 -16.0 16
15 -14.0 14
16 -7.0 7
17 -7.0 7
18 -7.0 7
19 -7.0 7
20 -7.0 7
21 -13.0 13
22 -7.0 7
23 -8.0 8
24 -8.0 8
25 -7.0 7
26 -7.0 7
27 -7.0 7
0 -50.0 50
1 -50.0 50
2 -50.0 50
3 -47.0 47
4 -50.0 50
5 -25.0 25
6 -12.0 12
7 -9.0 9
8 -20.0 20
9 -21.0 21
10 -50.0 50
11 -21.0 21
12 -10.0 10
13 -11.0 11
14 -9.0 9
15 -9.0 9
16 -7.0 7
17 -17.0 17
18 -21.0 21
19 -7.0 7
20 -7.0 7
21 -7.0 7
22 -15.0 15
23 -7.0 7
24 -7.0 7
25 -7.0 7
26 -7.0 7
27 -7.0 7
0 -50.0 50
1 -50.0 50
2 -39.0 39
3 -50.0 50
4 -37.0 37
5 -50.0 50
6 -31.0 31
7 -48.0 48
8 -30.0 30
9 -22.0 22
10 -9.0 9
11 -7.0 7
12 -7.0 7
13 -7.0 7
14 -7.0 7
15 -7.0 7
16 -9.0 9
17 -8.0 8
18 -8.0 8
19 -7.0 7
20 -7.0 7
21 -9.0 9
22 -7.0 7
23 -7.0 7
24 -7.0 7
25 -7.0 7
26 -7.0 7
27 -7.0 7
0 -50.0 50
1 -30.0 30
2 -50.0 50
3 -27.0 27
4 -50.0 50
5 -50.0 50
6 -37.0 37
7 -50.0 50
8 -43.0 43
9 -18.0 18
10 -10.0 10
11 -8.0 8
12 -12.0 12
13 -9.0 9
14 -7.0 7
15 -8.0 8
16 -8.0 8
17 -7.0 7
18 -10.0 10
19 -7.0 7
20 -8.0 8
21 -9.0 9
22 -10.0 10
23 -10.0 10
24 -7.0 7
25 -7.0 7
26 -7.0 7
27 -7.0 7
