0 -50.0 50
1 -50.0 50
2 -50.0 50
3 -42.0 42
4 -21.0 21
5 -11.0 11
6 -7.0 7
7 -7.0 7
8 -7.0 7
9 -9.0 9
10 -7.0 7
11 -8.0 8
12 -7.0 7
13 -7.0 7
0 -50.0 50
1 -32.0 32
2 -44.0 44
3 -50.0 50
4 -9.0 9
5 -7.0 7
6 -7.0 7
7 -8.0 8
8 -7.0 7
9 -8.0 8
10 -8.0 8
11 -8.0 8
12 -7.0 7
13 -7.0 7
0 -50.0 50
1 -22.0 22
2 -50.0 50
3 -21.0 21
4 -10.0 10
5 -50.0 50
6 -12.0 12
7 -9.0 9
8 -7.0 7
9 -7.0 7
10 -7.0 7
11 -8.0 8
12 -7.0 7
13 -7.0 7
0 -50.0 50
1 -50.0 50
2 -37.0 37
3 -26.0 26
4 -13.0 13
5 -7.0 7
6 -14.0 14
7 -11.0 11
8 -7.0 7
9 -20.0 20
10 -16.0 16
11 -12.0 12
12 -8.0 8
13 -7.0 7
0 -50.0 50
1 -15.0 15
2 -48.0 48
3 -50.0 50
4 -15.0 15
5 -7.0 7
6 -18.0 18
7 -7.0 7
8 -8.0 8
9 -7.0 7
10 -7.0 7
11 -15.0 15
12 -7.0 7
13 -7.0 7
0 -50.0 50
1 -50.0 50
2 -47.0 47
3 -25.0 25
4 -9.0 9
5 -9.0 9
6 -8.0 8
7 -7.0 7
8 -9.0 9
9 -7.0 7
10 -7.0 7
11 -8.0 8
12 -7.0 7
13 -7.0 7
0 -50.0 50
1 -48.0 48
2 -23.0 23
3 -33.0 33
4 -50.0 50
5 -50.0 50
6 -19.0 19
7 -8.0 8
8 -7.0 7
9 -8.0 8
10 -7.0 7
11 -9.0 9
12 -7.0 7
13 -7.0 7
0 -50.0 50
1 -50.0 50
2 -50.0 50
3 -17.0 17
4 -7.0 7
5 -8.0 8
6 -7.0 7
7 -7.0 7
8 -7.0 7
9 -7.0 7
10 -7.0 7
11 -8.0 8
12 -7.0 7
13 -7.0 7
0 -36.0 36
1 -50.0 50
2 -26.0 26
3 -33.0 33
4 -50.0 50
5 -18.0 18
6 -50.0 50
7 -39.0 39
8 -41.0 41
9 -7.0 7
10 -13.0 13
11 -7.0 7
12 -7.0 7
13 -7.0 7
0 -50.0 50
1 -48.0 48
2 -50.0 50
3 -25.0 25
4 -16.0 16
5 -10.0 10
6 -7.0 7
7 -8.0 8
8 -7.0 7
9 -16.0 16
10 -7.0 7
11 -7.0 7
12 -7.0 7
13 -7.0 7
0 -50.0 50
1 -33.0 33
2 -15.0 15
3 -37.0 37
4 -50.0 50
5 -24.0 24
6 -37.0 37
7 -49.0 49
8 -50.0 50
9 -26.0 26
10 -9.0 9
11 -7.0 7
12 -7.0 7
13 -7.0 7
0 -49.0 49
1 -50.0 50
2 -47.0 47
3 -11.0 11
4 -7.0 7
5 -7.0 7
6 -9.0 9
7 -7.0 7
8 -7.0 7
9 -7.0 7
10 -42.0 42
11 -29.0 29
12 -17.0 17
13 -18.0 18
0 -50.0 50
1 -50.0 50
2 -50.0 50
3 -19.0 19
4 -26.0 26
5 -23.0 23
6 -7.0 7
7 -9.0 9
8 -7.0 7
9 -7.0 7
10 -8.0 8
11 -7.0 7
12 -7.0 7
13 -7.0 7
0 -50.0 50
1 -36.0 36
2 -25.0 25
3 -40.0 40
4 -11.0 11
5 -7.0 7
6 -19.0 19
7 -35.0 35
8 -10.0 10
9 -8.0 8
10 -7.0 7
11 -8.0 8
12 -7.0 7
13 -7.0 7
0 -45.0 45
1 -50.0 50
2 -46.0 46
3 -32.0 32
4 -50.0 50
5 -23.0 23
6 -39.0 39
7 -47.0 47
8 -8.0 8
9 -7.0 7
10 -7.0 7
11 -7.0 7
12 -8.0 8
13 -7.0 7
0 -50.0 50
1 -50.0 50
2 -22.0 22
3 -50.0 50
4 -50.0 50
5 -10.0 10
6 -7.0 7
7 -9.0 9
8 -8.0 8
9 -7.0 7
10 -7.0 7
11 -7.0 7
12 -7.0 7
13 -7.0 7
0 -36.0 36
1 -50.0 50
2 -50.0 50
3 -40.0 40
4 -11.0 11
5 -7.0 7
6 -23.0 23
7 -13.0 13
8 -11.0 11
9 -11.0 11
10 -10.0 10
11 -8.0 8
12 -8.0 8
13 -7.0 7
0 -50.0 50
1 -50.0 50
2 -50.0 50
3 -20.0 20
4 -19.0 19
5 -8.0 8
6 -7.0 7
7 -9.0 9
8 -7.0 7
9 -7.0 7
10 -8.0 8
11 -7.0 7
12 -7.0 7
13 -7.0 7
0 -50.0 50
1 -38.0 38
2 -50.0 50
3 -50.0 50
4 -17.0 17
5 -10.0 10
6 -17.0 17
7 -17.0 17
8 -7.0 7
9 -7.0 7
10 -7.0 7
11 -11.0 11
12 -8.0 8
13 -7.0 7
0 -50.0 50
1 -50.0 50
2 -50.0 50
3 -32.0 32
4 -7.0 7
5 -9.0 9
6 -7.0 7
7 -8.0 8
8 -7.0 7
9 -8.0 8
10 -8.0 8
11 -7.0 7
12 -7.0 7
13 -7.0 7
0 -50.0 50
1 -50.0 50
2 -41.0 41
3 -46.0 46
4 -7.0 7
5 -8.0 8
6 -7.0 7
7 -8.0 8
8 -7.0 7
9 -7.0 7
10 -10.0 10
11 -7.0 7
12 -7.0 7
13 -7.0 7
0 -50.0 50
1 -31.0 31
2 -15.0 15
3 -28.0 28
4 -19.0 19
5 -33.0 33
6 -50.0 50
7 -50.0 50
8 -9.0 9
9 -8.0 8
10 -7.0 7
11 -7.0 7
12 -7.0 7
13 -7.0 7
0 -50.0 50
1 -40.0 40
2 -29.0 29
3 -50.0 50
4 -33.0 33
5 -24.0 24
6 -9.0 9
7 -7.0 7
8 -8.0 8
9 -9.0 9
10 -7.0 7
11 -7.0 7
12 -7.0 7
13 -7.0 7
0 -50.0 50
1 -30.0 30
2 -35.0 35
3 -15.0 15
4 -7.0 7
5 -12.0 12
6 -15.0 15
7 -50.0 50
8 -50.0 50
9 -18.0 18
10 -10.0 10
11 -7.0 7
12 -7.0 7
13 -7.0 7
0 -50.0 50
1 -48.0 48
2 -19.0 19
3 -20.0 20
4 -37.0 37
5 -9.0 9
6 -13.0 13
7 -42.0 42
8 -9.0 9
9 -9.0 9
10 -8.0 8
11 -10.0 10
12 -15.0 15
13 -7.0 7
0 -50.0 50
1 -40.0 40
2 -34.0 34
3 -41.0 41
4 -13.0 13
5 -8.0 8
6 -7.0 7
7 -7.0 7
8 -7.0 7
9 -7.0 7
10 -8.0 8
11 -7.0 7
12 -13.0 13
13 -7.0 7
0 -50.0 50
1 -43.0 43
2 -50.0 50
3 -28.0 28
4 -20.0 20
5 -7.0 7
6 -8.0 8
7 -7.0 7
8 -7.0 7
9 -7.0 7
10 -7.0 7
11 -7.0 7
12 -7.0 7
13 -7.0 7
0 -50.0 50
1 -28.0 28
2 -43.0 43
3 -16.0 16
4 -22.0 22
5 -10.0 10
6 -34.0 34
7 -11.0 11
8 -14.0 14
9 -8.0 8
10 -7.0 7
11 -38.0 38
12 -18.0 18
13 -11.0 11
0 -50.0 50
1 -28.0 28
2 -50.0 50
3 -10.0 10
4 -13.0 13
5 -15.0 15
6 -10.0 10
7 -50.0 50
8 -35.0 35
9 -7.0 7
10 -7.0 7
11 -8.0 8
12 -7.0 7
13 -8.0 8
0 -50.0 50
1 -47.0 47
2 -34.0 34
3 -15.0 15
4 -12.0 12
5 -50.0 50
6 -29.0 29
7 -38.0 38
8 -9.0 9
9 -8.0 8
10 -7.0 7
11 -8.0 8
12 -8.0 8
13 -7.0 7
0 -50.0 50
1 -50.0 50
2 -50.0 50
3 -31.0 31
4 -29.0 29
5 -23.0 23
6 -7.0 7
7 -11.0 11
8 -7.0 7
9 -7.0 7
10 -7.0 7
11 -7.0 7
12 -7.0 7
13 -7.0 7
0 -50.0 50
1 -50.0 50
2 -41.0 41
3 -8.0 8
4 -8.0 8
5 -28.0 28
6 -18.0 18
7 -9.0 9
8 -8.0 8
9 -28.0 28
10 -22.0 22
11 -12.0 12
12 -9.0 9
13 -7.0 7
0 -50.0 50
1 -50.0 50
2 -18.0 18
3 -35.0 35
4 -9.0 9
5 -8.0 8
6 -7.0 7
7 -7.0 7
8 -7.0 7
9 -7.0 7
10 -7.0 7
11 -7.0 7
12 -7.0 7
13 -7.0 7
0 -50.0 50
1 -37.0 37
2 -36.0 36
3 -21.0 21
4 -11.0 11
5 -23.0 23
6 -9.0 9
7 -9.0 9
8 -7.0 7
9 -8.0 8
10 -8.0 8
11 -8.0 8
12 -20.0 20
13 -50.0 50
0 -50.0 50
1 -50.0 50
2 -25.0 25
3 -41.0 41
4 -7.0 7
5 -50.0 50
6 -16.0 16
7 -9.0 9
8 -7.0 7
9 -10.0 10
10 -8.0 8
11 -9.0 9
12 -8.0 8
13 -7.0 7
0 -50.0 50
1 -35.0 35
2 -50.0 50
3 -11.0 11
4 -7.0 7
5 -7.0 7
6 -18.0 18
7 -27.0 27
8 -34.0 34
9 -16.0 16
10 -7.0 7
11 -7.0 7
12 -12.0 12
13 -7.0 7
0 -50.0 50
1 -30.0 30
2 -25.0 25
3 -49.0 49
4 -18.0 18
5 -20.0 20
6 -23.0 23
7 -17.0 17
8 -10.0 10
9 -9.0 9
10 -7.0 7
11 -7.0 7
12 -7.0 7
13 -7.0 7
0 -50.0 50
1 -19.0 19
2 -32.0 32
3 -25.0 25
4 -10.0 10
5 -18.0 18
6 -46.0 46
7 -23.0 23
8 -23.0 23
9 -18.0 18
10 -9.0 9
11 -7.0 7
12 -7.0 7
13 -7.0 7
0 -50.0 50
1 -13.0 13
2 -50.0 50
3 -20.0 20
4 -24.0 24
5 -14.0 14
6 -7.0 7
7 -15.0 15
8 -33.0 33
9 -9.0 9
10 -7.0 7
11 -7.0 7
12 -8.0 8
13 -7.0 7
0 -50.0 50
1 -34.0 34
2 -29.0 29
3 -30.0 30
4 -50.0 50
5 -13.0 13
6 -12.0 12
7 -11.0 11
8 -8.0 8
9 -7.0 7
10 -7.0 7
11 -7.0 7
12 -7.0 7
13 -7.0 7
