0 -50.0 50
1 -50.0 50
2 -36.0 36
3 -40.0 40
4 -22.0 22
5 -50.0 50
0 -50.0 50
1 -50.0 50
2 -33.0 33
3 -50.0 50
4 -45.0 45
5 -12.0 12
0 -50.0 50
1 -50.0 50
2 -24.0 24
3 -38.0 38
4 -50.0 50
5 -50.0 50
0 -50.0 50
1 -50.0 50
2 -50.0 50
3 -50.0 50
4 -29.0 29
5 -26.0 26
0 -50.0 50
1 -50.0 50
2 -49.0 49
3 -50.0 50
4 -50.0 50
5 -39.0 39
0 -18.0 18
1 -50.0 50
2 -50.0 50
3 -50.0 50
4 -26.0 26
5 -50.0 50
0 -25.0 25
1 -50.0 50
2 -50.0 50
3 -50.0 50
4 -33.0 33
5 -50.0 50
0 -50.0 50
1 -47.0 47
2 -50.0 50
3 -49.0 49
4 -50.0 50
5 -23.0 23
0 -32.0 32
1 -50.0 50
2 -50.0 50
3 -50.0 50
4 -23.0 23
5 -50.0 50
0 -50.0 50
1 -50.0 50
2 -50.0 50
3 -15.0 15
4 -50.0 50
5 -48.0 48
0 -50.0 50
1 -50.0 50
2 -50.0 50
3 -50.0 50
4 -50.0 50
5 -37.0 37
0 -50.0 50
1 -31.0 31
2 -50.0 50
3 -27.0 27
4 -50.0 50
5 -30.0 30
0 -50.0 50
1 -50.0 50
2 -50.0 50
3 -16.0 16
4 -50.0 50
5 -15.0 15
0 -50.0 50
1 -50.0 50
2 -50.0 50
3 -39.0 39
4 -48.0 48
5 -33.0 33
0 -50.0 50
1 -50.0 50
2 -50.0 50
3 -50.0 50
4 -29.0 29
5 -24.0 24
0 -50.0 50
1 -50.0 50
2 -50.0 50
3 -30.0 30
4 -36.0 36
5 -39.0 39
0 -50.0 50
1 -42.0 42
2 -50.0 50
3 -31.0 31
4 -50.0 50
5 -37.0 37
0 -50.0 50
1 -50.0 50
2 -32.0 32
3 -26.0 26
4 -50.0 50
5 -50.0 50
0 -44.0 44
1 -50.0 50
2 -50.0 50
3 -25.0 25
4 -39.0 39
5 -44.0 44
0 -50.0 50
1 -18.0 18
2 -50.0 50
3 -46.0 46
4 -50.0 50
5 -50.0 50
0 -50.0 50
1 -50.0 50
2 -50.0 50
3 -50.0 50
4 -35.0 35
5 -50.0 50
0 -50.0 50
1 -42.0 42
2 -50.0 50
3 -50.0 50
4 -36.0 36
5 -50.0 50
0 -50.0 50
1 -29.0 29
2 -50.0 50
3 -50.0 50
4 -47.0 47
5 -50.0 50
0 -50.0 50
1 -50.0 50
2 -50.0 50
3 -50.0 50
4 -50.0 50
5 -44.0 44
0 -50.0 50
1 -27.0 27
2 -50.0 50
3 -50.0 50
4 -19.0 19
5 -50.0 50
0 -50.0 50
1 -50.0 50
2 -20.0 20
3 -50.0 50
4 -50.0 50
5 -29.0 29
0 -50.0 50
1 -42.0 42
2 -50.0 50
3 -36.0 36
4 -46.0 46
5 -33.0 33
0 -50.0 50
1 -15.0 15
2 -50.0 50
3 -43.0 43
4 -50.0 50
5 -50.0 50
0 -50.0 50
1 -50.0 50
2 -50.0 50
3 -14.0 14
4 -47.0 47
5 -50.0 50
0 -39.0 39
1 -50.0 50
2 -50.0 50
3 -50.0 50
4 -35.0 35
5 -45.0 45
0 -50.0 50
1 -50.0 50
2 -50.0 50
3 -33.0 33
4 -50.0 50
5 -34.0 34
0 -50.0 50
1 -50.0 50
2 -50.0 50
3 -50.0 50
4 -25.0 25
5 -39.0 39
0 -50.0 50
1 -50.0 50
2 -21.0 21
3 -50.0 50
4 -35.0 35
5 -42.0 42
0 -50.0 50
1 -50.0 50
2 -50.0 50
3 -50.0 50
4 -23.0 23
5 -50.0 50
0 -50.0 50
1 -50.0 50
2 -17.0 17
3 -47.0 47
4 -50.0 50
5 -31.0 31
0 -37.0 37
1 -50.0 50
2 -50.0 50
3 -40.0 40
4 -47.0 47
5 -50.0 50
0 -50.0 50
1 -50.0 50
2 -50.0 50
3 -19.0 19
4 -23.0 23
5 -28.0 28
0 -50.0 50
1 -50.0 50
2 -44.0 44
3 -50.0 50
4 -50.0 50
5 -34.0 34
0 -50.0 50
1 -50.0 50
2 -45.0 45
3 -50.0 50
4 -32.0 32
5 -35.0 35
0 -24.0 24
1 -50.0 50
2 -50.0 50
3 -50.0 50
4 -36.0 36
5 -33.0 33
