0 -50.0 50
1 -50.0 50
2 -40.0 40
3 -47.0 47
4 -32.0 32
5 -20.0 20
6 -32.0 32
7 -46.0 46
8 -7.0 7
9 -11.0 11
10 -50.0 50
11 -50.0 50
12 -16.0 16
13 -11.0 11
14 -11.0 11
15 -11.0 11
16 -11.0 11
17 -9.0 9
18 -9.0 9
19 -7.0 7
20 -8.0 8
21 -7.0 7
22 -7.0 7
23 -7.0 7
24 -7.0 7
25 -7.0 7
26 -7.0 7
27 -7.0 7
0 -50.0 50
1 -50.0 50
2 -31.0 31
3 -20.0 20
4 -50.0 50
5 -41.0 41
6 -50.0 50
7 -50.0 50
8 -50.0 50
9 -16.0 16
10 -11.0 11
11 -9.0 9
12 -7.0 7
13 -7.0 7
14 -26.0 26
15 -9.0 9
16 -7.0 7
17 -7.0 7
18 -9.0 9
19 -9.0 9
20 -11.0 11
21 -10.0 10
22 -9.0 9
23 -7.0 7
24 -7.0 7
25 -7.0 7
26 -7.0 7
27 -7.0 7
0 -44.0 44
1 -50.0 50
2 -50.0 50
3 -50.0 50
4 -50.0 50
5 -28.0 28
6 -50.0 50
7 -50.0 50
8 -7.0 7
9 -11.0 11
10 -9.0 9
11 -12.0 12
12 -7.0 7
13 -7.0 7
14 -7.0 7
15 -11.0 11
16 -15.0 15
17 -7.0 7
18 -9.0 9
19 -7.0 7
20 -7.0 7
21 -7.0 7
22 -7.0 7
23 -9.0 9
24 -8.0 8
25 -7.0 7
26 -7.0 7
27 -7.0 7
0 -37.0 37
1 -50.0 50
2 -50.0 50
3 -36.0 36
4 -50.0 50
5 -33.0 33
6 -10.0 10
7 -12.0 12
8 -14.0 14
9 -21.0 21
10 -50.0 50
11 -12.0 12
12 -14.0 14
13 -10.0 10
14 -10.0 10
15 -11.0 11
16 -27.0 27
17 -50.0 50
18 -19.0 19
19 -29.0 29
20 -7.0 7
21 -7.0 7
22 -7.0 7
23 -7.0 7
24 -7.0 7
25 -7.0 7
26 -7.0 7
27 -7.0 7
0 -50.0 50
1 -50.0 50
2 -49.0 49
3 -50.0 50
4 -29.0 29
5 -20.0 20
6 -19.0 19
7 -19.0 19
8 -25.0 25
9 -18.0 18
10 -50.0 50
11 -39.0 39
12 -21.0 21
13 -20.0 20
14 -8.0 8
15 -8.0 8
16 -7.0 7
17 -9.0 9
18 -7.0 7
19 -7.0 7
20 -7.0 7
21 -9.0 9
22 -8.0 8
23 -7.0 7
24 -7.0 7
25 -7.0 7
26 -7.0 7
27 -9.0 9
0 -33.0 33
1 -50.0 50
2 -50.0 50
3 -30.0 30
4 -50.0 50
5 -29.0 29
6 -24.0 24
7 -50.0 50
8 -40.0 40
9 -16.0 16
10 -36.0 36
11 -50.0 50
12 -14.0 14
13 -7.0 7
14 -8.0 8
15 -8.0 8
16 -9.0 9
17 -7.0 7
18 -12.0 12
19 -9.0 9
20 -11.0 11
21 -12.0 12
22 -7.0 7
23 -7.0 7
24 -7.0 7
25 -9.0 9
26 -7.0 7
27 -7.0 7
0 -50.0 50
1 -50.0 50
2 -50.0 50
3 -18.0 18
4 -25.0 25
5 -30.0 30
6 -48.0 48
7 -21.0 21
8 -50.0 50
9 -50.0 50
10 -24.0 24
11 -7.0 7
12 -8.0 8
13 -9.0 9
14 -9.0 9
15 -8.0 8
16 -9.0 9
17 -8.0 8
18 -7.0 7
19 -9.0 9
20 -7.0 7
21 -9.0 9
22 -7.0 7
23 -10.0 10
24 -7.0 7
25 -7.0 7
26 -7.0 7
27 -7.0 7
0 -50.0 50
1 -28.0 28
2 -50.0 50
3 -14.0 14
4 -50.0 50
5 -46.0 46
6 -50.0 50
7 -50.0 50
8 -15.0 15
9 -17.0 17
10 -9.0 9
11 -19.0 19
12 -9.0 9
13 -12.0 12
14 -13.0 13
15 -21.0 21
16 -7.0 7
17 -8.0 8
18 -7.0 7
19 -9.0 9
20 -8.0 8
21 -8.0 8
22 -7.0 7
23 -7.0 7
24 -8.0 8
25 -7.0 7
26 -7.0 7
27 -7.0 7
0 -50.0 50
1 -50.0 50
2 -50.0 50
3 -32.0 32
4 -50.0 50
5 -16.0 16
6 -47.0 47
7 -26.0 26
8 -19.0 19
9 -12.0 12
10 -8.0 8
11 -7.0 7
12 -7.0 7
13 -8.0 8
14 -7.0 7
15 -9.0 9
16 -9.0 9
17 -14.0 14
18 -10.0 10
19 -12.0 12
20 -14.0 14
21 -16.0 16
22 -11.0 11
23 -10.0 10
24 -7.0 7
25 -7.0 7
26 -7.0 7
27 -7.0 7
0 -50.0 50
1 -37.0 37
2 -50.0 50
3 -50.0 50
4 -37.0 37
5 -50.0 50
6 -23.0 23
7 -15.0 15
8 -15.0 15
9 -23.0 23
10 -24.0 24
11 -18.0 18
12 -8.0 8
13 -9.0 9
14 -7.0 7
15 -14.0 14
16 -12.0 12
17 -11.0 11
18 -13.0 13
19 -8.0 8
20 -8.0 8
21 -7.0 7
22 -7.0 7
23 -8.0 8
24 -9.0 9
25 -7.0 7
26 -7.0 7
27 -7.0 7
0 -50.0 50
1 -50.0 50
2 -50.0 50
3 -21.0 21
4 -50.0 50
5 -50.0 50
6 -49.0 49
7 -14.0 14
8 -11.0 11
9 -9.0 9
10 -9.0 9
11 -17.0 17
12 -11.0 11
13 -7.0 7
14 -9.0 9
15 -9.0 9
16 -9.0 9
17 -16.0 16
18 -23.0 23
19 -9.0 9
20 -9.0 9
21 -11.0 11
22 -8.0 8
23 -7.0 7
24 -7.0 7
25 -7.0 7
26 -7.0 7
27 -7.0 7
0 -50.0 50
1 -50.0 50
2 -50.0 50
3 -45.0 45
4 -21.0 21
5 -16.0 16
6 -50.0 50
7 -50.0 50
8 -34.0 34
9 -17.0 17
10 -11.0 11
11 -7.0 7
12 -7.0 7
13 -7.0 7
14 -7.0 7
15 -7.0 7
16 -7.0 7
17 -7.0 7
18 -7.0 7
19 -10.0 10
20 -7.0 7
21 -8.0 8
22 -7.0 7
23 -7.0 7
24 -7.0 7
25 -9.0 9
26 -7.0 7
27 -7.0 7
0 -46.0 46
1 -50.0 50
2 -50.0 50
3 -17.0 17
4 -30.0 30
5 -50.0 50
6 -50.0 50
7 -17.0 17
8 -50.0 50
9 -18.0 18
10 -11.0 11
11 -9.0 9
12 -12.0 12
13 -14.0 14
14 -7.0 7
15 -7.0 7
16 -7.0 7
17 -7.0 7
18 -7.0 7
19 -8.0 8
20 -9.0 9
21 -7.0 7
22 -11.0 11
23 -12.0 12
24 -7.0 7
25 -7.0 7
26 -7.0 7
27 -7.0 7
0 -24.0 24
1 -50.0 50
2 -50.0 50
3 -50.0 50
4 -50.0 50
5 -25.0 25
6 -50.0 50
7 -11.0 11
8 -50.0 50
9 -35.0 35
10 -20.0 20
11 -15.0 15
12 -7.0 7
13 -7.0 7
14 -9.0 9
15 -7.0 7
16 -7.0 7
17 -8.0 8
18 -7.0 7
19 -7.0 7
20 -8.0 8
21 -7.0 7
22 -7.0 7
23 -8.0 8
24 -7.0 7
25 -7.0 7
26 -7.0 7
27 -7.0 7
0 -50.0 50
1 -50.0 50
2 -50.0 50
3 -28.0 28
4 -39.0 39
5 -32.0 32
6 -31.0 31
7 -50.0 50
8 -19.0 19
9 -14.0 14
10 -14.0 14
11 -11.0 11
12 -19.0 19
13 -9.0 9
14 -8.0 8
15 -16.0 16
16 -14.0 14
17 -10.0 10
18 -11.0 11
19 -7.0 7
20 -7.0 7
21 -7.0 7
22 -7.0 7
23 -7.0 7
24 -8.0 8
25 -7.0 7
26 -7.0 7
27 -7.0 7
0 -45.0 45
1 -50.0 50
2 -50.0 50
3 -50.0 50
4 -50.0 50
5 -47.0 47
6 -14.0 14
7 -34.0 34
8 -10.0 10
9 -12.0 12
10 -45.0 45
11 -7.0 7
12 -9.0 9
13 -7.0 7
14 -11.0 11
15 -7.0 7
16 -10.0 10
17 -12.0 12
18 -8.0 8
19 -7.0 7
20 -8.0 8
21 -7.0 7
22 -7.0 7
23 -7.0 7
24 -7.0 7
25 -7.0 7
26 -7.0 7
27 -7.0 7
0 -50.0 50
1 -25.0 25
2 -50.0 50
3 -50.0 50
4 -50.0 50
5 -31.0 31
6 -44.0 44
7 -50.0 50
8 -45.0 45
9 -7.0 7
10 -12.0 12
11 -8.0 8
12 -7.0 7
13 -10.0 10
14 -7.0 7
15 -9.0 9
16 -7.0 7
17 -7.0 7
18 -8.0 8
19 -7.0 7
20 -9.0 9
21 -8.0 8
22 -10.0 10
23 -20.0 20
24 -10.0 10
25 -7.0 7
26 -7.0 7
27 -7.0 7
0 -50.0 50
1 -34.0 34
2 -21.0 21
3 -50.0 50
4 -50.0 50
5 -50.0 50
6 -8.0 8
7 -9.0 9
8 -9.0 9
9 -18.0 18
10 -16.0 16
11 -15.0 15
12 -50.0 50
13 -9.0 9
14 -24.0 24
15 -14.0 14
16 -21.0 21
17 -26.0 26
18 -12.0 12
19 -7.0 7
20 -7.0 7
21 -9.0 9
22 -9.0 9
23 -7.0 7
24 -7.0 7
25 -7.0 7
26 -7.0 7
27 -7.0 7
0 -50.0 50
1 -50.0 50
2 -21.0 21
3 -50.0 50
4 -50.0 50
5 -50.0 50
6 -45.0 45
7 -34.0 34
8 -36.0 36
9 -16.0 16
10 -9.0 9
11 -13.0 13
12 -20.0 20
13 -7.0 7
14 -9.0 9
15 -14.0 14
16 -9.0 9
17 -13.0 13
18 -7.0 7
19 -7.0 7
20 -9.0 9
21 -9.0 9
22 -9.0 9
23 -8.0 8
24 -7.0 7
25 -7.0 7
26 -7.0 7
27 -9.0 9
0 -50.0 50
1 -50.0 50
2 -50.0 50
3 -18.0 18
4 -24.0 24
5 -50.0 50
6 -50.0 50
7 -28.0 28
8 -18.0 18
9 -50.0 50
10 -42.0 42
11 -11.0 11
12 -15.0 15
13 -12.0 12
14 -10.0 10
15 -14.0 14
16 -12.0 12
17 -9.0 9
18 -11.0 11
19 -7.0 7
20 -8.0 8
21 -7.0 7
22 -8.0 8
23 -11.0 11
24 -8.0 8
25 -7.0 7
26 -7.0 7
27 -7.0 7
0 -50.0 50
1 -50.0 50
2 -37.0 37
3 -50.0 50
4 -50.0 50
5 -21.0 21
6 -50.0 50
7 -15.0 15
8 -9.0 9
9 -11.0 11
10 -38.0 38
11 -16.0 16
12 -20.0 20
13 -14.0 14
14 -13.0 13
15 -7.0 7
16 -16.0 16
17 -23.0 23
18 -19.0 19
19 -15.0 15
20 -14.0 14
21 -12.0 12
22 -9.0 9
23 -9.0 9
24 -9.0 9
25 -9.0 9
26 -7.0 7
27 -7.0 7
0 -23.0 23
1 -50.0 50
2 -50.0 50
3 -50.0 50
4 -28.0 28
5 -23.0 23
6 -50.0 50
7 -33.0 33
8 -50.0 50
9 -50.0 50
10 -25.0 25
11 -21.0 21
12 -7.0 7
13 -7.0 7
14 -7.0 7
15 -7.0 7
16 -7.0 7
17 -7.0 7
18 -11.0 11
19 -7.0 7
20 -7.0 7
21 -7.0 7
22 -7.0 7
23 -8.0 8
24 -7.0 7
25 -7.0 7
26 -7.0 7
27 -7.0 7
0 -50.0 50
1 -42.0 42
2 -50.0 50
3 -28.0 28
4 -50.0 50
5 -50.0 50
6 -11.0 11
7 -13.0 13
8 -21.0 21
9 -49.0 49
10 -21.0 21
11 -50.0 50
12 -50.0 50
13 -14.0 14
14 -14.0 14
15 -19.0 19
16 -7.0 7
17 -10.0 10
18 -7.0 7
19 -8.0 8
20 -8.0 8
21 -7.0 7
22 -8.0 8
23 -7.0 7
24 -7.0 7
25 -7.0 7
26 -7.0 7
27 -7.0 7
0 -50.0 50
1 -50.0 50
2 -50.0 50
3 -25.0 25
4 -10.0 10
5 -26.0 26
6 -50.0 50
7 -43.0 43
8 -25.0 25
9 -31.0 31
10 -27.0 27
11 -50.0 50
12 -18.0 18
13 -7.0 7
14 -9.0 9
15 -7.0 7
16 -8.0 8
17 -9.0 9
18 -7.0 7
19 -9.0 9
20 -8.0 8
21 -12.0 12
22 -9.0 9
23 -8.0 8
24 -7.0 7
25 -7.0 7
26 -7.0 7
27 -7.0 7
0 -50.0 50
1 -50.0 50
2 -50.0 50
3 -24.0 24
4 -41.0 41
5 -36.0 36
6 -32.0 32
7 -41.0 41
8 -50.0 50
9 -48.0 48
10 -24.0 24
11 -11.0 11
12 -7.0 7
13 -10.0 10
14 -8.0 8
15 -9.0 9
16 -7.0 7
17 -8.0 8
18 -8.0 8
19 -9.0 9
20 -7.0 7
21 -8.0 8
22 -8.0 8
23 -7.0 7
24 -9.0 9
25 -9.0 9
26 -7.0 7
27 -7.0 7
0 -50.0 50
1 -50.0 50
2 -43.0 43
3 -50.0 50
4 -50.0 50
5 -35.0 35
6 -50.0 50
7 -21.0 21
8 -16.0 16
9 -10.0 10
10 -11.0 11
11 -7.0 7
12 -19.0 19
13 -11.0 11
14 -9.0 9
15 -10.0 10
16 -8.0 8
17 -8.0 8
18 -10.0 10
19 -7.0 7
20 -7.0 7
21 -7.0 7
22 -7.0 7
23 -7.0 7
24 -7.0 7
25 -7.0 7
26 -7.0 7
27 -7.0 7
0 -50.0 50
1 -50.0 50
2 -42.0 42
3 -38.0 38
4 -50.0 50
5 -17.0 17
6 -29.0 29
7 -14.0 14
8 -39.0 39
9 -45.0 45
10 -34.0 34
11 -15.0 15
12 -15.0 15
13 -19.0 19
14 -12.0 12
15 -8.0 8
16 -9.0 9
17 -9.0 9
18 -9.0 9
19 -8.0 8
20 -8.0 8
21 -9.0 9
22 -11.0 11
23 -13.0 13
24 -7.0 7
25 -7.0 7
26 -7.0 7
27 -7.0 7
0 -50.0 50
1 -50.0 50
2 -50.0 50
3 -20.0 20
4 -38.0 38
5 -50.0 50
6 -32.0 32
7 -17.0 17
8 -12.0 12
9 -20.0 20
10 -18.0 18
11 -13.0 13
12 -16.0 16
13 -17.0 17
14 -14.0 14
15 -10.0 10
16 -10.0 10
17 -16.0 16
18 -9.0 9
19 -7.0 7
20 -7.0 7
21 -8.0 8
22 -8.0 8
23 -9.0 9
24 -9.0 9
25 -7.0 7
26 -7.0 7
27 -10.0 10
0 -23.0 23
1 -50.0 50
2 -50.0 50
3 -40.0 40
4 -50.0 50
5 -42.0 42
6 -21.0 21
7 -16.0 16
8 -16.0 16
9 -18.0 18
10 -31.0 31
11 -50.0 50
12 -14.0 14
13 -11.0 11
14 -50.0 50
15 -13.0 13
16 -7.0 7
17 -8.0 8
18 -7.0 7
19 -8.0 8
20 -8.0 8
21 -16.0 16
22 -8.0 8
23 -20.0 20
24 -7.0 7
25 -7.0 7
26 -7.0 7
27 -7.0 7
0 -50.0 50
1 -16.0 16
2 -50.0 50
3 -50.0 50
4 -28.0 28
5 -50.0 50
6 -7.0 7
7 -14.0 14
8 -7.0 7
9 -11.0 11
10 -50.0 50
11 -32.0 32
12 -34.0 34
13 -50.0 50
14 -41.0 41
15 -13.0 13
16 -11.0 11
17 -11.0 11
18 -12.0 12
19 -19.0 19
20 -9.0 9
21 -7.0 7
22 -7.0 7
23 -7.0 7
24 -8.0 8
25 -7.0 7
26 -7.0 7
27 -7.0 7
0 -50.0 50
1 -38.0 38
2 -50.0 50
3 -27.0 27
4 -38.0 38
5 -50.0 50
6 -50.0 50
7 -35.0 35
8 -14.0 14
9 -27.0 27
10 -10.0 10
11 -10.0 10
12 -10.0 10
13 -12.0 12
14 -9.0 9
15 -7.0 7
16 -7.0 7
17 -13.0 13
18 -11.0 11
19 -8.0 8
20 -7.0 7
21 -12.0 12
22 -7.0 7
23 -7.0 7
24 -7.0 7
25 -7.0 7
26 -7.0 7
27 -7.0 7
0 -50.0 50
1 -50.0 50
2 -16.0 16
3 -50.0 50
4 -50.0 50
5 -17.0 17
6 -39.0 39
7 -36.0 36
8 -24.0 24
9 -9.0 9
10 -15.0 15
11 -9.0 9
12 -50.0 50
13 -25.0 25
14 -20.0 20
15 -7.0 7
16 -7.0 7
17 -7.0 7
18 -8.0 8
19 -7.0 7
20 -7.0 7
21 -7.0 7
22 -9.0 9
23 -7.0 7
24 -7.0 7
25 -7.0 7
26 -7.0 7
27 -7.0 7
0 -50.0 50
1 -29.0 29
2 -50.0 50
3 -50.0 50
4 -38.0 38
5 -41.0 41
6 -50.0 50
7 -22.0 22
8 -38.0 38
9 -11.0 11
10 -8.0 8
11 -7.0 7
12 -11.0 11
13 -10.0 10
14 -18.0 18
15 -7.0 7
16 -9.0 9
17 -7.0 7
18 -8.0 8
19 -8.0 8
20 -7.0 7
21 -7.0 7
22 -9.0 9
23 -9.0 9
24 -7.0 7
25 -7.0 7
26 -7.0 7
27 -7.0 7
0 -50.0 50
1 -15.0 15
2 -50.0 50
3 -50.0 50
4 -27.0 27
5 -50.0 50
6 -50.0 50
7 -50.0 50
8 -18.0 18
9 -9.0 9
10 -9.0 9
11 -15.0 15
12 -24.0 24
13 -8.0 8
14 -7.0 7
15 -7.0 7
16 -7.0 7
17 -9.0 9
18 -8.0 8
19 -7.0 7
20 -7.0 7
21 -7.0 7
22 -7.0 7
23 -10.0 10
24 -7.0 7
25 -7.0 7
26 -7.0 7
27 -7.0 7
0 -50.0 50
1 -43.0 43
2 -50.0 50
3 -50.0 50
4 -50.0 50
5 -50.0 50
6 -18.0 18
7 -20.0 20
8 -16.0 16
9 -26.0 26
10 -14.0 14
11 -11.0 11
12 -20.0 20
13 -10.0 10
14 -9.0 9
15 -11.0 11
16 -10.0 10
17 -7.0 7
18 -8.0 8
19 -11.0 11
20 -7.0 7
21 -7.0 7
22 -7.0 7
23 -7.0 7
24 -9.0 9
25 -7.0 7
26 -7.0 7
27 -7.0 7
0 -28.0 28
1 -50.0 50
2 -50.0 50
3 -50.0 50
4 -50.0 50
5 -35.0 35
6 -35.0 35
7 -27.0 27
8 -17.0 17
9 -12.0 12
10 -37.0 37
11 -34.0 34
12 -14.0 14
13 -11.0 11
14 -10.0 10
15 -15.0 15
16 -11.0 11
17 -9.0 9
18 -7.0 7
19 -7.0 7
20 -9.0 9
21 -11.0 11
22 -13.0 13
23 -8.0 8
24 -12.0 12
25 -7.0 7
26 -7.0 7
27 -7.0 7
0 -35.0 35
1 -50.0 50
2 -50.0 50
3 -50.0 50
4 -50.0 50
5 -50.0 50
6 -21.0 21
7 -10.0 10
8 -7.0 7
9 -8.0 8
10 -21.0 21
11 -10.0 10
12 -12.0 12
13 -9.0 9
14 -19.0 19
15 -10.0 10
16 -7.0 7
17 -7.0 7
18 -7.0 7
19 -8.0 8
20 -7.0 7
21 -7.0 7
22 -8.0 8
23 -7.0 7
24 -7.0 7
25 -7.0 7
26 -7.0 7
27 -7.0 7
0 -50.0 50
1 -50.0 50
2 -50.0 50
3 -50.0 50
4 -26.0 26
5 -50.0 50
6 -30.0 30
7 -14.0 14
8 -26.0 26
9 -10.0 10
10 -15.0 15
11 -12.0 12
12 -12.0 12
13 -10.0 10
14 -9.0 9
15 -9.0 9
16 -7.0 7
17 -11.0 11
18 -30.0 30
19 -7.0 7
20 -8.0 8
21 -7.0 7
22 -7.0 7
23 -8.0 8
24 -10.0 10
25 -7.0 7
26 -7.0 7
27 -7.0 7
0 -39.0 39
1 -50.0 50
2 -47.0 47
3 -50.0 50
4 -33.0 33
5 -50.0 50
6 -30.0 30
7 -11.0 11
8 -7.0 7
9 -20.0 20
10 -7.0 7
11 -11.0 11
12 -15.0 15
13 -11.0 11
14 -15.0 15
15 -13.0 13
16 -11.0 11
17 -13.0 13
18 -10.0 10
19 -7.0 7
20 -18.0 18
21 -7.0 7
22 -8.0 8
23 -7.0 7
24 -7.0 7
25 -7.0 7
26 -7.0 7
27 -7.0 7
0 -50.0 50
1 -50.0 50
2 -28.0 28
3 -50.0 50
4 -50.0 50
5 -26.0 26
6 -50.0 50
7 -9.0 9
8 -7.0 7
9 -8.0 8
10 -11.0 11
11 -10.0 10
12 -7.0 7
13 -8.0 8
14 -9.0 9
15 -7.0 7
16 -9.0 9
17 -14.0 14
18 -12.0 12
19 -18.0 18
20 -7.0 7
21 -7.0 7
22 -9.0 9
23 -7.0 7
24 -7.0 7
25 -7.0 7
26 -7.0 7
27 -7.0 7
