0 -50.0 50
1 -50.0 50
0 -50.0 50
1 -50.0 50
0 -50.0 50
1 -19.0 19
0 -50.0 50
1 -50.0 50
0 -50.0 50
1 -18.0 18
0 -50.0 50
1 -35.0 35
0 -50.0 50
1 -48.0 48
0 -50.0 50
1 -49.0 49
0 -50.0 50
1 -13.0 13
0 -50.0 50
1 -27.0 27
0 -50.0 50
1 -26.0 26
0 -50.0 50
1 -49.0 49
0 -33.0 33
1 -50.0 50
0 -50.0 50
1 -50.0 50
0 -50.0 50
1 -20.0 20
0 -50.0 50
1 -30.0 30
0 -50.0 50
1 -50.0 50
0 -41.0 41
1 -50.0 50
0 -50.0 50
1 -25.0 25
0 -50.0 50
1 -41.0 41
0 -50.0 50
1 -50.0 50
0 -50.0 50
1 -30.0 30
0 -50.0 50
1 -21.0 21
0 -50.0 50
1 -34.0 34
0 -50.0 50
1 -50.0 50
0 -50.0 50
1 -16.0 16
0 -50.0 50
1 -15.0 15
0 -43.0 43
1 -50.0 50
0 -50.0 50
1 -50.0 50
0 -48.0 48
1 -35.0 35
0 -50.0 50
1 -50.0 50
0 -50.0 50
1 -50.0 50
0 -49.0 49
1 -50.0 50
0 -32.0 32
1 -50.0 50
0 -50.0 50
1 -50.0 50
0 -43.0 43
1 -50.0 50
0 -50.0 50
1 -50.0 50
0 -50.0 50
1 -23.0 23
0 -50.0 50
1 -50.0 50
0 -35.0 35
1 -50.0 50
