0 -50.0 50
1 -50.0 50
2 -23.0 23
3 -50.0 50
4 -41.0 41
5 -50.0 50
0 -50.0 50
1 -35.0 35
2 -50.0 50
3 -44.0 44
4 -48.0 48
5 -40.0 40
0 -30.0 30
1 -50.0 50
2 -50.0 50
3 -50.0 50
4 -26.0 26
5 -36.0 36
0 -50.0 50
1 -48.0 48
2 -50.0 50
3 -50.0 50
4 -34.0 34
5 -50.0 50
0 -50.0 50
1 -50.0 50
2 -50.0 50
3 -50.0 50
4 -19.0 19
5 -23.0 23
0 -50.0 50
1 -50.0 50
2 -50.0 50
3 -50.0 50
4 -50.0 50
5 -50.0 50
0 -50.0 50
1 -50.0 50
2 -50.0 50
3 -30.0 30
4 -50.0 50
5 -25.0 25
0 -50.0 50
1 -26.0 26
2 -50.0 50
3 -33.0 33
4 -50.0 50
5 -50.0 50
0 -50.0 50
1 -50.0 50
2 -50.0 50
3 -46.0 46
4 -50.0 50
5 -31.0 31
0 -50.0 50
1 -50.0 50
2 -50.0 50
3 -41.0 41
4 -50.0 50
5 -27.0 27
0 -50.0 50
1 -45.0 45
2 -50.0 50
3 -29.0 29
4 -50.0 50
5 -39.0 39
0 -43.0 43
1 -50.0 50
2 -50.0 50
3 -50.0 50
4 -20.0 20
5 -50.0 50
0 -50.0 50
1 -33.0 33
2 -50.0 50
3 -42.0 42
4 -36.0 36
5 -50.0 50
0 -50.0 50
1 -50.0 50
2 -50.0 50
3 -50.0 50
4 -43.0 43
5 -23.0 23
0 -50.0 50
1 -50.0 50
2 -50.0 50
3 -26.0 26
4 -50.0 50
5 -50.0 50
0 -50.0 50
1 -50.0 50
2 -50.0 50
3 -23.0 23
4 -26.0 26
5 -50.0 50
0 -50.0 50
1 -50.0 50
2 -35.0 35
3 -23.0 23
4 -36.0 36
5 -50.0 50
0 -50.0 50
1 -31.0 31
2 -50.0 50
3 -34.0 34
4 -50.0 50
5 -50.0 50
0 -50.0 50
1 -20.0 20
2 -50.0 50
3 -50.0 50
4 -50.0 50
5 -50.0 50
0 -50.0 50
1 -35.0 35
2 -50.0 50
3 -50.0 50
4 -29.0 29
5 -50.0 50
0 -50.0 50
1 -50.0 50
2 -50.0 50
3 -50.0 50
4 -50.0 50
5 -21.0 21
0 -50.0 50
1 -50.0 50
2 -50.0 50
3 -50.0 50
4 -50.0 50
5 -17.0 17
0 -50.0 50
1 -35.0 35
2 -50.0 50
3 -50.0 50
4 -50.0 50
5 -26.0 26
0 -50.0 50
1 -50.0 50
2 -50.0 50
3 -11.0 11
4 -50.0 50
5 -21.0 21
0 -50.0 50
1 -50.0 50
2 -30.0 30
3 -50.0 50
4 -13.0 13
5 -50.0 50
0 -50.0 50
1 -41.0 41
2 -50.0 50
3 -37.0 37
4 -50.0 50
5 -50.0 50
0 -50.0 50
1 -50.0 50
2 -50.0 50
3 -48.0 48
4 -50.0 50
5 -50.0 50
0 -50.0 50
1 -50.0 50
2 -38.0 38
3 -50.0 50
4 -50.0 50
5 -12.0 12
0 -38.0 38
1 -50.0 50
2 -50.0 50
3 -45.0 45
4 -37.0 37
5 -50.0 50
0 -50.0 50
1 -50.0 50
2 -50.0 50
3 -50.0 50
4 -50.0 50
5 -48.0 48
0 -50.0 50
1 -50.0 50
2 -46.0 46
3 -50.0 50
4 -26.0 26
5 -50.0 50
0 -50.0 50
1 -50.0 50
2 -50.0 50
3 -31.0 31
4 -33.0 33
5 -50.0 50
0 -50.0 50
1 -50.0 50
2 -50.0 50
3 -50.0 50
4 -26.0 26
5 -28.0 28
0 -45.0 45
1 -50.0 50
2 -50.0 50
3 -11.0 11
4 -50.0 50
5 -50.0 50
0 -50.0 50
1 -50.0 50
2 -50.0 50
3 -25.0 25
4 -50.0 50
5 -50.0 50
0 -50.0 50
1 -50.0 50
2 -50.0 50
3 -26.0 26
4 -50.0 50
5 -39.0 39
0 -44.0 44
1 -50.0 50
2 -50.0 50
3 -39.0 39
4 -50.0 50
5 -16.0 16
0 -41.0 41
1 -50.0 50
2 -50.0 50
3 -50.0 50
4 -44.0 44
5 -14.0 14
0 -39.0 39
1 -50.0 50
2 -50.0 50
3 -44.0 44
4 -50.0 50
5 -27.0 27
0 -50.0 50
1 -33.0 33
2 -50.0 50
3 -50.0 50
4 -50.0 50
5 -18.0 18
