0 -50.0 50
1 -50.0 50
2 -50.0 50
3 -50.0 50
4 -39.0 39
5 -20.0 20
6 -50.0 50
7 -48.0 48
8 -20.0 20
9 -15.0 15
0 -38.0 38
1 -50.0 50
2 -50.0 50
3 -28.0 28
4 -50.0 50
5 -29.0 29
6 -26.0 26
7 -7.0 7
8 -11.0 11
9 -18.0 18
0 -39.0 39
1 -50.0 50
2 -50.0 50
3 -50.0 50
4 -50.0 50
5 -50.0 50
6 -19.0 19
7 -10.0 10
8 -7.0 7
9 -11.0 11
0 -50.0 50
1 -50.0 50
2 -50.0 50
3 -50.0 50
4 -50.0 50
5 -37.0 37
6 -26.0 26
7 -19.0 19
8 -22.0 22
9 -12.0 12
0 -43.0 43
1 -50.0 50
2 -50.0 50
3 -50.0 50
4 -19.0 19
5 -50.0 50
6 -23.0 23
7 -9.0 9
8 -10.0 10
9 -9.0 9
0 -50.0 50
1 -42.0 42
2 -50.0 50
3 -17.0 17
4 -46.0 46
5 -50.0 50
6 -50.0 50
7 -25.0 25
8 -17.0 17
9 -10.0 10
0 -50.0 50
1 -50.0 50
2 -50.0 50
3 -50.0 50
4 -21.0 21
5 -10.0 10
6 -7.0 7
7 -13.0 13
8 -41.0 41
9 -28.0 28
0 -50.0 50
1 -50.0 50
2 -24.0 24
3 -22.0 22
4 -50.0 50
5 -34.0 34
6 -50.0 50
7 -16.0 16
8 -17.0 17
9 -20.0 20
0 -31.0 31
1 -50.0 50
2 -50.0 50
3 -50.0 50
4 -31.0 31
5 -50.0 50
6 -40.0 40
7 -12.0 12
8 -40.0 40
9 -14.0 14
0 -50.0 50
1 -50.0 50
2 -50.0 50
3 -50.0 50
4 -43.0 43
5 -50.0 50
6 -50.0 50
7 -10.0 10
8 -14.0 14
9 -10.0 10
0 -50.0 50
1 -26.0 26
2 -50.0 50
3 -37.0 37
4 -48.0 48
5 -24.0 24
6 -50.0 50
7 -20.0 20
8 -16.0 16
9 -7.0 7
0 -41.0 41
1 -50.0 50
2 -50.0 50
3 -50.0 50
4 -50.0 50
5 -28.0 28
6 -34.0 34
7 -40.0 40
8 -21.0 21
9 -13.0 13
0 -25.0 25
1 -50.0 50
2 -50.0 50
3 -50.0 50
4 -48.0 48
5 -50.0 50
6 -21.0 21
7 -20.0 20
8 -17.0 17
9 -21.0 21
0 -50.0 50
1 -50.0 50
2 -27.0 27
3 -50.0 50
4 -14.0 14
5 -50.0 50
6 -33.0 33
7 -41.0 41
8 -11.0 11
9 -16.0 16
0 -50.0 50
1 -50.0 50
2 -43.0 43
3 -38.0 38
4 -36.0 36
5 -16.0 16
6 -33.0 33
7 -26.0 26
8 -50.0 50
9 -36.0 36
0 -50.0 50
1 -20.0 20
2 -50.0 50
3 -37.0 37
4 -50.0 50
5 -27.0 27
6 -50.0 50
7 -20.0 20
8 -38.0 38
9 -13.0 13
0 -50.0 50
1 -29.0 29
2 -50.0 50
3 -32.0 32
4 -50.0 50
5 -50.0 50
6 -39.0 39
7 -50.0 50
8 -16.0 16
9 -10.0 10
0 -50.0 50
1 -50.0 50
2 -47.0 47
3 -50.0 50
4 -50.0 50
5 -36.0 36
6 -37.0 37
7 -21.0 21
8 -50.0 50
9 -19.0 19
0 -50.0 50
1 -32.0 32
2 -50.0 50
3 -20.0 20
4 -50.0 50
5 -50.0 50
6 -50.0 50
7 -12.0 12
8 -27.0 27
9 -25.0 25
0 -50.0 50
1 -50.0 50
2 -47.0 47
3 -29.0 29
4 -40.0 40
5 -23.0 23
6 -50.0 50
7 -50.0 50
8 -10.0 10
9 -20.0 20
