0 -50.0 50
1 -50.0 50
2 -25.0 25
3 -50.0 50
4 -50.0 50
5 -37.0 37
6 -38.0 38
7 -16.0 16
8 -12.0 12
9 -7.0 7
0 -50.0 50
1 -24.0 24
2 -50.0 50
3 -16.0 16
4 -50.0 50
5 -50.0 50
6 -23.0 23
7 -50.0 50
8 -12.0 12
9 -16.0 16
0 -44.0 44
1 -50.0 50
2 -50.0 50
3 -50.0 50
4 -38.0 38
5 -25.0 25
6 -50.0 50
7 -50.0 50
8 -25.0 25
9 -21.0 21
0 -50.0 50
1 -50.0 50
2 -50.0 50
3 -34.0 34
4 -50.0 50
5 -7.0 7
6 -23.0 23
7 -15.0 15
8 -21.0 21
9 -41.0 41
0 -50.0 50
1 -36.0 36
2 -50.0 50
3 -27.0 27
4 -50.0 50
5 -50.0 50
6 -36.0 36
7 -41.0 41
8 -26.0 26
9 -7.0 7
0 -45.0 45
1 -50.0 50
2 -50.0 50
3 -50.0 50
4 -21.0 21
5 -25.0 25
6 -27.0 27
7 -9.0 9
8 -13.0 13
9 -9.0 9
0 -50.0 50
1 -50.0 50
2 -50.0 50
3 -50.0 50
4 -21.0 21
5 -21.0 21
6 -46.0 46
7 -31.0 31
8 -21.0 21
9 -9.0 9
0 -50.0 50
1 -50.0 50
2 -46.0 46
3 -50.0 50
4 -42.0 42
5 -46.0 46
6 -14.0 14
7 -16.0 16
8 -15.0 15
9 -40.0 40
0 -42.0 42
1 -50.0 50
2 -50.0 50
3 -46.0 46
4 -50.0 50
5 -26.0 26
6 -17.0 17
7 -38.0 38
8 -38.0 38
9 -40.0 40
0 -50.0 50
1 -50.0 50
2 -32.0 32
3 -50.0 50
4 -50.0 50
5 -43.0 43
6 -50.0 50
7 -28.0 28
8 -29.0 29
9 -17.0 17
0 -50.0 50
1 -50.0 50
2 -18.0 18
3 -32.0 32
4 -50.0 50
5 -31.0 31
6 -50.0 50
7 -50.0 50
8 -47.0 47
9 -21.0 21
0 -14.0 14
1 -50.0 50
2 -50.0 50
3 -50.0 50
4 -31.0 31
5 -50.0 50
6 -49.0 49
7 -43.0 43
8 -50.0 50
9 -15.0 15
0 -50.0 50
1 -50.0 50
2 -22.0 22
3 -38.0 38
4 -50.0 50
5 -50.0 50
6 -43.0 43
7 -50.0 50
8 -25.0 25
9 -17.0 17
0 -50.0 50
1 -50.0 50
2 -50.0 50
3 -26.0 26
4 -50.0 50
5 -28.0 28
6 -21.0 21
7 -26.0 26
8 -50.0 50
9 -19.0 19
0 -50.0 50
1 -50.0 50
2 -50.0 50
3 -50.0 50
4 -50.0 50
5 -50.0 50
6 -19.0 19
7 -7.0 7
8 -7.0 7
9 -7.0 7
0 -50.0 50
1 -29.0 29
2 -50.0 50
3 -50.0 50
4 -50.0 50
5 -28.0 28
6 -32.0 32
7 -29.0 29
8 -17.0 17
9 -11.0 11
0 -50.0 50
1 -50.0 50
2 -27.0 27
3 -50.0 50
4 -32.0 32
5 -34.0 34
6 -31.0 31
7 -50.0 50
8 -50.0 50
9 -20.0 20
0 -50.0 50
1 -50.0 50
2 -50.0 50
3 -40.0 40
4 -30.0 30
5 -50.0 50
6 -32.0 32
7 -14.0 14
8 -9.0 9
9 -15.0 15
0 -50.0 50
1 -42.0 42
2 -50.0 50
3 -24.0 24
4 -50.0 50
5 -50.0 50
6 -50.0 50
7 -50.0 50
8 -20.0 20
9 -14.0 14
0 -48.0 48
1 -50.0 50
2 -50.0 50
3 -34.0 34
4 -45.0 45
5 -45.0 45
6 -50.0 50
7 -30.0 30
8 -43.0 43
9 -12.0 12
0 -50.0 50
1 -50.0 50
2 -10.0 10
3 -32.0 32
4 -50.0 50
5 -50.0 50
6 -34.0 34
7 -50.0 50
8 -38.0 38
9 -20.0 20
0 -42.0 42
1 -50.0 50
2 -50.0 50
3 -50.0 50
4 -50.0 50
5 -31.0 31
6 -22.0 22
7 -42.0 42
8 -50.0 50
9 -10.0 10
0 -50.0 50
1 -50.0 50
2 -50.0 50
3 -24.0 24
4 -50.0 50
5 -29.0 29
6 -40.0 40
7 -50.0 50
8 -27.0 27
9 -20.0 20
0 -21.0 21
1 -50.0 50
2 -50.0 50
3 -50.0 50
4 -50.0 50
5 -24.0 24
6 -41.0 41
7 -35.0 35
8 -27.0 27
9 -8.0 8
0 -50.0 50
1 -50.0 50
2 -50.0 50
3 -12.0 12
4 -29.0 29
5 -45.0 45
6 -21.0 21
7 -29.0 29
8 -9.0 9
9 -7.0 7
0 -50.0 50
1 -35.0 35
2 -50.0 50
3 -50.0 50
4 -25.0 25
5 -36.0 36
6 -50.0 50
7 -20.0 20
8 -19.0 19
9 -39.0 39
0 -50.0 50
1 -50.0 50
2 -27.0 27
3 -50.0 50
4 -50.0 50
5 -19.0 19
6 -15.0 15
7 -14.0 14
8 -20.0 20
9 -28.0 28
0 -50.0 50
1 -50.0 50
2 -50.0 50
3 -30.0 30
4 -50.0 50
5 -50.0 50
6 -20.0 20
7 -10.0 10
8 -22.0 22
9 -24.0 24
0 -39.0 39
1 -50.0 50
2 -50.0 50
3 -45.0 45
4 -10.0 10
5 -50.0 50
6 -10.0 10
7 -35.0 35
8 -16.0 16
9 -16.0 16
0 -50.0 50
1 -50.0 50
2 -50.0 50
3 -50.0 50
4 -35.0 35
5 -35.0 35
6 -21.0 21
7 -29.0 29
8 -9.0 9
9 -19.0 19
0 -50.0 50
1 -50.0 50
2 -24.0 24
3 -39.0 39
4 -50.0 50
5 -32.0 32
6 -50.0 50
7 -22.0 22
8 -18.0 18
9 -11.0 11
0 -50.0 50
1 -41.0 41
2 -50.0 50
3 -50.0 50
4 -48.0 48
5 -31.0 31
6 -50.0 50
7 -38.0 38
8 -24.0 24
9 -46.0 46
0 -50.0 50
1 -50.0 50
2 -24.0 24
3 -50.0 50
4 -50.0 50
5 -23.0 23
6 -14.0 14
7 -10.0 10
8 -15.0 15
9 -11.0 11
0 -50.0 50
1 -31.0 31
2 -50.0 50
3 -50.0 50
4 -25.0 25
5 -34.0 34
6 -50.0 50
7 -27.0 27
8 -22.0 22
9 -30.0 30
0 -50.0 50
1 -50.0 50
2 -28.0 28
3 -50.0 50
4 -50.0 50
5 -50.0 50
6 -37.0 37
7 -22.0 22
8 -11.0 11
9 -20.0 20
0 -50.0 50
1 -39.0 39
2 -48.0 48
3 -50.0 50
4 -28.0 28
5 -50.0 50
6 -31.0 31
7 -36.0 36
8 -17.0 17
9 -7.0 7
0 -50.0 50
1 -50.0 50
2 -31.0 31
3 -29.0 29
4 -50.0 50
5 -50.0 50
6 -32.0 32
7 -12.0 12
8 -40.0 40
9 -14.0 14
0 -50.0 50
1 -50.0 50
2 -16.0 16
3 -50.0 50
4 -50.0 50
5 -50.0 50
6 -37.0 37
7 -35.0 35
8 -10.0 10
9 -9.0 9
0 -50.0 50
1 -50.0 50
2 -15.0 15
3 -32.0 32
4 -50.0 50
5 -50.0 50
6 -37.0 37
7 -23.0 23
8 -32.0 32
9 -50.0 50
0 -38.0 38
1 -50.0 50
2 -50.0 50
3 -48.0 48
4 -50.0 50
5 -11.0 11
6 -21.0 21
7 -13.0 13
8 -26.0 26
9 -49.0 49
