
0 -50.0 50
10 -50.0 50
20 -50.0 50
30 -50.0 50
40 -50.0 50
50 -50.0 50
60 -9.0 9
64 -9.0 9
0 -50.0 50
10 -50.0 50
20 -50.0 50
30 -50.0 50
40 -50.0 50
50 -50.0 50
60 -9.0 9
64 -50.0 50
0 -50.0 50
10 -50.0 50
20 -50.0 50
30 -50.0 50
40 -50.0 50
50 -50.0 50
60 -9.0 9
64 -50.0 50
0 -50.0 50
10 -50.0 50
20 -50.0 50
30 -50.0 50
40 -50.0 50
50 -10.0 10
60 -50.0 50
64 -9.0 9
0 -50.0 50
10 -50.0 50
20 -50.0 50
30 -50.0 50
40 -50.0 50
50 -50.0 50
60 -50.0 50
64 -9.0 9
0 -50.0 50
10 -50.0 50
20 -50.0 50
30 -50.0 50
40 -50.0 50
50 -9.0 9
60 -9.0 9
64 -9.0 9
0 -50.0 50
10 -50.0 50
20 -50.0 50
30 -50.0 50
40 -50.0 50
50 -50.0 50
60 -50.0 50
64 -9.0 9
0 -50.0 50
10 -50.0 50
20 -50.0 50
30 -50.0 50
40 -50.0 50
50 -9.0 9
60 -9.0 9
64 -50.0 50
0 -50.0 50
10 -50.0 50
20 -50.0 50
30 -50.0 50
40 -50.0 50
50 -50.0 50
60 -9.0 9
64 -50.0 50
0 -50.0 50
10 -50.0 50
20 -50.0 50
30 -50.0 50
40 -50.0 50
50 -50.0 50
60 -50.0 50
64 -10.0 10
0 -50.0 50
10 -50.0 50
20 -50.0 50
30 -50.0 50
40 -50.0 50
50 -50.0 50
60 -50.0 50
64 -50.0 50
0 -50.0 50
10 -50.0 50
20 -50.0 50
30 -50.0 50
40 -50.0 50
50 -50.0 50
60 -50.0 50
64 -9.0 9
0 -50.0 50
10 -50.0 50
20 -50.0 50
30 -50.0 50
40 -50.0 50
50 -50.0 50
60 -50.0 50
64 -9.0 9
0 -50.0 50
10 -50.0 50
20 -50.0 50
30 -50.0 50
40 -50.0 50
50 -50.0 50
60 -50.0 50
64 -50.0 50
0 -50.0 50
10 -50.0 50
20 -50.0 50
30 -50.0 50
40 -50.0 50
50 -50.0 50
60 -50.0 50
64 -9.0 9
0 -50.0 50
10 -50.0 50
20 -50.0 50
30 -50.0 50
40 -50.0 50
50 -50.0 50
60 -50.0 50
64 -50.0 50
0 -50.0 50
10 -50.0 50
20 -50.0 50
30 -50.0 50
40 -50.0 50
50 -10.0 10
60 -50.0 50
64 -9.0 9
0 -50.0 50
10 -50.0 50
20 -50.0 50
30 -50.0 50
40 -50.0 50
50 -50.0 50
60 -50.0 50
64 -9.0 9
0 -50.0 50
10 -50.0 50
20 -50.0 50
30 -50.0 50
40 -50.0 50
50 -50.0 50
60 -50.0 50
64 -9.0 9
0 -50.0 50
10 -50.0 50
20 -50.0 50
30 -50.0 50
40 -50.0 50
50 -50.0 50
60 -50.0 50
64 -9.0 9