0 -17.0 17
1 -50.0 50
2 -50.0 50
3 -50.0 50
4 -42.0 42
5 -30.0 30
6 -50.0 50
7 -47.0 47
8 -10.0 10
9 -9.0 9
10 -11.0 11
11 -15.0 15
12 -11.0 11
13 -7.0 7
0 -50.0 50
1 -50.0 50
2 -50.0 50
3 -48.0 48
4 -50.0 50
5 -17.0 17
6 -40.0 40
7 -13.0 13
8 -9.0 9
9 -9.0 9
10 -9.0 9
11 -10.0 10
12 -13.0 13
13 -7.0 7
0 -23.0 23
1 -50.0 50
2 -50.0 50
3 -50.0 50
4 -32.0 32
5 -50.0 50
6 -11.0 11
7 -16.0 16
8 -10.0 10
9 -7.0 7
10 -15.0 15
11 -12.0 12
12 -12.0 12
13 -15.0 15
0 -43.0 43
1 -50.0 50
2 -35.0 35
3 -50.0 50
4 -50.0 50
5 -50.0 50
6 -50.0 50
7 -13.0 13
8 -17.0 17
9 -24.0 24
10 -19.0 19
11 -8.0 8
12 -7.0 7
13 -7.0 7
0 -22.0 22
1 -50.0 50
2 -50.0 50
3 -28.0 28
4 -50.0 50
5 -50.0 50
6 -20.0 20
7 -33.0 33
8 -36.0 36
9 -11.0 11
10 -12.0 12
11 -8.0 8
12 -12.0 12
13 -8.0 8
0 -50.0 50
1 -31.0 31
2 -50.0 50
3 -50.0 50
4 -50.0 50
5 -34.0 34
6 -50.0 50
7 -40.0 40
8 -34.0 34
9 -11.0 11
10 -19.0 19
11 -7.0 7
12 -9.0 9
13 -7.0 7
0 -50.0 50
1 -50.0 50
2 -19.0 19
3 -50.0 50
4 -50.0 50
5 -50.0 50
6 -25.0 25
7 -23.0 23
8 -25.0 25
9 -7.0 7
10 -8.0 8
11 -7.0 7
12 -24.0 24
13 -7.0 7
0 -50.0 50
1 -33.0 33
2 -50.0 50
3 -50.0 50
4 -21.0 21
5 -50.0 50
6 -38.0 38
7 -23.0 23
8 -15.0 15
9 -17.0 17
10 -29.0 29
11 -20.0 20
12 -7.0 7
13 -7.0 7
0 -50.0 50
1 -45.0 45
2 -50.0 50
3 -50.0 50
4 -50.0 50
5 -39.0 39
6 -50.0 50
7 -50.0 50
8 -21.0 21
9 -18.0 18
10 -15.0 15
11 -12.0 12
12 -17.0 17
13 -11.0 11
0 -50.0 50
1 -50.0 50
2 -50.0 50
3 -47.0 47
4 -21.0 21
5 -22.0 22
6 -30.0 30
7 -50.0 50
8 -31.0 31
9 -31.0 31
10 -12.0 12
11 -23.0 23
12 -7.0 7
13 -7.0 7
0 -50.0 50
1 -50.0 50
2 -50.0 50
3 -50.0 50
4 -50.0 50
5 -22.0 22
6 -20.0 20
7 -50.0 50
8 -22.0 22
9 -13.0 13
10 -9.0 9
11 -7.0 7
12 -9.0 9
13 -13.0 13
0 -50.0 50
1 -22.0 22
2 -50.0 50
3 -50.0 50
4 -32.0 32
5 -50.0 50
6 -50.0 50
7 -17.0 17
8 -20.0 20
9 -16.0 16
10 -10.0 10
11 -9.0 9
12 -11.0 11
13 -7.0 7
0 -50.0 50
1 -11.0 11
2 -43.0 43
3 -50.0 50
4 -50.0 50
5 -50.0 50
6 -50.0 50
7 -40.0 40
8 -16.0 16
9 -19.0 19
10 -12.0 12
11 -8.0 8
12 -7.0 7
13 -9.0 9
0 -50.0 50
1 -46.0 46
2 -50.0 50
3 -50.0 50
4 -25.0 25
5 -33.0 33
6 -50.0 50
7 -16.0 16
8 -14.0 14
9 -18.0 18
10 -19.0 19
11 -11.0 11
12 -12.0 12
13 -12.0 12
0 -33.0 33
1 -50.0 50
2 -50.0 50
3 -42.0 42
4 -50.0 50
5 -50.0 50
6 -17.0 17
7 -30.0 30
8 -8.0 8
9 -7.0 7
10 -7.0 7
11 -10.0 10
12 -13.0 13
13 -7.0 7
0 -50.0 50
1 -49.0 49
2 -50.0 50
3 -50.0 50
4 -50.0 50
5 -24.0 24
6 -29.0 29
7 -24.0 24
8 -13.0 13
9 -25.0 25
10 -14.0 14
11 -13.0 13
12 -12.0 12
13 -12.0 12
0 -50.0 50
1 -13.0 13
2 -50.0 50
3 -50.0 50
4 -47.0 47
5 -50.0 50
6 -18.0 18
7 -15.0 15
8 -21.0 21
9 -13.0 13
10 -31.0 31
11 -11.0 11
12 -9.0 9
13 -50.0 50
0 -50.0 50
1 -26.0 26
2 -50.0 50
3 -50.0 50
4 -27.0 27
5 -50.0 50
6 -24.0 24
7 -50.0 50
8 -24.0 24
9 -29.0 29
10 -29.0 29
11 -9.0 9
12 -7.0 7
13 -7.0 7
0 -50.0 50
1 -39.0 39
2 -50.0 50
3 -50.0 50
4 -33.0 33
5 -42.0 42
6 -26.0 26
7 -16.0 16
8 -11.0 11
9 -9.0 9
10 -12.0 12
11 -13.0 13
12 -7.0 7
13 -7.0 7
0 -50.0 50
1 -50.0 50
2 -32.0 32
3 -20.0 20
4 -50.0 50
5 -50.0 50
6 -50.0 50
7 -14.0 14
8 -12.0 12
9 -15.0 15
10 -7.0 7
11 -13.0 13
12 -14.0 14
13 -50.0 50
0 -50.0 50
1 -50.0 50
2 -50.0 50
3 -50.0 50
4 -50.0 50
5 -50.0 50
6 -14.0 14
7 -12.0 12
8 -7.0 7
9 -13.0 13
10 -43.0 43
11 -21.0 21
12 -17.0 17
13 -14.0 14
0 -50.0 50
1 -50.0 50
2 -50.0 50
3 -46.0 46
4 -50.0 50
5 -42.0 42
6 -13.0 13
7 -7.0 7
8 -7.0 7
9 -19.0 19
10 -13.0 13
11 -7.0 7
12 -7.0 7
13 -8.0 8
0 -50.0 50
1 -50.0 50
2 -50.0 50
3 -27.0 27
4 -24.0 24
5 -41.0 41
6 -50.0 50
7 -50.0 50
8 -16.0 16
9 -14.0 14
10 -27.0 27
11 -9.0 9
12 -7.0 7
13 -7.0 7
0 -50.0 50
1 -49.0 49
2 -50.0 50
3 -24.0 24
4 -47.0 47
5 -20.0 20
6 -49.0 49
7 -36.0 36
8 -50.0 50
9 -42.0 42
10 -50.0 50
11 -18.0 18
12 -10.0 10
13 -11.0 11
0 -50.0 50
1 -50.0 50
2 -46.0 46
3 -50.0 50
4 -38.0 38
5 -50.0 50
6 -30.0 30
7 -35.0 35
8 -16.0 16
9 -19.0 19
10 -14.0 14
11 -12.0 12
12 -8.0 8
13 -9.0 9
0 -50.0 50
1 -50.0 50
2 -50.0 50
3 -50.0 50
4 -45.0 45
5 -50.0 50
6 -25.0 25
7 -10.0 10
8 -12.0 12
9 -16.0 16
10 -13.0 13
11 -9.0 9
12 -7.0 7
13 -7.0 7
0 -50.0 50
1 -50.0 50
2 -40.0 40
3 -50.0 50
4 -50.0 50
5 -20.0 20
6 -15.0 15
7 -36.0 36
8 -25.0 25
9 -21.0 21
10 -14.0 14
11 -9.0 9
12 -7.0 7
13 -7.0 7
0 -50.0 50
1 -50.0 50
2 -50.0 50
3 -50.0 50
4 -34.0 34
5 -17.0 17
6 -15.0 15
7 -45.0 45
8 -21.0 21
9 -20.0 20
10 -39.0 39
11 -18.0 18
12 -13.0 13
13 -12.0 12
0 -50.0 50
1 -50.0 50
2 -31.0 31
3 -50.0 50
4 -50.0 50
5 -28.0 28
6 -32.0 32
7 -50.0 50
8 -20.0 20
9 -24.0 24
10 -19.0 19
11 -20.0 20
12 -21.0 21
13 -7.0 7
0 -50.0 50
1 -41.0 41
2 -50.0 50
3 -50.0 50
4 -27.0 27
5 -26.0 26
6 -34.0 34
7 -50.0 50
8 -50.0 50
9 -22.0 22
10 -19.0 19
11 -14.0 14
12 -12.0 12
13 -12.0 12
0 -50.0 50
1 -16.0 16
2 -50.0 50
3 -33.0 33
4 -29.0 29
5 -50.0 50
6 -50.0 50
7 -50.0 50
8 -50.0 50
9 -12.0 12
10 -15.0 15
11 -15.0 15
12 -9.0 9
13 -7.0 7
0 -17.0 17
1 -50.0 50
2 -50.0 50
3 -50.0 50
4 -50.0 50
5 -29.0 29
6 -7.0 7
7 -21.0 21
8 -18.0 18
9 -33.0 33
10 -49.0 49
11 -21.0 21
12 -19.0 19
13 -7.0 7
0 -50.0 50
1 -50.0 50
2 -50.0 50
3 -50.0 50
4 -23.0 23
5 -44.0 44
6 -50.0 50
7 -16.0 16
8 -11.0 11
9 -10.0 10
10 -18.0 18
11 -7.0 7
12 -42.0 42
13 -7.0 7
0 -50.0 50
1 -50.0 50
2 -50.0 50
3 -14.0 14
4 -18.0 18
5 -30.0 30
6 -36.0 36
7 -50.0 50
8 -29.0 29
9 -9.0 9
10 -8.0 8
11 -8.0 8
12 -50.0 50
13 -10.0 10
0 -50.0 50
1 -50.0 50
2 -50.0 50
3 -36.0 36
4 -31.0 31
5 -31.0 31
6 -50.0 50
7 -28.0 28
8 -36.0 36
9 -18.0 18
10 -16.0 16
11 -7.0 7
12 -7.0 7
13 -9.0 9
0 -50.0 50
1 -50.0 50
2 -50.0 50
3 -40.0 40
4 -50.0 50
5 -36.0 36
6 -35.0 35
7 -18.0 18
8 -10.0 10
9 -16.0 16
10 -8.0 8
11 -10.0 10
12 -15.0 15
13 -12.0 12
0 -50.0 50
1 -50.0 50
2 -46.0 46
3 -28.0 28
4 -34.0 34
5 -50.0 50
6 -50.0 50
7 -35.0 35
8 -14.0 14
9 -21.0 21
10 -12.0 12
11 -8.0 8
12 -10.0 10
13 -15.0 15
0 -27.0 27
1 -50.0 50
2 -50.0 50
3 -50.0 50
4 -30.0 30
5 -50.0 50
6 -50.0 50
7 -50.0 50
8 -7.0 7
9 -8.0 8
10 -14.0 14
11 -7.0 7
12 -7.0 7
13 -7.0 7
0 -50.0 50
1 -43.0 43
2 -50.0 50
3 -36.0 36
4 -22.0 22
5 -50.0 50
6 -18.0 18
7 -23.0 23
8 -15.0 15
9 -19.0 19
10 -37.0 37
11 -15.0 15
12 -9.0 9
13 -11.0 11
0 -50.0 50
1 -50.0 50
2 -50.0 50
3 -46.0 46
4 -41.0 41
5 -50.0 50
6 -18.0 18
7 -42.0 42
8 -12.0 12
9 -9.0 9
10 -12.0 12
11 -19.0 19
12 -10.0 10
13 -8.0 8
