0 -50.0 50
1 -22.0 22
2 -50.0 50
3 -37.0 37
4 -50.0 50
5 -50.0 50
0 -50.0 50
1 -50.0 50
2 -17.0 17
3 -50.0 50
4 -50.0 50
5 -23.0 23
0 -50.0 50
1 -50.0 50
2 -50.0 50
3 -50.0 50
4 -19.0 19
5 -50.0 50
0 -50.0 50
1 -50.0 50
2 -50.0 50
3 -12.0 12
4 -25.0 25
5 -35.0 35
0 -50.0 50
1 -50.0 50
2 -13.0 13
3 -31.0 31
4 -40.0 40
5 -50.0 50
0 -25.0 25
1 -50.0 50
2 -50.0 50
3 -42.0 42
4 -50.0 50
5 -22.0 22
0 -50.0 50
1 -28.0 28
2 -50.0 50
3 -47.0 47
4 -50.0 50
5 -34.0 34
0 -50.0 50
1 -45.0 45
2 -50.0 50
3 -24.0 24
4 -50.0 50
5 -50.0 50
0 -50.0 50
1 -49.0 49
2 -50.0 50
3 -50.0 50
4 -41.0 41
5 -50.0 50
0 -22.0 22
1 -50.0 50
2 -50.0 50
3 -50.0 50
4 -50.0 50
5 -20.0 20
0 -50.0 50
1 -50.0 50
2 -50.0 50
3 -28.0 28
4 -50.0 50
5 -24.0 24
0 -50.0 50
1 -39.0 39
2 -50.0 50
3 -48.0 48
4 -50.0 50
5 -50.0 50
0 -50.0 50
1 -44.0 44
2 -50.0 50
3 -44.0 44
4 -50.0 50
5 -50.0 50
0 -50.0 50
1 -37.0 37
2 -50.0 50
3 -10.0 10
4 -50.0 50
5 -50.0 50
0 -43.0 43
1 -50.0 50
2 -50.0 50
3 -50.0 50
4 -33.0 33
5 -50.0 50
0 -30.0 30
1 -50.0 50
2 -50.0 50
3 -50.0 50
4 -50.0 50
5 -50.0 50
0 -50.0 50
1 -50.0 50
2 -50.0 50
3 -22.0 22
4 -29.0 29
5 -31.0 31
0 -50.0 50
1 -50.0 50
2 -50.0 50
3 -13.0 13
4 -29.0 29
5 -50.0 50
0 -50.0 50
1 -50.0 50
2 -19.0 19
3 -50.0 50
4 -50.0 50
5 -50.0 50
0 -50.0 50
1 -38.0 38
2 -50.0 50
3 -50.0 50
4 -50.0 50
5 -49.0 49
0 -50.0 50
1 -50.0 50
2 -38.0 38
3 -50.0 50
4 -35.0 35
5 -50.0 50
0 -50.0 50
1 -50.0 50
2 -24.0 24
3 -50.0 50
4 -50.0 50
5 -50.0 50
0 -50.0 50
1 -42.0 42
2 -50.0 50
3 -50.0 50
4 -50.0 50
5 -50.0 50
0 -50.0 50
1 -50.0 50
2 -30.0 30
3 -50.0 50
4 -28.0 28
5 -50.0 50
0 -50.0 50
1 -50.0 50
2 -50.0 50
3 -47.0 47
4 -50.0 50
5 -29.0 29
0 -50.0 50
1 -43.0 43
2 -50.0 50
3 -50.0 50
4 -50.0 50
5 -13.0 13
0 -18.0 18
1 -50.0 50
2 -50.0 50
3 -50.0 50
4 -25.0 25
5 -50.0 50
0 -50.0 50
1 -50.0 50
2 -50.0 50
3 -19.0 19
4 -50.0 50
5 -39.0 39
0 -50.0 50
1 -50.0 50
2 -50.0 50
3 -47.0 47
4 -39.0 39
5 -46.0 46
0 -24.0 24
1 -50.0 50
2 -50.0 50
3 -26.0 26
4 -50.0 50
5 -50.0 50
0 -50.0 50
1 -50.0 50
2 -50.0 50
3 -50.0 50
4 -22.0 22
5 -26.0 26
0 -30.0 30
1 -50.0 50
2 -50.0 50
3 -50.0 50
4 -50.0 50
5 -48.0 48
0 -50.0 50
1 -50.0 50
2 -46.0 46
3 -31.0 31
4 -43.0 43
5 -38.0 38
0 -50.0 50
1 -50.0 50
2 -50.0 50
3 -30.0 30
4 -15.0 15
5 -50.0 50
0 -50.0 50
1 -47.0 47
2 -50.0 50
3 -50.0 50
4 -50.0 50
5 -9.0 9
0 -50.0 50
1 -50.0 50
2 -50.0 50
3 -37.0 37
4 -30.0 30
5 -50.0 50
0 -36.0 36
1 -50.0 50
2 -50.0 50
3 -36.0 36
4 -43.0 43
5 -50.0 50
0 -50.0 50
1 -32.0 32
2 -50.0 50
3 -50.0 50
4 -38.0 38
5 -50.0 50
0 -29.0 29
1 -50.0 50
2 -50.0 50
3 -39.0 39
4 -50.0 50
5 -50.0 50
0 -50.0 50
1 -12.0 12
2 -45.0 45
3 -50.0 50
4 -50.0 50
5 -50.0 50
