0 -50.0 50
1 -50.0 50
2 -50.0 50
3 -50.0 50
4 -24.0 24
5 -32.0 32
6 -42.0 42
7 -21.0 21
8 -11.0 11
9 -21.0 21
10 -17.0 17
11 -9.0 9
12 -11.0 11
13 -16.0 16
14 -10.0 10
15 -9.0 9
16 -10.0 10
17 -12.0 12
18 -7.0 7
19 -7.0 7
20 -7.0 7
21 -7.0 7
0 -29.0 29
1 -50.0 50
2 -49.0 49
3 -50.0 50
4 -40.0 40
5 -50.0 50
6 -17.0 17
7 -7.0 7
8 -7.0 7
9 -10.0 10
10 -7.0 7
11 -7.0 7
12 -11.0 11
13 -50.0 50
14 -17.0 17
15 -13.0 13
16 -7.0 7
17 -7.0 7
18 -9.0 9
19 -7.0 7
20 -7.0 7
21 -9.0 9
0 -50.0 50
1 -50.0 50
2 -21.0 21
3 -31.0 31
4 -30.0 30
5 -50.0 50
6 -50.0 50
7 -50.0 50
8 -7.0 7
9 -37.0 37
10 -7.0 7
11 -15.0 15
12 -28.0 28
13 -15.0 15
14 -7.0 7
15 -8.0 8
16 -7.0 7
17 -8.0 8
18 -7.0 7
19 -9.0 9
20 -7.0 7
21 -7.0 7
0 -22.0 22
1 -50.0 50
2 -50.0 50
3 -50.0 50
4 -25.0 25
5 -50.0 50
6 -13.0 13
7 -14.0 14
8 -14.0 14
9 -50.0 50
10 -46.0 46
11 -17.0 17
12 -19.0 19
13 -9.0 9
14 -8.0 8
15 -11.0 11
16 -16.0 16
17 -16.0 16
18 -19.0 19
19 -10.0 10
20 -7.0 7
21 -7.0 7
0 -50.0 50
1 -50.0 50
2 -50.0 50
3 -30.0 30
4 -43.0 43
5 -19.0 19
6 -50.0 50
7 -29.0 29
8 -14.0 14
9 -13.0 13
10 -15.0 15
11 -13.0 13
12 -8.0 8
13 -8.0 8
14 -7.0 7
15 -9.0 9
16 -8.0 8
17 -14.0 14
18 -18.0 18
19 -9.0 9
20 -7.0 7
21 -7.0 7
0 -50.0 50
1 -44.0 44
2 -50.0 50
3 -33.0 33
4 -50.0 50
5 -37.0 37
6 -50.0 50
7 -35.0 35
8 -7.0 7
9 -7.0 7
10 -12.0 12
11 -25.0 25
12 -8.0 8
13 -7.0 7
14 -7.0 7
15 -7.0 7
16 -7.0 7
17 -24.0 24
18 -7.0 7
19 -9.0 9
20 -7.0 7
21 -7.0 7
0 -30.0 30
1 -50.0 50
2 -50.0 50
3 -22.0 22
4 -50.0 50
5 -50.0 50
6 -50.0 50
7 -38.0 38
8 -33.0 33
9 -13.0 13
10 -7.0 7
11 -7.0 7
12 -13.0 13
13 -12.0 12
14 -15.0 15
15 -7.0 7
16 -8.0 8
17 -7.0 7
18 -8.0 8
19 -8.0 8
20 -8.0 8
21 -7.0 7
0 -50.0 50
1 -34.0 34
2 -50.0 50
3 -50.0 50
4 -50.0 50
5 -14.0 14
6 -11.0 11
7 -13.0 13
8 -50.0 50
9 -37.0 37
10 -18.0 18
11 -10.0 10
12 -8.0 8
13 -18.0 18
14 -10.0 10
15 -7.0 7
16 -14.0 14
17 -9.0 9
18 -7.0 7
19 -7.0 7
20 -7.0 7
21 -7.0 7
0 -50.0 50
1 -50.0 50
2 -50.0 50
3 -39.0 39
4 -50.0 50
5 -18.0 18
6 -13.0 13
7 -10.0 10
8 -50.0 50
9 -29.0 29
10 -10.0 10
11 -11.0 11
12 -10.0 10
13 -7.0 7
14 -7.0 7
15 -9.0 9
16 -10.0 10
17 -9.0 9
18 -7.0 7
19 -7.0 7
20 -7.0 7
21 -7.0 7
0 -50.0 50
1 -36.0 36
2 -50.0 50
3 -50.0 50
4 -34.0 34
5 -50.0 50
6 -25.0 25
7 -25.0 25
8 -38.0 38
9 -18.0 18
10 -12.0 12
11 -20.0 20
12 -8.0 8
13 -9.0 9
14 -10.0 10
15 -7.0 7
16 -8.0 8
17 -7.0 7
18 -8.0 8
19 -7.0 7
20 -9.0 9
21 -7.0 7
0 -50.0 50
1 -47.0 47
2 -50.0 50
3 -39.0 39
4 -21.0 21
5 -21.0 21
6 -28.0 28
7 -20.0 20
8 -39.0 39
9 -11.0 11
10 -11.0 11
11 -14.0 14
12 -22.0 22
13 -20.0 20
14 -17.0 17
15 -17.0 17
16 -50.0 50
17 -20.0 20
18 -29.0 29
19 -12.0 12
20 -11.0 11
21 -12.0 12
0 -50.0 50
1 -50.0 50
2 -25.0 25
3 -50.0 50
4 -50.0 50
5 -48.0 48
6 -19.0 19
7 -7.0 7
8 -7.0 7
9 -7.0 7
10 -10.0 10
11 -13.0 13
12 -8.0 8
13 -13.0 13
14 -20.0 20
15 -11.0 11
16 -11.0 11
17 -7.0 7
18 -7.0 7
19 -8.0 8
20 -7.0 7
21 -7.0 7
0 -50.0 50
1 -50.0 50
2 -50.0 50
3 -22.0 22
4 -23.0 23
5 -38.0 38
6 -50.0 50
7 -37.0 37
8 -28.0 28
9 -50.0 50
10 -11.0 11
11 -15.0 15
12 -16.0 16
13 -11.0 11
14 -11.0 11
15 -7.0 7
16 -8.0 8
17 -8.0 8
18 -8.0 8
19 -7.0 7
20 -7.0 7
21 -32.0 32
0 -50.0 50
1 -50.0 50
2 -50.0 50
3 -32.0 32
4 -50.0 50
5 -24.0 24
6 -14.0 14
7 -11.0 11
8 -50.0 50
9 -20.0 20
10 -17.0 17
11 -24.0 24
12 -23.0 23
13 -17.0 17
14 -12.0 12
15 -7.0 7
16 -8.0 8
17 -7.0 7
18 -7.0 7
19 -9.0 9
20 -7.0 7
21 -7.0 7
0 -36.0 36
1 -50.0 50
2 -50.0 50
3 -38.0 38
4 -50.0 50
5 -50.0 50
6 -26.0 26
7 -11.0 11
8 -7.0 7
9 -8.0 8
10 -19.0 19
11 -16.0 16
12 -8.0 8
13 -13.0 13
14 -11.0 11
15 -14.0 14
16 -22.0 22
17 -36.0 36
18 -18.0 18
19 -10.0 10
20 -10.0 10
21 -10.0 10
0 -50.0 50
1 -50.0 50
2 -50.0 50
3 -50.0 50
4 -33.0 33
5 -50.0 50
6 -50.0 50
7 -17.0 17
8 -10.0 10
9 -14.0 14
10 -9.0 9
11 -7.0 7
12 -7.0 7
13 -7.0 7
14 -21.0 21
15 -8.0 8
16 -9.0 9
17 -25.0 25
18 -12.0 12
19 -7.0 7
20 -7.0 7
21 -7.0 7
0 -50.0 50
1 -13.0 13
2 -50.0 50
3 -25.0 25
4 -38.0 38
5 -50.0 50
6 -49.0 49
7 -50.0 50
8 -49.0 49
9 -24.0 24
10 -12.0 12
11 -7.0 7
12 -24.0 24
13 -9.0 9
14 -12.0 12
15 -14.0 14
16 -12.0 12
17 -7.0 7
18 -7.0 7
19 -9.0 9
20 -7.0 7
21 -7.0 7
0 -50.0 50
1 -38.0 38
2 -49.0 49
3 -50.0 50
4 -40.0 40
5 -45.0 45
6 -50.0 50
7 -47.0 47
8 -35.0 35
9 -18.0 18
10 -19.0 19
11 -10.0 10
12 -9.0 9
13 -8.0 8
14 -13.0 13
15 -8.0 8
16 -7.0 7
17 -7.0 7
18 -7.0 7
19 -7.0 7
20 -7.0 7
21 -7.0 7
0 -50.0 50
1 -50.0 50
2 -38.0 38
3 -50.0 50
4 -49.0 49
5 -21.0 21
6 -50.0 50
7 -50.0 50
8 -43.0 43
9 -50.0 50
10 -22.0 22
11 -12.0 12
12 -8.0 8
13 -7.0 7
14 -7.0 7
15 -9.0 9
16 -7.0 7
17 -7.0 7
18 -7.0 7
19 -7.0 7
20 -7.0 7
21 -7.0 7
0 -50.0 50
1 -50.0 50
2 -50.0 50
3 -50.0 50
4 -34.0 34
5 -29.0 29
6 -50.0 50
7 -29.0 29
8 -25.0 25
9 -18.0 18
10 -9.0 9
11 -18.0 18
12 -10.0 10
13 -7.0 7
14 -7.0 7
15 -8.0 8
16 -15.0 15
17 -9.0 9
18 -16.0 16
19 -7.0 7
20 -7.0 7
21 -7.0 7
0 -50.0 50
1 -50.0 50
2 -50.0 50
3 -50.0 50
4 -24.0 24
5 -50.0 50
6 -27.0 27
7 -25.0 25
8 -23.0 23
9 -15.0 15
10 -7.0 7
11 -10.0 10
12 -17.0 17
13 -7.0 7
14 -11.0 11
15 -9.0 9
16 -7.0 7
17 -14.0 14
18 -12.0 12
19 -9.0 9
20 -7.0 7
21 -7.0 7
0 -38.0 38
1 -50.0 50
2 -50.0 50
3 -50.0 50
4 -48.0 48
5 -50.0 50
6 -48.0 48
7 -15.0 15
8 -19.0 19
9 -13.0 13
10 -17.0 17
11 -8.0 8
12 -7.0 7
13 -7.0 7
14 -8.0 8
15 -10.0 10
16 -7.0 7
17 -8.0 8
18 -15.0 15
19 -9.0 9
20 -13.0 13
21 -7.0 7
0 -50.0 50
1 -44.0 44
2 -50.0 50
3 -50.0 50
4 -50.0 50
5 -50.0 50
6 -29.0 29
7 -12.0 12
8 -21.0 21
9 -13.0 13
10 -8.0 8
11 -9.0 9
12 -10.0 10
13 -7.0 7
14 -7.0 7
15 -7.0 7
16 -14.0 14
17 -19.0 19
18 -35.0 35
19 -11.0 11
20 -7.0 7
21 -7.0 7
0 -50.0 50
1 -41.0 41
2 -50.0 50
3 -50.0 50
4 -27.0 27
5 -33.0 33
6 -17.0 17
7 -17.0 17
8 -24.0 24
9 -28.0 28
10 -11.0 11
11 -8.0 8
12 -14.0 14
13 -36.0 36
14 -24.0 24
15 -13.0 13
16 -50.0 50
17 -26.0 26
18 -20.0 20
19 -13.0 13
20 -7.0 7
21 -7.0 7
0 -50.0 50
1 -50.0 50
2 -50.0 50
3 -50.0 50
4 -13.0 13
5 -23.0 23
6 -30.0 30
7 -42.0 42
8 -38.0 38
9 -16.0 16
10 -21.0 21
11 -16.0 16
12 -10.0 10
13 -13.0 13
14 -8.0 8
15 -7.0 7
16 -8.0 8
17 -9.0 9
18 -11.0 11
19 -12.0 12
20 -8.0 8
21 -10.0 10
0 -50.0 50
1 -50.0 50
2 -50.0 50
3 -50.0 50
4 -36.0 36
5 -19.0 19
6 -17.0 17
7 -21.0 21
8 -38.0 38
9 -50.0 50
10 -11.0 11
11 -36.0 36
12 -8.0 8
13 -9.0 9
14 -8.0 8
15 -8.0 8
16 -7.0 7
17 -7.0 7
18 -7.0 7
19 -12.0 12
20 -10.0 10
21 -7.0 7
0 -50.0 50
1 -26.0 26
2 -50.0 50
3 -50.0 50
4 -16.0 16
5 -17.0 17
6 -36.0 36
7 -50.0 50
8 -50.0 50
9 -50.0 50
10 -50.0 50
11 -33.0 33
12 -15.0 15
13 -14.0 14
14 -16.0 16
15 -18.0 18
16 -12.0 12
17 -14.0 14
18 -12.0 12
19 -13.0 13
20 -8.0 8
21 -7.0 7
0 -50.0 50
1 -30.0 30
2 -50.0 50
3 -20.0 20
4 -50.0 50
5 -50.0 50
6 -50.0 50
7 -31.0 31
8 -9.0 9
9 -7.0 7
10 -12.0 12
11 -25.0 25
12 -11.0 11
13 -12.0 12
14 -18.0 18
15 -10.0 10
16 -8.0 8
17 -7.0 7
18 -9.0 9
19 -7.0 7
20 -7.0 7
21 -7.0 7
0 -50.0 50
1 -22.0 22
2 -50.0 50
3 -50.0 50
4 -50.0 50
5 -50.0 50
6 -34.0 34
7 -26.0 26
8 -8.0 8
9 -7.0 7
10 -9.0 9
11 -10.0 10
12 -11.0 11
13 -15.0 15
14 -23.0 23
15 -7.0 7
16 -7.0 7
17 -7.0 7
18 -7.0 7
19 -8.0 8
20 -7.0 7
21 -7.0 7
0 -50.0 50
1 -50.0 50
2 -50.0 50
3 -50.0 50
4 -12.0 12
5 -36.0 36
6 -21.0 21
7 -50.0 50
8 -14.0 14
9 -26.0 26
10 -16.0 16
11 -12.0 12
12 -12.0 12
13 -12.0 12
14 -8.0 8
15 -10.0 10
16 -21.0 21
17 -23.0 23
18 -14.0 14
19 -12.0 12
20 -7.0 7
21 -7.0 7
0 -50.0 50
1 -50.0 50
2 -50.0 50
3 -50.0 50
4 -38.0 38
5 -14.0 14
6 -16.0 16
7 -34.0 34
8 -20.0 20
9 -11.0 11
10 -18.0 18
11 -14.0 14
12 -7.0 7
13 -8.0 8
14 -7.0 7
15 -7.0 7
16 -8.0 8
17 -7.0 7
18 -7.0 7
19 -9.0 9
20 -8.0 8
21 -12.0 12
0 -26.0 26
1 -50.0 50
2 -50.0 50
3 -50.0 50
4 -30.0 30
5 -50.0 50
6 -50.0 50
7 -32.0 32
8 -50.0 50
9 -9.0 9
10 -10.0 10
11 -9.0 9
12 -11.0 11
13 -10.0 10
14 -8.0 8
15 -8.0 8
16 -9.0 9
17 -8.0 8
18 -8.0 8
19 -7.0 7
20 -7.0 7
21 -8.0 8
0 -50.0 50
1 -50.0 50
2 -34.0 34
3 -18.0 18
4 -50.0 50
5 -50.0 50
6 -50.0 50
7 -32.0 32
8 -24.0 24
9 -20.0 20
10 -8.0 8
11 -7.0 7
12 -7.0 7
13 -8.0 8
14 -16.0 16
15 -17.0 17
16 -9.0 9
17 -7.0 7
18 -7.0 7
19 -7.0 7
20 -7.0 7
21 -7.0 7
0 -50.0 50
1 -50.0 50
2 -49.0 49
3 -38.0 38
4 -23.0 23
5 -50.0 50
6 -50.0 50
7 -50.0 50
8 -18.0 18
9 -15.0 15
10 -7.0 7
11 -10.0 10
12 -14.0 14
13 -7.0 7
14 -7.0 7
15 -8.0 8
16 -14.0 14
17 -11.0 11
18 -7.0 7
19 -7.0 7
20 -7.0 7
21 -7.0 7
0 -50.0 50
1 -50.0 50
2 -50.0 50
3 -50.0 50
4 -37.0 37
5 -50.0 50
6 -14.0 14
7 -31.0 31
8 -19.0 19
9 -13.0 13
10 -7.0 7
11 -14.0 14
12 -28.0 28
13 -24.0 24
14 -32.0 32
15 -50.0 50
16 -29.0 29
17 -10.0 10
18 -7.0 7
19 -7.0 7
20 -7.0 7
21 -7.0 7
0 -50.0 50
1 -50.0 50
2 -50.0 50
3 -21.0 21
4 -50.0 50
5 -22.0 22
6 -50.0 50
7 -40.0 40
8 -18.0 18
9 -12.0 12
10 -10.0 10
11 -7.0 7
12 -9.0 9
13 -18.0 18
14 -11.0 11
15 -7.0 7
16 -8.0 8
17 -9.0 9
18 -7.0 7
19 -9.0 9
20 -8.0 8
21 -7.0 7
0 -50.0 50
1 -50.0 50
2 -34.0 34
3 -49.0 49
4 -50.0 50
5 -22.0 22
6 -27.0 27
7 -20.0 20
8 -8.0 8
9 -8.0 8
10 -9.0 9
11 -17.0 17
12 -9.0 9
13 -7.0 7
14 -44.0 44
15 -50.0 50
16 -10.0 10
17 -10.0 10
18 -9.0 9
19 -7.0 7
20 -11.0 11
21 -7.0 7
0 -50.0 50
1 -50.0 50
2 -50.0 50
3 -50.0 50
4 -32.0 32
5 -26.0 26
6 -20.0 20
7 -26.0 26
8 -27.0 27
9 -13.0 13
10 -30.0 30
11 -18.0 18
12 -11.0 11
13 -12.0 12
14 -7.0 7
15 -8.0 8
16 -7.0 7
17 -10.0 10
18 -8.0 8
19 -7.0 7
20 -7.0 7
21 -7.0 7
0 -50.0 50
1 -24.0 24
2 -50.0 50
3 -50.0 50
4 -50.0 50
5 -40.0 40
6 -17.0 17
7 -27.0 27
8 -17.0 17
9 -9.0 9
10 -16.0 16
11 -9.0 9
12 -14.0 14
13 -15.0 15
14 -9.0 9
15 -16.0 16
16 -10.0 10
17 -7.0 7
18 -7.0 7
19 -7.0 7
20 -7.0 7
21 -7.0 7
0 -50.0 50
1 -50.0 50
2 -50.0 50
3 -37.0 37
4 -40.0 40
5 -50.0 50
6 -17.0 17
7 -12.0 12
8 -50.0 50
9 -39.0 39
10 -36.0 36
11 -14.0 14
12 -13.0 13
13 -7.0 7
14 -9.0 9
15 -11.0 11
16 -7.0 7
17 -9.0 9
18 -7.0 7
19 -7.0 7
20 -7.0 7
21 -7.0 7
