
0 -50.0 50
10 -50.0 50
20 -50.0 50
30 -50.0 50
40 -9.0 9
50 -9.0 9
60 -9.0 9
70 -9.0 9
80 -9.0 9
90 -9.0 9
100 -9.0 9
110 -9.0 9
120 -9.0 9
130 -9.0 9
140 -9.0 9
150 -9.0 9
160 -9.0 9
170 -9.0 9
180 -9.0 9
190 -9.0 9
200 -9.0 9
210 -9.0 9
220 -9.0 9
230 -9.0 9
240 -9.0 9
250 -9.0 9
260 -9.0 9
270 -9.0 9
280 -9.0 9
290 -9.0 9
300 -9.0 9
310 -9.0 9
320 -9.0 9
330 -9.0 9
340 -9.0 9
350 -9.0 9
360 -9.0 9
370 -9.0 9
380 -9.0 9
390 -9.0 9
400 -9.0 9
410 -9.0 9
420 -9.0 9
430 -9.0 9
440 -9.0 9
450 -9.0 9
460 -9.0 9
470 -9.0 9
480 -9.0 9
490 -9.0 9
499 -9.0 9
0 -50.0 50
10 -50.0 50
20 -50.0 50
30 -9.0 9
40 -9.0 9
50 -9.0 9
60 -9.0 9
70 -9.0 9
80 -9.0 9
90 -9.0 9
100 -9.0 9
110 -9.0 9
120 -9.0 9
130 -9.0 9
140 -9.0 9
150 -9.0 9
160 -9.0 9
170 -9.0 9
180 -9.0 9
190 -9.0 9
200 -9.0 9
210 -9.0 9
220 -9.0 9
230 -9.0 9
240 -9.0 9
250 -9.0 9
260 -9.0 9
270 -9.0 9
280 -9.0 9
290 -9.0 9
300 -9.0 9
310 -9.0 9
320 -9.0 9
330 -9.0 9
340 -9.0 9
350 -9.0 9
360 -9.0 9
370 -9.0 9
380 -9.0 9
390 -9.0 9
400 -9.0 9
410 -9.0 9
420 -9.0 9
430 -9.0 9
440 -9.0 9
450 -9.0 9
460 -9.0 9
470 -9.0 9
480 -9.0 9
490 -9.0 9
499 -9.0 9
0 -50.0 50
10 -50.0 50
20 -50.0 50
30 -50.0 50
40 -9.0 9
50 -9.0 9
60 -9.0 9
70 -9.0 9
80 -9.0 9
90 -9.0 9
100 -9.0 9
110 -9.0 9
120 -9.0 9
130 -9.0 9
140 -9.0 9
150 -9.0 9
160 -9.0 9
170 -9.0 9
180 -9.0 9
190 -9.0 9
200 -9.0 9
210 -9.0 9
220 -9.0 9
230 -9.0 9
240 -9.0 9
250 -9.0 9
260 -9.0 9
270 -9.0 9
280 -9.0 9
290 -9.0 9
300 -9.0 9
310 -9.0 9
320 -9.0 9
330 -9.0 9
340 -9.0 9
350 -9.0 9
360 -9.0 9
370 -9.0 9
380 -9.0 9
390 -9.0 9
400 -9.0 9
410 -9.0 9
420 -9.0 9
430 -9.0 9
440 -9.0 9
450 -9.0 9
460 -9.0 9
470 -9.0 9
480 -9.0 9
490 -9.0 9
499 -9.0 9
0 -50.0 50
10 -50.0 50
20 -50.0 50
30 -9.0 9
40 -9.0 9
50 -9.0 9
60 -9.0 9
70 -9.0 9
80 -9.0 9
90 -9.0 9
100 -9.0 9
110 -9.0 9
120 -9.0 9
130 -9.0 9
140 -9.0 9
150 -9.0 9
160 -9.0 9
170 -9.0 9
180 -9.0 9
190 -9.0 9
200 -9.0 9
210 -9.0 9
220 -9.0 9
230 -9.0 9
240 -9.0 9
250 -9.0 9
260 -9.0 9
270 -9.0 9
280 -9.0 9
290 -9.0 9
300 -9.0 9
310 -9.0 9
320 -9.0 9
330 -9.0 9
340 -9.0 9
350 -9.0 9
360 -9.0 9
370 -9.0 9
380 -9.0 9
390 -9.0 9
400 -9.0 9
410 -9.0 9
420 -9.0 9
430 -9.0 9
440 -9.0 9
450 -9.0 9
460 -9.0 9
470 -9.0 9
480 -9.0 9
490 -9.0 9
499 -9.0 9
0 -50.0 50
10 -50.0 50
20 -50.0 50
30 -50.0 50
40 -50.0 50
50 -9.0 9
60 -9.0 9
70 -9.0 9
80 -9.0 9
90 -9.0 9
100 -9.0 9
110 -9.0 9
120 -9.0 9
130 -9.0 9
140 -9.0 9
150 -9.0 9
160 -9.0 9
170 -9.0 9
180 -9.0 9
190 -9.0 9
200 -9.0 9
210 -9.0 9
220 -9.0 9
230 -9.0 9
240 -9.0 9
250 -9.0 9
260 -9.0 9
270 -9.0 9
280 -9.0 9
290 -9.0 9
300 -9.0 9
310 -9.0 9
320 -9.0 9
330 -9.0 9
340 -9.0 9
350 -9.0 9
360 -9.0 9
370 -9.0 9
380 -9.0 9
390 -9.0 9
400 -9.0 9
410 -9.0 9
420 -9.0 9
430 -9.0 9
440 -9.0 9
450 -9.0 9
460 -9.0 9
470 -9.0 9
480 -9.0 9
490 -9.0 9
499 -9.0 9
0 -50.0 50
10 -50.0 50
20 -50.0 50
30 -50.0 50
40 -9.0 9
50 -9.0 9
60 -9.0 9
70 -9.0 9
80 -9.0 9
90 -9.0 9
100 -9.0 9
110 -9.0 9
120 -9.0 9
130 -9.0 9
140 -9.0 9
150 -9.0 9
160 -9.0 9
170 -9.0 9
180 -9.0 9
190 -9.0 9
200 -9.0 9
210 -9.0 9
220 -9.0 9
230 -9.0 9
240 -9.0 9
250 -9.0 9
260 -9.0 9
270 -9.0 9
280 -9.0 9
290 -9.0 9
300 -9.0 9
310 -9.0 9
320 -9.0 9
330 -9.0 9
340 -9.0 9
350 -9.0 9
360 -9.0 9
370 -9.0 9
380 -9.0 9
390 -9.0 9
400 -9.0 9
410 -9.0 9
420 -9.0 9
430 -9.0 9
440 -9.0 9
450 -9.0 9
460 -9.0 9
470 -9.0 9
480 -9.0 9
490 -9.0 9
499 -9.0 9
0 -50.0 50
10 -50.0 50
20 -50.0 50
30 -9.0 9
40 -9.0 9
50 -9.0 9
60 -9.0 9
70 -9.0 9
80 -9.0 9
90 -9.0 9
100 -9.0 9
110 -9.0 9
120 -9.0 9
130 -9.0 9
140 -9.0 9
150 -9.0 9
160 -9.0 9
170 -9.0 9
180 -9.0 9
190 -9.0 9
200 -9.0 9
210 -9.0 9
220 -9.0 9
230 -9.0 9
240 -9.0 9
250 -9.0 9
260 -9.0 9
270 -9.0 9
280 -9.0 9
290 -9.0 9
300 -9.0 9
310 -9.0 9
320 -9.0 9
330 -9.0 9
340 -9.0 9
350 -9.0 9
360 -9.0 9
370 -9.0 9
380 -9.0 9
390 -9.0 9
400 -9.0 9
410 -9.0 9
420 -9.0 9
430 -9.0 9
440 -9.0 9
450 -9.0 9
460 -9.0 9
470 -9.0 9
480 -9.0 9
490 -9.0 9
499 -9.0 9
0 -50.0 50
10 -50.0 50
20 -50.0 50
30 -50.0 50
40 -9.0 9
50 -9.0 9
60 -9.0 9
70 -9.0 9
80 -9.0 9
90 -9.0 9
100 -9.0 9
110 -9.0 9
120 -9.0 9
130 -9.0 9
140 -9.0 9
150 -9.0 9
160 -9.0 9
170 -9.0 9
180 -9.0 9
190 -9.0 9
200 -9.0 9
210 -9.0 9
220 -9.0 9
230 -9.0 9
240 -9.0 9
250 -9.0 9
260 -9.0 9
270 -9.0 9
280 -9.0 9
290 -9.0 9
300 -9.0 9
310 -9.0 9
320 -9.0 9
330 -9.0 9
340 -9.0 9
350 -9.0 9
360 -9.0 9
370 -9.0 9
380 -9.0 9
390 -9.0 9
400 -9.0 9
410 -9.0 9
420 -9.0 9
430 -9.0 9
440 -9.0 9
450 -9.0 9
460 -9.0 9
470 -9.0 9
480 -9.0 9
490 -9.0 9
499 -9.0 9
0 -50.0 50
10 -50.0 50
20 -50.0 50
30 -50.0 50
40 -50.0 50
50 -9.0 9
60 -9.0 9
70 -9.0 9
80 -9.0 9
90 -9.0 9
100 -9.0 9
110 -9.0 9
120 -9.0 9
130 -9.0 9
140 -9.0 9
150 -9.0 9
160 -9.0 9
170 -9.0 9
180 -9.0 9
190 -9.0 9
200 -9.0 9
210 -9.0 9
220 -9.0 9
230 -9.0 9
240 -9.0 9
250 -9.0 9
260 -9.0 9
270 -9.0 9
280 -9.0 9
290 -9.0 9
300 -9.0 9
310 -9.0 9
320 -9.0 9
330 -9.0 9
340 -9.0 9
350 -9.0 9
360 -9.0 9
370 -9.0 9
380 -9.0 9
390 -9.0 9
400 -9.0 9
410 -9.0 9
420 -9.0 9
430 -9.0 9
440 -9.0 9
450 -9.0 9
460 -9.0 9
470 -9.0 9
480 -9.0 9
490 -9.0 9
499 -9.0 9
0 -50.0 50
10 -50.0 50
20 -50.0 50
30 -50.0 50
40 -50.0 50
50 -9.0 9
60 -9.0 9
70 -9.0 9
80 -9.0 9
90 -9.0 9
100 -9.0 9
110 -9.0 9
120 -9.0 9
130 -9.0 9
140 -9.0 9
150 -9.0 9
160 -9.0 9
170 -9.0 9
180 -9.0 9
190 -9.0 9
200 -9.0 9
210 -9.0 9
220 -9.0 9
230 -9.0 9
240 -9.0 9
250 -9.0 9
260 -9.0 9
270 -9.0 9
280 -9.0 9
290 -9.0 9
300 -9.0 9
310 -9.0 9
320 -9.0 9
330 -9.0 9
340 -9.0 9
350 -9.0 9
360 -9.0 9
370 -9.0 9
380 -9.0 9
390 -9.0 9
400 -9.0 9
410 -9.0 9
420 -9.0 9
430 -9.0 9
440 -9.0 9
450 -9.0 9
460 -9.0 9
470 -9.0 9
480 -9.0 9
490 -9.0 9
499 -9.0 9
0 -50.0 50
10 -50.0 50
20 -50.0 50
30 -50.0 50
40 -9.0 9
50 -9.0 9
60 -9.0 9
70 -9.0 9
80 -9.0 9
90 -9.0 9
100 -9.0 9
110 -9.0 9
120 -9.0 9
130 -9.0 9
140 -9.0 9
150 -9.0 9
160 -9.0 9
170 -9.0 9
180 -9.0 9
190 -9.0 9
200 -9.0 9
210 -9.0 9
220 -9.0 9
230 -9.0 9
240 -9.0 9
250 -9.0 9
260 -9.0 9
270 -9.0 9
280 -9.0 9
290 -9.0 9
300 -9.0 9
310 -9.0 9
320 -9.0 9
330 -9.0 9
340 -9.0 9
350 -9.0 9
360 -9.0 9
370 -9.0 9
380 -9.0 9
390 -9.0 9
400 -9.0 9
410 -9.0 9
420 -9.0 9
430 -9.0 9
440 -9.0 9
450 -9.0 9
460 -9.0 9
470 -9.0 9
480 -9.0 9
490 -9.0 9
499 -9.0 9
0 -50.0 50
10 -50.0 50
20 -50.0 50
30 -50.0 50
40 -50.0 50
50 -50.0 50
60 -9.0 9
70 -9.0 9
80 -9.0 9
90 -9.0 9
100 -9.0 9
110 -9.0 9
120 -9.0 9
130 -9.0 9
140 -9.0 9
150 -50.0 50
160 -9.0 9
170 -9.0 9
180 -9.0 9
190 -9.0 9
200 -9.0 9
210 -9.0 9
220 -9.0 9
230 -9.0 9
240 -9.0 9
250 -9.0 9
260 -9.0 9
270 -9.0 9
280 -9.0 9
290 -9.0 9
300 -9.0 9
310 -9.0 9
320 -9.0 9
330 -9.0 9
340 -9.0 9
350 -9.0 9
360 -9.0 9
370 -9.0 9
380 -9.0 9
390 -9.0 9
400 -9.0 9
410 -9.0 9
420 -9.0 9
430 -9.0 9
440 -9.0 9
450 -9.0 9
460 -9.0 9
470 -9.0 9
480 -9.0 9
490 -9.0 9
499 -9.0 9
0 -50.0 50
10 -50.0 50
20 -50.0 50
30 -50.0 50
40 -50.0 50
50 -9.0 9
60 -9.0 9
70 -9.0 9
80 -9.0 9
90 -9.0 9
100 -9.0 9
110 -9.0 9
120 -9.0 9
130 -9.0 9
140 -9.0 9
150 -9.0 9
160 -9.0 9
170 -9.0 9
180 -9.0 9
190 -9.0 9
200 -9.0 9
210 -9.0 9
220 -9.0 9
230 -9.0 9
240 -9.0 9
250 -9.0 9
260 -9.0 9
270 -9.0 9
280 -9.0 9
290 -9.0 9
300 -9.0 9
310 -9.0 9
320 -9.0 9
330 -9.0 9
340 -9.0 9
350 -9.0 9
360 -9.0 9
370 -9.0 9
380 -9.0 9
390 -9.0 9
400 -9.0 9
410 -9.0 9
420 -9.0 9
430 -9.0 9
440 -9.0 9
450 -9.0 9
460 -9.0 9
470 -9.0 9
480 -9.0 9
490 -9.0 9
499 -9.0 9
0 -50.0 50
10 -50.0 50
20 -50.0 50
30 -50.0 50
40 -50.0 50
50 -50.0 50
60 -9.0 9
70 -9.0 9
80 -9.0 9
90 -9.0 9
100 -9.0 9
110 -9.0 9
120 -9.0 9
130 -9.0 9
140 -9.0 9
150 -9.0 9
160 -9.0 9
170 -9.0 9
180 -9.0 9
190 -9.0 9
200 -9.0 9
210 -9.0 9
220 -9.0 9
230 -9.0 9
240 -9.0 9
250 -9.0 9
260 -9.0 9
270 -9.0 9
280 -9.0 9
290 -9.0 9
300 -9.0 9
310 -9.0 9
320 -9.0 9
330 -9.0 9
340 -9.0 9
350 -9.0 9
360 -9.0 9
370 -9.0 9
380 -9.0 9
390 -9.0 9
400 -9.0 9
410 -9.0 9
420 -9.0 9
430 -9.0 9
440 -9.0 9
450 -9.0 9
460 -9.0 9
470 -9.0 9
480 -9.0 9
490 -9.0 9
499 -9.0 9
0 -50.0 50
10 -50.0 50
20 -50.0 50
30 -50.0 50
40 -50.0 50
50 -9.0 9
60 -50.0 50
70 -9.0 9
80 -9.0 9
90 -9.0 9
100 -9.0 9
110 -9.0 9
120 -9.0 9
130 -9.0 9
140 -9.0 9
150 -9.0 9
160 -9.0 9
170 -9.0 9
180 -9.0 9
190 -9.0 9
200 -9.0 9
210 -9.0 9
220 -9.0 9
230 -9.0 9
240 -9.0 9
250 -9.0 9
260 -9.0 9
270 -9.0 9
280 -9.0 9
290 -9.0 9
300 -9.0 9
310 -9.0 9
320 -9.0 9
330 -9.0 9
340 -9.0 9
350 -9.0 9
360 -9.0 9
370 -9.0 9
380 -9.0 9
390 -9.0 9
400 -9.0 9
410 -9.0 9
420 -9.0 9
430 -9.0 9
440 -9.0 9
450 -9.0 9
460 -9.0 9
470 -9.0 9
480 -9.0 9
490 -9.0 9
499 -9.0 9
0 -50.0 50
10 -50.0 50
20 -50.0 50
30 -50.0 50
40 -9.0 9
50 -9.0 9
60 -50.0 50
70 -9.0 9
80 -9.0 9
90 -9.0 9
100 -9.0 9
110 -9.0 9
120 -9.0 9
130 -9.0 9
140 -9.0 9
150 -9.0 9
160 -9.0 9
170 -9.0 9
180 -9.0 9
190 -9.0 9
200 -9.0 9
210 -9.0 9
220 -9.0 9
230 -9.0 9
240 -9.0 9
250 -9.0 9
260 -9.0 9
270 -9.0 9
280 -9.0 9
290 -9.0 9
300 -9.0 9
310 -9.0 9
320 -9.0 9
330 -9.0 9
340 -9.0 9
350 -9.0 9
360 -9.0 9
370 -9.0 9
380 -9.0 9
390 -9.0 9
400 -9.0 9
410 -9.0 9
420 -9.0 9
430 -9.0 9
440 -9.0 9
450 -9.0 9
460 -9.0 9
470 -9.0 9
480 -9.0 9
490 -9.0 9
499 -9.0 9
0 -50.0 50
10 -50.0 50
20 -50.0 50
30 -9.0 9
40 -9.0 9
50 -9.0 9
60 -9.0 9
70 -9.0 9
80 -9.0 9
90 -9.0 9
100 -9.0 9
110 -9.0 9
120 -9.0 9
130 -9.0 9
140 -9.0 9
150 -9.0 9
160 -9.0 9
170 -9.0 9
180 -9.0 9
190 -9.0 9
200 -9.0 9
210 -9.0 9
220 -9.0 9
230 -9.0 9
240 -9.0 9
250 -9.0 9
260 -9.0 9
270 -9.0 9
280 -9.0 9
290 -9.0 9
300 -9.0 9
310 -9.0 9
320 -9.0 9
330 -9.0 9
340 -9.0 9
350 -9.0 9
360 -9.0 9
370 -9.0 9
380 -9.0 9
390 -9.0 9
400 -9.0 9
410 -9.0 9
420 -9.0 9
430 -9.0 9
440 -9.0 9
450 -9.0 9
460 -9.0 9
470 -9.0 9
480 -9.0 9
490 -9.0 9
499 -9.0 9
0 -50.0 50
10 -50.0 50
20 -50.0 50
30 -50.0 50
40 -10.0 10
50 -10.0 10
60 -50.0 50
70 -10.0 10
80 -10.0 10
90 -10.0 10
100 -10.0 10
110 -10.0 10
120 -10.0 10
130 -10.0 10
140 -10.0 10
150 -10.0 10
160 -10.0 10
170 -10.0 10
180 -10.0 10
190 -10.0 10
200 -10.0 10
210 -10.0 10
220 -10.0 10
230 -10.0 10
240 -10.0 10
250 -10.0 10
260 -10.0 10
270 -10.0 10
280 -10.0 10
290 -10.0 10
300 -10.0 10
310 -10.0 10
320 -10.0 10
330 -10.0 10
340 -10.0 10
350 -10.0 10
360 -10.0 10
370 -10.0 10
380 -10.0 10
390 -10.0 10
400 -10.0 10
410 -10.0 10
420 -10.0 10
430 -10.0 10
440 -10.0 10
450 -10.0 10
460 -10.0 10
470 -10.0 10
480 -10.0 10
490 -10.0 10
499 -10.0 10
0 -50.0 50
10 -50.0 50
20 -50.0 50
30 -50.0 50
40 -50.0 50
50 -50.0 50
60 -9.0 9
70 -9.0 9
80 -9.0 9
90 -9.0 9
100 -9.0 9
110 -50.0 50
120 -9.0 9
130 -9.0 9
140 -9.0 9
150 -9.0 9
160 -9.0 9
170 -9.0 9
180 -9.0 9
190 -9.0 9
200 -9.0 9
210 -9.0 9
220 -9.0 9
230 -9.0 9
240 -9.0 9
250 -9.0 9
260 -9.0 9
270 -9.0 9
280 -9.0 9
290 -9.0 9
300 -9.0 9
310 -9.0 9
320 -9.0 9
330 -9.0 9
340 -9.0 9
350 -9.0 9
360 -9.0 9
370 -9.0 9
380 -9.0 9
390 -9.0 9
400 -9.0 9
410 -9.0 9
420 -9.0 9
430 -9.0 9
440 -9.0 9
450 -9.0 9
460 -9.0 9
470 -9.0 9
480 -9.0 9
490 -9.0 9
499 -9.0 9
0 -50.0 50
10 -50.0 50
20 -50.0 50
30 -9.0 9
40 -9.0 9
50 -9.0 9
60 -9.0 9
70 -9.0 9
80 -9.0 9
90 -9.0 9
100 -9.0 9
110 -9.0 9
120 -9.0 9
130 -9.0 9
140 -9.0 9
150 -9.0 9
160 -9.0 9
170 -9.0 9
180 -9.0 9
190 -9.0 9
200 -9.0 9
210 -9.0 9
220 -9.0 9
230 -9.0 9
240 -9.0 9
250 -9.0 9
260 -9.0 9
270 -9.0 9
280 -9.0 9
290 -9.0 9
300 -9.0 9
310 -9.0 9
320 -9.0 9
330 -9.0 9
340 -9.0 9
350 -9.0 9
360 -9.0 9
370 -9.0 9
380 -9.0 9
390 -9.0 9
400 -9.0 9
410 -9.0 9
420 -9.0 9
430 -9.0 9
440 -9.0 9
450 -9.0 9
460 -9.0 9
470 -9.0 9
480 -9.0 9
490 -9.0 9
499 -9.0 9
0 -50.0 50
10 -50.0 50
20 -50.0 50
30 -50.0 50
40 -50.0 50
50 -9.0 9
60 -9.0 9
70 -9.0 9
80 -9.0 9
90 -9.0 9
100 -9.0 9
110 -9.0 9
120 -9.0 9
130 -9.0 9
140 -9.0 9
150 -9.0 9
160 -9.0 9
170 -9.0 9
180 -9.0 9
190 -9.0 9
200 -9.0 9
210 -9.0 9
220 -9.0 9
230 -9.0 9
240 -9.0 9
250 -9.0 9
260 -9.0 9
270 -9.0 9
280 -9.0 9
290 -9.0 9
300 -9.0 9
310 -9.0 9
320 -9.0 9
330 -9.0 9
340 -9.0 9
350 -9.0 9
360 -9.0 9
370 -9.0 9
380 -9.0 9
390 -9.0 9
400 -9.0 9
410 -9.0 9
420 -9.0 9
430 -9.0 9
440 -9.0 9
450 -9.0 9
460 -9.0 9
470 -9.0 9
480 -9.0 9
490 -9.0 9
499 -9.0 9
0 -50.0 50
10 -50.0 50
20 -50.0 50
30 -50.0 50
40 -9.0 9
50 -9.0 9
60 -9.0 9
70 -9.0 9
80 -9.0 9
90 -9.0 9
100 -9.0 9
110 -9.0 9
120 -9.0 9
130 -9.0 9
140 -9.0 9
150 -9.0 9
160 -9.0 9
170 -9.0 9
180 -9.0 9
190 -9.0 9
200 -9.0 9
210 -9.0 9
220 -9.0 9
230 -9.0 9
240 -9.0 9
250 -9.0 9
260 -9.0 9
270 -9.0 9
280 -9.0 9
290 -9.0 9
300 -9.0 9
310 -9.0 9
320 -9.0 9
330 -9.0 9
340 -9.0 9
350 -9.0 9
360 -9.0 9
370 -9.0 9
380 -9.0 9
390 -9.0 9
400 -9.0 9
410 -9.0 9
420 -9.0 9
430 -9.0 9
440 -9.0 9
450 -9.0 9
460 -9.0 9
470 -9.0 9
480 -9.0 9
490 -9.0 9
499 -9.0 9
0 -50.0 50
10 -50.0 50
20 -50.0 50
30 -50.0 50
40 -50.0 50
50 -50.0 50
60 -9.0 9
70 -9.0 9
80 -9.0 9
90 -9.0 9
100 -9.0 9
110 -9.0 9
120 -9.0 9
130 -9.0 9
140 -9.0 9
150 -9.0 9
160 -9.0 9
170 -9.0 9
180 -9.0 9
190 -9.0 9
200 -9.0 9
210 -9.0 9
220 -9.0 9
230 -9.0 9
240 -9.0 9
250 -9.0 9
260 -9.0 9
270 -9.0 9
280 -9.0 9
290 -9.0 9
300 -9.0 9
310 -9.0 9
320 -9.0 9
330 -9.0 9
340 -9.0 9
350 -9.0 9
360 -9.0 9
370 -9.0 9
380 -9.0 9
390 -9.0 9
400 -9.0 9
410 -9.0 9
420 -9.0 9
430 -9.0 9
440 -9.0 9
450 -9.0 9
460 -9.0 9
470 -9.0 9
480 -9.0 9
490 -9.0 9
499 -9.0 9
0 -50.0 50
10 -50.0 50
20 -50.0 50
30 -9.0 9
40 -9.0 9
50 -9.0 9
60 -9.0 9
70 -9.0 9
80 -9.0 9
90 -9.0 9
100 -9.0 9
110 -9.0 9
120 -9.0 9
130 -9.0 9
140 -9.0 9
150 -9.0 9
160 -9.0 9
170 -9.0 9
180 -9.0 9
190 -9.0 9
200 -9.0 9
210 -9.0 9
220 -9.0 9
230 -9.0 9
240 -9.0 9
250 -9.0 9
260 -9.0 9
270 -9.0 9
280 -9.0 9
290 -9.0 9
300 -9.0 9
310 -9.0 9
320 -9.0 9
330 -9.0 9
340 -9.0 9
350 -9.0 9
360 -9.0 9
370 -9.0 9
380 -9.0 9
390 -9.0 9
400 -9.0 9
410 -9.0 9
420 -9.0 9
430 -9.0 9
440 -9.0 9
450 -9.0 9
460 -9.0 9
470 -9.0 9
480 -9.0 9
490 -9.0 9
499 -9.0 9
0 -50.0 50
10 -50.0 50
20 -50.0 50
30 -50.0 50
40 -50.0 50
50 -50.0 50
60 -9.0 9
70 -9.0 9
80 -9.0 9
90 -9.0 9
100 -9.0 9
110 -9.0 9
120 -9.0 9
130 -9.0 9
140 -9.0 9
150 -9.0 9
160 -9.0 9
170 -9.0 9
180 -9.0 9
190 -9.0 9
200 -9.0 9
210 -9.0 9
220 -9.0 9
230 -9.0 9
240 -9.0 9
250 -9.0 9
260 -9.0 9
270 -9.0 9
280 -9.0 9
290 -9.0 9
300 -9.0 9
310 -9.0 9
320 -9.0 9
330 -9.0 9
340 -9.0 9
350 -9.0 9
360 -9.0 9
370 -9.0 9
380 -9.0 9
390 -9.0 9
400 -9.0 9
410 -9.0 9
420 -9.0 9
430 -9.0 9
440 -9.0 9
450 -9.0 9
460 -9.0 9
470 -9.0 9
480 -9.0 9
490 -9.0 9
499 -9.0 9
0 -50.0 50
10 -50.0 50
20 -50.0 50
30 -50.0 50
40 -9.0 9
50 -9.0 9
60 -9.0 9
70 -9.0 9
80 -9.0 9
90 -9.0 9
100 -9.0 9
110 -9.0 9
120 -9.0 9
130 -9.0 9
140 -9.0 9
150 -9.0 9
160 -9.0 9
170 -9.0 9
180 -9.0 9
190 -9.0 9
200 -9.0 9
210 -9.0 9
220 -9.0 9
230 -9.0 9
240 -9.0 9
250 -9.0 9
260 -9.0 9
270 -9.0 9
280 -9.0 9
290 -9.0 9
300 -9.0 9
310 -9.0 9
320 -9.0 9
330 -9.0 9
340 -9.0 9
350 -9.0 9
360 -9.0 9
370 -9.0 9
380 -9.0 9
390 -9.0 9
400 -9.0 9
410 -9.0 9
420 -9.0 9
430 -9.0 9
440 -9.0 9
450 -9.0 9
460 -9.0 9
470 -9.0 9
480 -9.0 9
490 -9.0 9
499 -9.0 9
0 -50.0 50
10 -50.0 50
20 -50.0 50
30 -50.0 50
40 -9.0 9
50 -9.0 9
60 -9.0 9
70 -9.0 9
80 -9.0 9
90 -9.0 9
100 -9.0 9
110 -9.0 9
120 -9.0 9
130 -9.0 9
140 -9.0 9
150 -9.0 9
160 -9.0 9
170 -9.0 9
180 -9.0 9
190 -9.0 9
200 -9.0 9
210 -9.0 9
220 -9.0 9
230 -9.0 9
240 -9.0 9
250 -9.0 9
260 -9.0 9
270 -9.0 9
280 -9.0 9
290 -9.0 9
300 -9.0 9
310 -9.0 9
320 -9.0 9
330 -9.0 9
340 -9.0 9
350 -9.0 9
360 -9.0 9
370 -9.0 9
380 -9.0 9
390 -9.0 9
400 -9.0 9
410 -9.0 9
420 -9.0 9
430 -9.0 9
440 -9.0 9
450 -9.0 9
460 -9.0 9
470 -9.0 9
480 -9.0 9
490 -9.0 9
499 -9.0 9
0 -50.0 50
10 -50.0 50
20 -50.0 50
30 -50.0 50
40 -9.0 9
50 -50.0 50
60 -9.0 9
70 -9.0 9
80 -9.0 9
90 -9.0 9
100 -50.0 50
110 -9.0 9
120 -9.0 9
130 -9.0 9
140 -9.0 9
150 -9.0 9
160 -9.0 9
170 -9.0 9
180 -9.0 9
190 -9.0 9
200 -9.0 9
210 -9.0 9
220 -9.0 9
230 -9.0 9
240 -9.0 9
250 -9.0 9
260 -9.0 9
270 -9.0 9
280 -9.0 9
290 -9.0 9
300 -9.0 9
310 -9.0 9
320 -9.0 9
330 -9.0 9
340 -9.0 9
350 -9.0 9
360 -9.0 9
370 -9.0 9
380 -9.0 9
390 -9.0 9
400 -9.0 9
410 -9.0 9
420 -9.0 9
430 -9.0 9
440 -9.0 9
450 -9.0 9
460 -9.0 9
470 -9.0 9
480 -9.0 9
490 -9.0 9
499 -9.0 9
0 -50.0 50
10 -50.0 50
20 -50.0 50
30 -9.0 9
40 -9.0 9
50 -50.0 50
60 -9.0 9
70 -9.0 9
80 -9.0 9
90 -9.0 9
100 -9.0 9
110 -9.0 9
120 -9.0 9
130 -9.0 9
140 -9.0 9
150 -9.0 9
160 -9.0 9
170 -9.0 9
180 -9.0 9
190 -9.0 9
200 -9.0 9
210 -9.0 9
220 -9.0 9
230 -9.0 9
240 -9.0 9
250 -9.0 9
260 -9.0 9
270 -9.0 9
280 -9.0 9
290 -9.0 9
300 -9.0 9
310 -9.0 9
320 -9.0 9
330 -9.0 9
340 -9.0 9
350 -9.0 9
360 -9.0 9
370 -9.0 9
380 -9.0 9
390 -9.0 9
400 -9.0 9
410 -9.0 9
420 -9.0 9
430 -9.0 9
440 -9.0 9
450 -9.0 9
460 -9.0 9
470 -9.0 9
480 -9.0 9
490 -9.0 9
499 -9.0 9
0 -50.0 50
10 -50.0 50
20 -50.0 50
30 -50.0 50
40 -50.0 50
50 -50.0 50
60 -9.0 9
70 -9.0 9
80 -9.0 9
90 -9.0 9
100 -9.0 9
110 -9.0 9
120 -9.0 9
130 -9.0 9
140 -9.0 9
150 -9.0 9
160 -9.0 9
170 -9.0 9
180 -9.0 9
190 -9.0 9
200 -9.0 9
210 -9.0 9
220 -9.0 9
230 -9.0 9
240 -9.0 9
250 -9.0 9
260 -9.0 9
270 -9.0 9
280 -9.0 9
290 -9.0 9
300 -9.0 9
310 -9.0 9
320 -9.0 9
330 -9.0 9
340 -9.0 9
350 -9.0 9
360 -9.0 9
370 -9.0 9
380 -9.0 9
390 -9.0 9
400 -9.0 9
410 -9.0 9
420 -9.0 9
430 -9.0 9
440 -9.0 9
450 -9.0 9
460 -9.0 9
470 -9.0 9
480 -9.0 9
490 -9.0 9
499 -9.0 9
0 -50.0 50
10 -50.0 50
20 -9.0 9
30 -9.0 9
40 -9.0 9
50 -9.0 9
60 -9.0 9
70 -9.0 9
80 -9.0 9
90 -9.0 9
100 -9.0 9
110 -9.0 9
120 -9.0 9
130 -9.0 9
140 -9.0 9
150 -9.0 9
160 -9.0 9
170 -9.0 9
180 -9.0 9
190 -9.0 9
200 -9.0 9
210 -9.0 9
220 -9.0 9
230 -9.0 9
240 -9.0 9
250 -9.0 9
260 -9.0 9
270 -9.0 9
280 -9.0 9
290 -9.0 9
300 -9.0 9
310 -9.0 9
320 -9.0 9
330 -9.0 9
340 -9.0 9
350 -9.0 9
360 -9.0 9
370 -9.0 9
380 -9.0 9
390 -9.0 9
400 -9.0 9
410 -9.0 9
420 -9.0 9
430 -9.0 9
440 -9.0 9
450 -9.0 9
460 -9.0 9
470 -9.0 9
480 -9.0 9
490 -9.0 9
499 -9.0 9
0 -50.0 50
10 -50.0 50
20 -50.0 50
30 -50.0 50
40 -50.0 50
50 -10.0 10
60 -10.0 10
70 -10.0 10
80 -10.0 10
90 -10.0 10
100 -10.0 10
110 -10.0 10
120 -10.0 10
130 -10.0 10
140 -10.0 10
150 -10.0 10
160 -10.0 10
170 -10.0 10
180 -10.0 10
190 -10.0 10
200 -10.0 10
210 -10.0 10
220 -10.0 10
230 -10.0 10
240 -10.0 10
250 -10.0 10
260 -10.0 10
270 -10.0 10
280 -10.0 10
290 -10.0 10
300 -10.0 10
310 -10.0 10
320 -10.0 10
330 -10.0 10
340 -10.0 10
350 -10.0 10
360 -10.0 10
370 -10.0 10
380 -10.0 10
390 -10.0 10
400 -10.0 10
410 -10.0 10
420 -10.0 10
430 -10.0 10
440 -10.0 10
450 -10.0 10
460 -10.0 10
470 -10.0 10
480 -10.0 10
490 -10.0 10
499 -10.0 10
0 -50.0 50
10 -50.0 50
20 -50.0 50
30 -50.0 50
40 -50.0 50
50 -9.0 9
60 -9.0 9
70 -9.0 9
80 -9.0 9
90 -9.0 9
100 -9.0 9
110 -9.0 9
120 -9.0 9
130 -9.0 9
140 -9.0 9
150 -9.0 9
160 -9.0 9
170 -9.0 9
180 -9.0 9
190 -9.0 9
200 -9.0 9
210 -9.0 9
220 -9.0 9
230 -9.0 9
240 -9.0 9
250 -9.0 9
260 -9.0 9
270 -9.0 9
280 -9.0 9
290 -9.0 9
300 -9.0 9
310 -9.0 9
320 -9.0 9
330 -9.0 9
340 -9.0 9
350 -9.0 9
360 -9.0 9
370 -9.0 9
380 -9.0 9
390 -9.0 9
400 -9.0 9
410 -9.0 9
420 -9.0 9
430 -9.0 9
440 -9.0 9
450 -9.0 9
460 -9.0 9
470 -9.0 9
480 -9.0 9
490 -9.0 9
499 -9.0 9
0 -50.0 50
10 -50.0 50
20 -50.0 50
30 -50.0 50
40 -50.0 50
50 -9.0 9
60 -9.0 9
70 -9.0 9
80 -9.0 9
90 -9.0 9
100 -9.0 9
110 -9.0 9
120 -9.0 9
130 -9.0 9
140 -9.0 9
150 -9.0 9
160 -9.0 9
170 -9.0 9
180 -9.0 9
190 -9.0 9
200 -9.0 9
210 -9.0 9
220 -9.0 9
230 -9.0 9
240 -9.0 9
250 -9.0 9
260 -9.0 9
270 -9.0 9
280 -9.0 9
290 -9.0 9
300 -9.0 9
310 -9.0 9
320 -9.0 9
330 -9.0 9
340 -9.0 9
350 -9.0 9
360 -9.0 9
370 -9.0 9
380 -9.0 9
390 -9.0 9
400 -9.0 9
410 -9.0 9
420 -9.0 9
430 -9.0 9
440 -9.0 9
450 -9.0 9
460 -9.0 9
470 -9.0 9
480 -9.0 9
490 -9.0 9
499 -9.0 9
0 -50.0 50
10 -50.0 50
20 -50.0 50
30 -50.0 50
40 -50.0 50
50 -9.0 9
60 -9.0 9
70 -9.0 9
80 -9.0 9
90 -9.0 9
100 -9.0 9
110 -9.0 9
120 -9.0 9
130 -9.0 9
140 -9.0 9
150 -9.0 9
160 -9.0 9
170 -9.0 9
180 -9.0 9
190 -9.0 9
200 -9.0 9
210 -9.0 9
220 -9.0 9
230 -9.0 9
240 -9.0 9
250 -9.0 9
260 -9.0 9
270 -9.0 9
280 -9.0 9
290 -9.0 9
300 -9.0 9
310 -9.0 9
320 -9.0 9
330 -9.0 9
340 -9.0 9
350 -9.0 9
360 -9.0 9
370 -9.0 9
380 -9.0 9
390 -9.0 9
400 -9.0 9
410 -9.0 9
420 -9.0 9
430 -9.0 9
440 -9.0 9
450 -9.0 9
460 -9.0 9
470 -9.0 9
480 -9.0 9
490 -9.0 9
499 -9.0 9
0 -50.0 50
10 -50.0 50
20 -50.0 50
30 -50.0 50
40 -9.0 9
50 -9.0 9
60 -9.0 9
70 -9.0 9
80 -9.0 9
90 -9.0 9
100 -9.0 9
110 -9.0 9
120 -9.0 9
130 -9.0 9
140 -9.0 9
150 -9.0 9
160 -9.0 9
170 -9.0 9
180 -9.0 9
190 -9.0 9
200 -9.0 9
210 -9.0 9
220 -9.0 9
230 -9.0 9
240 -9.0 9
250 -9.0 9
260 -9.0 9
270 -9.0 9
280 -9.0 9
290 -9.0 9
300 -9.0 9
310 -9.0 9
320 -9.0 9
330 -9.0 9
340 -9.0 9
350 -9.0 9
360 -9.0 9
370 -9.0 9
380 -9.0 9
390 -9.0 9
400 -9.0 9
410 -9.0 9
420 -9.0 9
430 -9.0 9
440 -9.0 9
450 -9.0 9
460 -9.0 9
470 -9.0 9
480 -9.0 9
490 -9.0 9
499 -9.0 9
0 -50.0 50
10 -50.0 50
20 -50.0 50
30 -50.0 50
40 -50.0 50
50 -9.0 9
60 -9.0 9
70 -9.0 9
80 -9.0 9
90 -9.0 9
100 -9.0 9
110 -9.0 9
120 -9.0 9
130 -9.0 9
140 -9.0 9
150 -9.0 9
160 -9.0 9
170 -9.0 9
180 -9.0 9
190 -9.0 9
200 -9.0 9
210 -9.0 9
220 -9.0 9
230 -9.0 9
240 -9.0 9
250 -9.0 9
260 -9.0 9
270 -9.0 9
280 -9.0 9
290 -9.0 9
300 -9.0 9
310 -9.0 9
320 -9.0 9
330 -9.0 9
340 -9.0 9
350 -9.0 9
360 -9.0 9
370 -9.0 9
380 -9.0 9
390 -9.0 9
400 -9.0 9
410 -9.0 9
420 -9.0 9
430 -9.0 9
440 -9.0 9
450 -9.0 9
460 -9.0 9
470 -9.0 9
480 -9.0 9
490 -9.0 9
499 -9.0 9
0 -50.0 50
10 -50.0 50
20 -50.0 50
30 -50.0 50
40 -50.0 50
50 -9.0 9
60 -9.0 9
70 -9.0 9
80 -9.0 9
90 -9.0 9
100 -9.0 9
110 -9.0 9
120 -9.0 9
130 -9.0 9
140 -9.0 9
150 -9.0 9
160 -9.0 9
170 -9.0 9
180 -9.0 9
190 -9.0 9
200 -9.0 9
210 -9.0 9
220 -9.0 9
230 -9.0 9
240 -9.0 9
250 -9.0 9
260 -9.0 9
270 -9.0 9
280 -9.0 9
290 -9.0 9
300 -9.0 9
310 -9.0 9
320 -9.0 9
330 -9.0 9
340 -9.0 9
350 -9.0 9
360 -9.0 9
370 -9.0 9
380 -9.0 9
390 -9.0 9
400 -9.0 9
410 -9.0 9
420 -9.0 9
430 -9.0 9
440 -9.0 9
450 -9.0 9
460 -9.0 9
470 -9.0 9
480 -9.0 9
490 -9.0 9
499 -9.0 9
0 -50.0 50
10 -50.0 50
20 -50.0 50
30 -50.0 50
40 -50.0 50
50 -9.0 9
60 -9.0 9
70 -9.0 9
80 -9.0 9
90 -9.0 9
100 -9.0 9
110 -9.0 9
120 -9.0 9
130 -9.0 9
140 -9.0 9
150 -9.0 9
160 -9.0 9
170 -9.0 9
180 -9.0 9
190 -9.0 9
200 -9.0 9
210 -9.0 9
220 -9.0 9
230 -9.0 9
240 -9.0 9
250 -9.0 9
260 -9.0 9
270 -9.0 9
280 -9.0 9
290 -9.0 9
300 -9.0 9
310 -9.0 9
320 -9.0 9
330 -9.0 9
340 -9.0 9
350 -9.0 9
360 -9.0 9
370 -9.0 9
380 -9.0 9
390 -9.0 9
400 -9.0 9
410 -9.0 9
420 -9.0 9
430 -9.0 9
440 -9.0 9
450 -9.0 9
460 -9.0 9
470 -9.0 9
480 -9.0 9
490 -9.0 9
499 -9.0 9
0 -50.0 50
10 -50.0 50
20 -50.0 50
30 -50.0 50
40 -50.0 50
50 -9.0 9
60 -9.0 9
70 -9.0 9
80 -9.0 9
90 -9.0 9
100 -9.0 9
110 -9.0 9
120 -9.0 9
130 -9.0 9
140 -9.0 9
150 -9.0 9
160 -9.0 9
170 -9.0 9
180 -9.0 9
190 -9.0 9
200 -9.0 9
210 -9.0 9
220 -9.0 9
230 -9.0 9
240 -9.0 9
250 -9.0 9
260 -9.0 9
270 -9.0 9
280 -9.0 9
290 -9.0 9
300 -9.0 9
310 -9.0 9
320 -9.0 9
330 -9.0 9
340 -9.0 9
350 -9.0 9
360 -9.0 9
370 -9.0 9
380 -9.0 9
390 -9.0 9
400 -9.0 9
410 -9.0 9
420 -9.0 9
430 -9.0 9
440 -9.0 9
450 -9.0 9
460 -9.0 9
470 -9.0 9
480 -9.0 9
490 -9.0 9
499 -9.0 9