0 -50.0 50
1 -50.0 50
2 -7.0 7
3 -14.0 14
4 -8.0 8
5 -18.0 18
0 -50.0 50
1 -42.0 42
2 -33.0 33
3 -50.0 50
4 -50.0 50
5 -22.0 22
0 -46.0 46
1 -50.0 50
2 -50.0 50
3 -50.0 50
4 -13.0 13
5 -7.0 7
0 -50.0 50
1 -26.0 26
2 -42.0 42
3 -13.0 13
4 -30.0 30
5 -29.0 29
0 -50.0 50
1 -50.0 50
2 -50.0 50
3 -46.0 46
4 -11.0 11
5 -11.0 11
0 -37.0 37
1 -50.0 50
2 -50.0 50
3 -45.0 45
4 -49.0 49
5 -7.0 7
0 -50.0 50
1 -48.0 48
2 -25.0 25
3 -42.0 42
4 -12.0 12
5 -8.0 8
0 -50.0 50
1 -42.0 42
2 -35.0 35
3 -7.0 7
4 -11.0 11
5 -50.0 50
0 -50.0 50
1 -28.0 28
2 -30.0 30
3 -50.0 50
4 -33.0 33
5 -28.0 28
0 -50.0 50
1 -24.0 24
2 -29.0 29
3 -50.0 50
4 -38.0 38
5 -20.0 20
0 -50.0 50
1 -32.0 32
2 -44.0 44
3 -47.0 47
4 -9.0 9
5 -7.0 7
0 -50.0 50
1 -50.0 50
2 -41.0 41
3 -24.0 24
4 -10.0 10
5 -7.0 7
0 -50.0 50
1 -50.0 50
2 -49.0 49
3 -7.0 7
4 -7.0 7
5 -7.0 7
0 -50.0 50
1 -50.0 50
2 -37.0 37
3 -50.0 50
4 -39.0 39
5 -23.0 23
0 -50.0 50
1 -50.0 50
2 -50.0 50
3 -30.0 30
4 -15.0 15
5 -8.0 8
0 -50.0 50
1 -50.0 50
2 -48.0 48
3 -26.0 26
4 -11.0 11
5 -7.0 7
0 -50.0 50
1 -50.0 50
2 -50.0 50
3 -19.0 19
4 -7.0 7
5 -7.0 7
0 -50.0 50
1 -41.0 41
2 -28.0 28
3 -30.0 30
4 -13.0 13
5 -9.0 9
0 -50.0 50
1 -25.0 25
2 -40.0 40
3 -22.0 22
4 -50.0 50
5 -50.0 50
0 -35.0 35
1 -50.0 50
2 -50.0 50
3 -44.0 44
4 -33.0 33
5 -11.0 11
0 -50.0 50
1 -50.0 50
2 -50.0 50
3 -18.0 18
4 -13.0 13
5 -7.0 7
0 -40.0 40
1 -50.0 50
2 -17.0 17
3 -50.0 50
4 -50.0 50
5 -16.0 16
0 -50.0 50
1 -50.0 50
2 -10.0 10
3 -11.0 11
4 -27.0 27
5 -50.0 50
0 -50.0 50
1 -29.0 29
2 -50.0 50
3 -50.0 50
4 -21.0 21
5 -7.0 7
0 -50.0 50
1 -46.0 46
2 -44.0 44
3 -50.0 50
4 -18.0 18
5 -17.0 17
0 -50.0 50
1 -50.0 50
2 -26.0 26
3 -19.0 19
4 -24.0 24
5 -29.0 29
0 -50.0 50
1 -45.0 45
2 -47.0 47
3 -16.0 16
4 -10.0 10
5 -9.0 9
0 -50.0 50
1 -50.0 50
2 -50.0 50
3 -35.0 35
4 -20.0 20
5 -7.0 7
0 -50.0 50
1 -50.0 50
2 -40.0 40
3 -24.0 24
4 -16.0 16
5 -12.0 12
0 -50.0 50
1 -37.0 37
2 -29.0 29
3 -50.0 50
4 -13.0 13
5 -7.0 7
0 -50.0 50
1 -24.0 24
2 -26.0 26
3 -50.0 50
4 -50.0 50
5 -35.0 35
0 -50.0 50
1 -41.0 41
2 -50.0 50
3 -50.0 50
4 -42.0 42
5 -7.0 7
0 -50.0 50
1 -18.0 18
2 -50.0 50
3 -27.0 27
4 -50.0 50
5 -7.0 7
0 -50.0 50
1 -50.0 50
2 -50.0 50
3 -32.0 32
4 -13.0 13
5 -7.0 7
0 -50.0 50
1 -50.0 50
2 -35.0 35
3 -11.0 11
4 -39.0 39
5 -9.0 9
0 -50.0 50
1 -50.0 50
2 -40.0 40
3 -36.0 36
4 -8.0 8
5 -7.0 7
0 -50.0 50
1 -50.0 50
2 -21.0 21
3 -23.0 23
4 -41.0 41
5 -7.0 7
0 -50.0 50
1 -50.0 50
2 -50.0 50
3 -26.0 26
4 -10.0 10
5 -12.0 12
0 -50.0 50
1 -50.0 50
2 -50.0 50
3 -13.0 13
4 -12.0 12
5 -17.0 17
0 -50.0 50
1 -21.0 21
2 -32.0 32
3 -50.0 50
4 -12.0 12
5 -14.0 14
