0 -50.0 50
1 -50.0 50
2 -47.0 47
3 -40.0 40
0 -50.0 50
1 -21.0 21
2 -48.0 48
3 -15.0 15
0 -50.0 50
1 -50.0 50
2 -10.0 10
3 -20.0 20
0 -50.0 50
1 -46.0 46
2 -26.0 26
3 -30.0 30
0 -50.0 50
1 -50.0 50
2 -29.0 29
3 -46.0 46
0 -50.0 50
1 -28.0 28
2 -50.0 50
3 -43.0 43
0 -50.0 50
1 -40.0 40
2 -43.0 43
3 -24.0 24
0 -50.0 50
1 -50.0 50
2 -49.0 49
3 -36.0 36
0 -44.0 44
1 -50.0 50
2 -32.0 32
3 -7.0 7
0 -50.0 50
1 -37.0 37
2 -50.0 50
3 -11.0 11
0 -50.0 50
1 -29.0 29
2 -45.0 45
3 -8.0 8
0 -50.0 50
1 -38.0 38
2 -40.0 40
3 -13.0 13
0 -50.0 50
1 -50.0 50
2 -42.0 42
3 -50.0 50
0 -50.0 50
1 -50.0 50
2 -36.0 36
3 -14.0 14
0 -50.0 50
1 -35.0 35
2 -42.0 42
3 -23.0 23
0 -50.0 50
1 -24.0 24
2 -50.0 50
3 -30.0 30
0 -50.0 50
1 -34.0 34
2 -46.0 46
3 -15.0 15
0 -50.0 50
1 -15.0 15
2 -12.0 12
3 -38.0 38
0 -50.0 50
1 -50.0 50
2 -50.0 50
3 -12.0 12
0 -50.0 50
1 -50.0 50
2 -50.0 50
3 -50.0 50
0 -50.0 50
1 -27.0 27
2 -50.0 50
3 -50.0 50
0 -50.0 50
1 -50.0 50
2 -50.0 50
3 -17.0 17
0 -30.0 30
1 -50.0 50
2 -50.0 50
3 -50.0 50
0 -50.0 50
1 -50.0 50
2 -30.0 30
3 -12.0 12
0 -50.0 50
1 -50.0 50
2 -50.0 50
3 -16.0 16
0 -50.0 50
1 -16.0 16
2 -50.0 50
3 -50.0 50
0 -50.0 50
1 -50.0 50
2 -25.0 25
3 -12.0 12
0 -50.0 50
1 -37.0 37
2 -48.0 48
3 -10.0 10
0 -50.0 50
1 -50.0 50
2 -50.0 50
3 -20.0 20
0 -50.0 50
1 -45.0 45
2 -14.0 14
3 -50.0 50
0 -50.0 50
1 -50.0 50
2 -50.0 50
3 -24.0 24
0 -50.0 50
1 -50.0 50
2 -20.0 20
3 -50.0 50
0 -41.0 41
1 -50.0 50
2 -17.0 17
3 -17.0 17
0 -50.0 50
1 -45.0 45
2 -50.0 50
3 -27.0 27
0 -50.0 50
1 -35.0 35
2 -50.0 50
3 -50.0 50
0 -50.0 50
1 -50.0 50
2 -38.0 38
3 -8.0 8
0 -37.0 37
1 -50.0 50
2 -50.0 50
3 -43.0 43
0 -50.0 50
1 -28.0 28
2 -44.0 44
3 -50.0 50
0 -50.0 50
1 -36.0 36
2 -23.0 23
3 -47.0 47
0 -50.0 50
1 -50.0 50
2 -50.0 50
3 -46.0 46
