0 -50.0 50
1 -50.0 50
2 -35.0 35
3 -50.0 50
4 -13.0 13
5 -27.0 27
6 -10.0 10
7 -7.0 7
8 -25.0 25
9 -33.0 33
10 -22.0 22
11 -7.0 7
12 -9.0 9
13 -8.0 8
14 -7.0 7
15 -7.0 7
0 -50.0 50
1 -30.0 30
2 -42.0 42
3 -12.0 12
4 -50.0 50
5 -50.0 50
6 -21.0 21
7 -7.0 7
8 -11.0 11
9 -11.0 11
10 -7.0 7
11 -11.0 11
12 -9.0 9
13 -8.0 8
14 -7.0 7
15 -7.0 7
0 -26.0 26
1 -50.0 50
2 -47.0 47
3 -50.0 50
4 -17.0 17
5 -17.0 17
6 -11.0 11
7 -11.0 11
8 -7.0 7
9 -7.0 7
10 -7.0 7
11 -8.0 8
12 -7.0 7
13 -7.0 7
14 -7.0 7
15 -7.0 7
0 -50.0 50
1 -50.0 50
2 -44.0 44
3 -21.0 21
4 -7.0 7
5 -7.0 7
6 -7.0 7
7 -8.0 8
8 -12.0 12
9 -10.0 10
10 -7.0 7
11 -7.0 7
12 -8.0 8
13 -8.0 8
14 -9.0 9
15 -7.0 7
0 -50.0 50
1 -50.0 50
2 -38.0 38
3 -10.0 10
4 -7.0 7
5 -14.0 14
6 -12.0 12
7 -7.0 7
8 -11.0 11
9 -11.0 11
10 -8.0 8
11 -38.0 38
12 -15.0 15
13 -15.0 15
14 -7.0 7
15 -7.0 7
0 -50.0 50
1 -27.0 27
2 -48.0 48
3 -11.0 11
4 -8.0 8
5 -12.0 12
6 -47.0 47
7 -47.0 47
8 -7.0 7
9 -7.0 7
10 -10.0 10
11 -9.0 9
12 -7.0 7
13 -7.0 7
14 -7.0 7
15 -7.0 7
0 -50.0 50
1 -46.0 46
2 -50.0 50
3 -44.0 44
4 -21.0 21
5 -13.0 13
6 -7.0 7
7 -8.0 8
8 -7.0 7
9 -7.0 7
10 -7.0 7
11 -7.0 7
12 -8.0 8
13 -7.0 7
14 -7.0 7
15 -7.0 7
0 -50.0 50
1 -50.0 50
2 -43.0 43
3 -27.0 27
4 -16.0 16
5 -7.0 7
6 -7.0 7
7 -7.0 7
8 -7.0 7
9 -7.0 7
10 -7.0 7
11 -7.0 7
12 -8.0 8
13 -7.0 7
14 -7.0 7
15 -7.0 7
0 -50.0 50
1 -48.0 48
2 -29.0 29
3 -50.0 50
4 -8.0 8
5 -7.0 7
6 -9.0 9
7 -7.0 7
8 -7.0 7
9 -7.0 7
10 -10.0 10
11 -7.0 7
12 -7.0 7
13 -8.0 8
14 -7.0 7
15 -7.0 7
0 -50.0 50
1 -50.0 50
2 -27.0 27
3 -25.0 25
4 -17.0 17
5 -7.0 7
6 -7.0 7
7 -10.0 10
8 -11.0 11
9 -12.0 12
10 -14.0 14
11 -13.0 13
12 -7.0 7
13 -9.0 9
14 -7.0 7
15 -7.0 7
0 -50.0 50
1 -22.0 22
2 -50.0 50
3 -28.0 28
4 -40.0 40
5 -8.0 8
6 -7.0 7
7 -7.0 7
8 -7.0 7
9 -7.0 7
10 -29.0 29
11 -44.0 44
12 -7.0 7
13 -21.0 21
14 -7.0 7
15 -7.0 7
0 -50.0 50
1 -50.0 50
2 -50.0 50
3 -50.0 50
4 -28.0 28
5 -7.0 7
6 -7.0 7
7 -8.0 8
8 -10.0 10
9 -7.0 7
10 -10.0 10
11 -7.0 7
12 -7.0 7
13 -7.0 7
14 -7.0 7
15 -7.0 7
0 -50.0 50
1 -15.0 15
2 -50.0 50
3 -50.0 50
4 -39.0 39
5 -18.0 18
6 -7.0 7
7 -8.0 8
8 -7.0 7
9 -7.0 7
10 -7.0 7
11 -9.0 9
12 -7.0 7
13 -7.0 7
14 -7.0 7
15 -7.0 7
0 -50.0 50
1 -50.0 50
2 -40.0 40
3 -10.0 10
4 -16.0 16
5 -10.0 10
6 -7.0 7
7 -7.0 7
8 -11.0 11
9 -7.0 7
10 -7.0 7
11 -7.0 7
12 -22.0 22
13 -23.0 23
14 -20.0 20
15 -7.0 7
0 -50.0 50
1 -50.0 50
2 -9.0 9
3 -14.0 14
4 -45.0 45
5 -11.0 11
6 -7.0 7
7 -7.0 7
8 -7.0 7
9 -7.0 7
10 -7.0 7
11 -8.0 8
12 -8.0 8
13 -7.0 7
14 -7.0 7
15 -7.0 7
0 -50.0 50
1 -50.0 50
2 -26.0 26
3 -20.0 20
4 -25.0 25
5 -21.0 21
6 -7.0 7
7 -7.0 7
8 -7.0 7
9 -7.0 7
10 -7.0 7
11 -8.0 8
12 -7.0 7
13 -10.0 10
14 -7.0 7
15 -7.0 7
0 -50.0 50
1 -19.0 19
2 -50.0 50
3 -44.0 44
4 -8.0 8
5 -7.0 7
6 -10.0 10
7 -9.0 9
8 -7.0 7
9 -7.0 7
10 -14.0 14
11 -21.0 21
12 -30.0 30
13 -16.0 16
14 -7.0 7
15 -7.0 7
0 -50.0 50
1 -50.0 50
2 -29.0 29
3 -50.0 50
4 -31.0 31
5 -33.0 33
6 -11.0 11
7 -7.0 7
8 -9.0 9
9 -7.0 7
10 -7.0 7
11 -8.0 8
12 -9.0 9
13 -7.0 7
14 -7.0 7
15 -7.0 7
0 -50.0 50
1 -24.0 24
2 -50.0 50
3 -10.0 10
4 -20.0 20
5 -23.0 23
6 -37.0 37
7 -33.0 33
8 -13.0 13
9 -14.0 14
10 -8.0 8
11 -7.0 7
12 -7.0 7
13 -7.0 7
14 -8.0 8
15 -7.0 7
0 -50.0 50
1 -36.0 36
2 -25.0 25
3 -22.0 22
4 -14.0 14
5 -48.0 48
6 -8.0 8
7 -7.0 7
8 -41.0 41
9 -29.0 29
10 -7.0 7
11 -7.0 7
12 -8.0 8
13 -7.0 7
14 -7.0 7
15 -7.0 7
0 -50.0 50
1 -50.0 50
2 -50.0 50
3 -19.0 19
4 -20.0 20
5 -7.0 7
6 -9.0 9
7 -7.0 7
8 -8.0 8
9 -7.0 7
10 -8.0 8
11 -9.0 9
12 -7.0 7
13 -7.0 7
14 -7.0 7
15 -7.0 7
0 -50.0 50
1 -50.0 50
2 -22.0 22
3 -9.0 9
4 -26.0 26
5 -18.0 18
6 -7.0 7
7 -7.0 7
8 -7.0 7
9 -7.0 7
10 -10.0 10
11 -14.0 14
12 -13.0 13
13 -11.0 11
14 -9.0 9
15 -7.0 7
0 -50.0 50
1 -34.0 34
2 -49.0 49
3 -19.0 19
4 -8.0 8
5 -7.0 7
6 -7.0 7
7 -7.0 7
8 -7.0 7
9 -7.0 7
10 -7.0 7
11 -8.0 8
12 -7.0 7
13 -7.0 7
14 -7.0 7
15 -7.0 7
0 -50.0 50
1 -38.0 38
2 -43.0 43
3 -50.0 50
4 -35.0 35
5 -19.0 19
6 -9.0 9
7 -7.0 7
8 -7.0 7
9 -8.0 8
10 -8.0 8
11 -7.0 7
12 -9.0 9
13 -7.0 7
14 -7.0 7
15 -7.0 7
0 -50.0 50
1 -22.0 22
2 -37.0 37
3 -30.0 30
4 -17.0 17
5 -10.0 10
6 -50.0 50
7 -32.0 32
8 -18.0 18
9 -13.0 13
10 -9.0 9
11 -8.0 8
12 -7.0 7
13 -7.0 7
14 -7.0 7
15 -7.0 7
0 -50.0 50
1 -50.0 50
2 -39.0 39
3 -12.0 12
4 -9.0 9
5 -9.0 9
6 -9.0 9
7 -15.0 15
8 -11.0 11
9 -11.0 11
10 -10.0 10
11 -7.0 7
12 -8.0 8
13 -7.0 7
14 -7.0 7
15 -7.0 7
0 -50.0 50
1 -31.0 31
2 -50.0 50
3 -18.0 18
4 -42.0 42
5 -31.0 31
6 -50.0 50
7 -45.0 45
8 -14.0 14
9 -9.0 9
10 -9.0 9
11 -10.0 10
12 -7.0 7
13 -8.0 8
14 -7.0 7
15 -7.0 7
0 -50.0 50
1 -42.0 42
2 -25.0 25
3 -30.0 30
4 -9.0 9
5 -7.0 7
6 -50.0 50
7 -34.0 34
8 -21.0 21
9 -16.0 16
10 -26.0 26
11 -12.0 12
12 -8.0 8
13 -7.0 7
14 -7.0 7
15 -7.0 7
0 -50.0 50
1 -39.0 39
2 -37.0 37
3 -12.0 12
4 -9.0 9
5 -39.0 39
6 -13.0 13
7 -9.0 9
8 -9.0 9
9 -8.0 8
10 -7.0 7
11 -7.0 7
12 -8.0 8
13 -10.0 10
14 -7.0 7
15 -7.0 7
0 -50.0 50
1 -48.0 48
2 -45.0 45
3 -42.0 42
4 -12.0 12
5 -27.0 27
6 -43.0 43
7 -14.0 14
8 -7.0 7
9 -8.0 8
10 -7.0 7
11 -9.0 9
12 -9.0 9
13 -11.0 11
14 -8.0 8
15 -7.0 7
0 -50.0 50
1 -36.0 36
2 -45.0 45
3 -22.0 22
4 -50.0 50
5 -33.0 33
6 -28.0 28
7 -37.0 37
8 -14.0 14
9 -7.0 7
10 -7.0 7
11 -7.0 7
12 -7.0 7
13 -10.0 10
14 -7.0 7
15 -14.0 14
0 -50.0 50
1 -34.0 34
2 -34.0 34
3 -26.0 26
4 -36.0 36
5 -10.0 10
6 -10.0 10
7 -7.0 7
8 -8.0 8
9 -8.0 8
10 -7.0 7
11 -7.0 7
12 -7.0 7
13 -8.0 8
14 -7.0 7
15 -30.0 30
0 -50.0 50
1 -13.0 13
2 -50.0 50
3 -50.0 50
4 -32.0 32
5 -7.0 7
6 -7.0 7
7 -7.0 7
8 -8.0 8
9 -7.0 7
10 -9.0 9
11 -7.0 7
12 -7.0 7
13 -7.0 7
14 -7.0 7
15 -7.0 7
0 -48.0 48
1 -50.0 50
2 -50.0 50
3 -50.0 50
4 -50.0 50
5 -19.0 19
6 -7.0 7
7 -7.0 7
8 -9.0 9
9 -8.0 8
10 -7.0 7
11 -7.0 7
12 -7.0 7
13 -7.0 7
14 -7.0 7
15 -7.0 7
0 -50.0 50
1 -33.0 33
2 -38.0 38
3 -50.0 50
4 -50.0 50
5 -19.0 19
6 -12.0 12
7 -7.0 7
8 -12.0 12
9 -8.0 8
10 -8.0 8
11 -7.0 7
12 -8.0 8
13 -7.0 7
14 -7.0 7
15 -7.0 7
0 -50.0 50
1 -50.0 50
2 -50.0 50
3 -22.0 22
4 -9.0 9
5 -7.0 7
6 -10.0 10
7 -7.0 7
8 -8.0 8
9 -8.0 8
10 -7.0 7
11 -9.0 9
12 -7.0 7
13 -7.0 7
14 -8.0 8
15 -7.0 7
0 -50.0 50
1 -50.0 50
2 -38.0 38
3 -27.0 27
4 -13.0 13
5 -18.0 18
6 -14.0 14
7 -21.0 21
8 -20.0 20
9 -7.0 7
10 -9.0 9
11 -7.0 7
12 -9.0 9
13 -7.0 7
14 -7.0 7
15 -7.0 7
0 -50.0 50
1 -50.0 50
2 -49.0 49
3 -31.0 31
4 -50.0 50
5 -33.0 33
6 -18.0 18
7 -7.0 7
8 -8.0 8
9 -8.0 8
10 -7.0 7
11 -7.0 7
12 -8.0 8
13 -7.0 7
14 -7.0 7
15 -7.0 7
0 -38.0 38
1 -50.0 50
2 -37.0 37
3 -50.0 50
4 -8.0 8
5 -7.0 7
6 -7.0 7
7 -8.0 8
8 -8.0 8
9 -7.0 7
10 -22.0 22
11 -24.0 24
12 -35.0 35
13 -7.0 7
14 -7.0 7
15 -7.0 7
0 -50.0 50
1 -29.0 29
2 -49.0 49
3 -18.0 18
4 -50.0 50
5 -24.0 24
6 -35.0 35
7 -13.0 13
8 -16.0 16
9 -9.0 9
10 -11.0 11
11 -8.0 8
12 -7.0 7
13 -8.0 8
14 -7.0 7
15 -7.0 7
