
0 -50.0 50
10 -7.0 7
19 -7.0 7
0 -50.0 50
10 -50.0 50
19 -50.0 50
0 -50.0 50
10 -50.0 50
19 -7.0 7
0 -50.0 50
10 -50.0 50
19 -50.0 50
0 -50.0 50
10 -8.0 8
19 -7.0 7
0 -50.0 50
10 -7.0 7
19 -50.0 50
0 -50.0 50
10 -50.0 50
19 -7.0 7
0 -50.0 50
10 -50.0 50
19 -50.0 50
0 -50.0 50
10 -50.0 50
19 -7.0 7
0 -50.0 50
10 -50.0 50
19 -7.0 7
0 -50.0 50
10 -50.0 50
19 -7.0 7
0 -50.0 50
10 -7.0 7
19 -7.0 7
0 -50.0 50
10 -50.0 50
19 -7.0 7
0 -50.0 50
10 -50.0 50
19 -50.0 50
0 -50.0 50
10 -7.0 7
19 -50.0 50
0 -50.0 50
10 -50.0 50
19 -7.0 7
0 -50.0 50
10 -7.0 7
19 -50.0 50
0 -50.0 50
10 -50.0 50
19 -7.0 7
0 -50.0 50
10 -7.0 7
19 -7.0 7
0 -50.0 50
10 -7.0 7
19 -7.0 7