
0 -50.0 50
10 -50.0 50
20 -12.0 12
30 -12.0 12
40 -12.0 12
50 -12.0 12
60 -12.0 12
70 -12.0 12
80 -12.0 12
90 -12.0 12
100 -12.0 12
110 -12.0 12
120 -12.0 12
130 -12.0 12
140 -12.0 12
150 -12.0 12
160 -12.0 12
170 -12.0 12
180 -12.0 12
190 -12.0 12
200 -12.0 12
210 -12.0 12
220 -12.0 12
230 -12.0 12
240 -12.0 12
250 -12.0 12
260 -12.0 12
270 -12.0 12
280 -12.0 12
290 -12.0 12
300 -12.0 12
310 -12.0 12
320 -12.0 12
330 -12.0 12
340 -12.0 12
350 -12.0 12
360 -12.0 12
370 -12.0 12
380 -12.0 12
390 -12.0 12
400 -12.0 12
410 -12.0 12
420 -12.0 12
430 -12.0 12
440 -12.0 12
450 -12.0 12
460 -12.0 12
470 -12.0 12
480 -12.0 12
490 -12.0 12
499 -12.0 12
0 -50.0 50
10 -12.0 12
20 -12.0 12
30 -12.0 12
40 -12.0 12
50 -12.0 12
60 -12.0 12
70 -12.0 12
80 -12.0 12
90 -12.0 12
100 -12.0 12
110 -12.0 12
120 -12.0 12
130 -12.0 12
140 -12.0 12
150 -12.0 12
160 -12.0 12
170 -12.0 12
180 -12.0 12
190 -12.0 12
200 -12.0 12
210 -12.0 12
220 -12.0 12
230 -12.0 12
240 -12.0 12
250 -12.0 12
260 -12.0 12
270 -12.0 12
280 -12.0 12
290 -12.0 12
300 -12.0 12
310 -12.0 12
320 -50.0 50
330 -12.0 12
340 -12.0 12
350 -12.0 12
360 -12.0 12
370 -12.0 12
380 -12.0 12
390 -12.0 12
400 -12.0 12
410 -12.0 12
420 -12.0 12
430 -12.0 12
440 -12.0 12
450 -12.0 12
460 -12.0 12
470 -12.0 12
480 -12.0 12
490 -12.0 12
499 -12.0 12
0 -50.0 50
10 -50.0 50
20 -50.0 50
30 -12.0 12
40 -12.0 12
50 -12.0 12
60 -12.0 12
70 -12.0 12
80 -12.0 12
90 -12.0 12
100 -12.0 12
110 -12.0 12
120 -12.0 12
130 -12.0 12
140 -12.0 12
150 -12.0 12
160 -12.0 12
170 -12.0 12
180 -12.0 12
190 -12.0 12
200 -12.0 12
210 -12.0 12
220 -12.0 12
230 -12.0 12
240 -12.0 12
250 -12.0 12
260 -12.0 12
270 -12.0 12
280 -12.0 12
290 -12.0 12
300 -12.0 12
310 -12.0 12
320 -12.0 12
330 -12.0 12
340 -12.0 12
350 -12.0 12
360 -12.0 12
370 -12.0 12
380 -12.0 12
390 -12.0 12
400 -12.0 12
410 -12.0 12
420 -12.0 12
430 -12.0 12
440 -12.0 12
450 -12.0 12
460 -12.0 12
470 -12.0 12
480 -12.0 12
490 -12.0 12
499 -12.0 12
0 -50.0 50
10 -50.0 50
20 -12.0 12
30 -12.0 12
40 -12.0 12
50 -12.0 12
60 -12.0 12
70 -12.0 12
80 -12.0 12
90 -12.0 12
100 -12.0 12
110 -12.0 12
120 -12.0 12
130 -12.0 12
140 -12.0 12
150 -12.0 12
160 -12.0 12
170 -12.0 12
180 -12.0 12
190 -12.0 12
200 -12.0 12
210 -12.0 12
220 -12.0 12
230 -12.0 12
240 -12.0 12
250 -50.0 50
260 -12.0 12
270 -12.0 12
280 -12.0 12
290 -12.0 12
300 -12.0 12
310 -12.0 12
320 -12.0 12
330 -12.0 12
340 -12.0 12
350 -12.0 12
360 -12.0 12
370 -12.0 12
380 -12.0 12
390 -12.0 12
400 -12.0 12
410 -12.0 12
420 -12.0 12
430 -12.0 12
440 -12.0 12
450 -12.0 12
460 -12.0 12
470 -12.0 12
480 -12.0 12
490 -12.0 12
499 -12.0 12
0 -50.0 50
10 -12.0 12
20 -50.0 50
30 -12.0 12
40 -12.0 12
50 -12.0 12
60 -12.0 12
70 -12.0 12
80 -12.0 12
90 -12.0 12
100 -12.0 12
110 -12.0 12
120 -12.0 12
130 -50.0 50
140 -12.0 12
150 -12.0 12
160 -12.0 12
170 -12.0 12
180 -50.0 50
190 -12.0 12
200 -50.0 50
210 -12.0 12
220 -12.0 12
230 -12.0 12
240 -12.0 12
250 -12.0 12
260 -12.0 12
270 -12.0 12
280 -12.0 12
290 -12.0 12
300 -12.0 12
310 -12.0 12
320 -12.0 12
330 -12.0 12
340 -12.0 12
350 -12.0 12
360 -12.0 12
370 -12.0 12
380 -12.0 12
390 -12.0 12
400 -12.0 12
410 -12.0 12
420 -12.0 12
430 -12.0 12
440 -12.0 12
450 -12.0 12
460 -12.0 12
470 -12.0 12
480 -12.0 12
490 -12.0 12
499 -12.0 12
0 -50.0 50
10 -50.0 50
20 -12.0 12
30 -12.0 12
40 -12.0 12
50 -12.0 12
60 -12.0 12
70 -12.0 12
80 -12.0 12
90 -12.0 12
100 -12.0 12
110 -12.0 12
120 -12.0 12
130 -12.0 12
140 -12.0 12
150 -12.0 12
160 -12.0 12
170 -12.0 12
180 -12.0 12
190 -12.0 12
200 -12.0 12
210 -12.0 12
220 -12.0 12
230 -12.0 12
240 -12.0 12
250 -12.0 12
260 -12.0 12
270 -12.0 12
280 -12.0 12
290 -12.0 12
300 -12.0 12
310 -12.0 12
320 -12.0 12
330 -12.0 12
340 -12.0 12
350 -12.0 12
360 -12.0 12
370 -12.0 12
380 -12.0 12
390 -12.0 12
400 -12.0 12
410 -12.0 12
420 -12.0 12
430 -12.0 12
440 -12.0 12
450 -12.0 12
460 -12.0 12
470 -12.0 12
480 -12.0 12
490 -12.0 12
499 -12.0 12
0 -50.0 50
10 -50.0 50
20 -12.0 12
30 -12.0 12
40 -12.0 12
50 -12.0 12
60 -12.0 12
70 -12.0 12
80 -12.0 12
90 -12.0 12
100 -12.0 12
110 -12.0 12
120 -12.0 12
130 -12.0 12
140 -12.0 12
150 -12.0 12
160 -12.0 12
170 -12.0 12
180 -12.0 12
190 -50.0 50
200 -12.0 12
210 -12.0 12
220 -12.0 12
230 -12.0 12
240 -12.0 12
250 -12.0 12
260 -12.0 12
270 -12.0 12
280 -12.0 12
290 -12.0 12
300 -12.0 12
310 -12.0 12
320 -12.0 12
330 -12.0 12
340 -12.0 12
350 -12.0 12
360 -12.0 12
370 -12.0 12
380 -12.0 12
390 -12.0 12
400 -12.0 12
410 -12.0 12
420 -12.0 12
430 -12.0 12
440 -12.0 12
450 -12.0 12
460 -12.0 12
470 -12.0 12
480 -12.0 12
490 -12.0 12
499 -12.0 12
0 -50.0 50
10 -50.0 50
20 -12.0 12
30 -12.0 12
40 -12.0 12
50 -12.0 12
60 -12.0 12
70 -12.0 12
80 -12.0 12
90 -12.0 12
100 -12.0 12
110 -12.0 12
120 -12.0 12
130 -12.0 12
140 -12.0 12
150 -12.0 12
160 -12.0 12
170 -12.0 12
180 -12.0 12
190 -12.0 12
200 -12.0 12
210 -50.0 50
220 -12.0 12
230 -50.0 50
240 -12.0 12
250 -12.0 12
260 -12.0 12
270 -12.0 12
280 -12.0 12
290 -12.0 12
300 -12.0 12
310 -12.0 12
320 -12.0 12
330 -12.0 12
340 -12.0 12
350 -12.0 12
360 -12.0 12
370 -12.0 12
380 -12.0 12
390 -12.0 12
400 -12.0 12
410 -12.0 12
420 -12.0 12
430 -12.0 12
440 -12.0 12
450 -12.0 12
460 -12.0 12
470 -12.0 12
480 -12.0 12
490 -12.0 12
499 -12.0 12
0 -50.0 50
10 -50.0 50
20 -50.0 50
30 -12.0 12
40 -12.0 12
50 -12.0 12
60 -12.0 12
70 -12.0 12
80 -12.0 12
90 -12.0 12
100 -12.0 12
110 -12.0 12
120 -12.0 12
130 -12.0 12
140 -12.0 12
150 -12.0 12
160 -12.0 12
170 -12.0 12
180 -12.0 12
190 -12.0 12
200 -12.0 12
210 -12.0 12
220 -12.0 12
230 -12.0 12
240 -12.0 12
250 -12.0 12
260 -12.0 12
270 -12.0 12
280 -12.0 12
290 -12.0 12
300 -12.0 12
310 -12.0 12
320 -12.0 12
330 -12.0 12
340 -12.0 12
350 -12.0 12
360 -12.0 12
370 -12.0 12
380 -12.0 12
390 -12.0 12
400 -12.0 12
410 -12.0 12
420 -12.0 12
430 -12.0 12
440 -12.0 12
450 -12.0 12
460 -12.0 12
470 -12.0 12
480 -12.0 12
490 -12.0 12
499 -12.0 12
0 -50.0 50
10 -50.0 50
20 -50.0 50
30 -12.0 12
40 -12.0 12
50 -12.0 12
60 -12.0 12
70 -12.0 12
80 -12.0 12
90 -12.0 12
100 -12.0 12
110 -12.0 12
120 -12.0 12
130 -12.0 12
140 -12.0 12
150 -12.0 12
160 -12.0 12
170 -12.0 12
180 -12.0 12
190 -12.0 12
200 -12.0 12
210 -12.0 12
220 -12.0 12
230 -12.0 12
240 -12.0 12
250 -12.0 12
260 -12.0 12
270 -12.0 12
280 -12.0 12
290 -12.0 12
300 -12.0 12
310 -12.0 12
320 -12.0 12
330 -12.0 12
340 -12.0 12
350 -12.0 12
360 -12.0 12
370 -12.0 12
380 -12.0 12
390 -12.0 12
400 -12.0 12
410 -12.0 12
420 -12.0 12
430 -12.0 12
440 -12.0 12
450 -12.0 12
460 -12.0 12
470 -12.0 12
480 -12.0 12
490 -12.0 12
499 -12.0 12
0 -50.0 50
10 -12.0 12
20 -12.0 12
30 -12.0 12
40 -12.0 12
50 -12.0 12
60 -12.0 12
70 -12.0 12
80 -12.0 12
90 -12.0 12
100 -12.0 12
110 -12.0 12
120 -12.0 12
130 -12.0 12
140 -12.0 12
150 -12.0 12
160 -12.0 12
170 -12.0 12
180 -12.0 12
190 -12.0 12
200 -12.0 12
210 -12.0 12
220 -12.0 12
230 -12.0 12
240 -12.0 12
250 -12.0 12
260 -12.0 12
270 -12.0 12
280 -12.0 12
290 -12.0 12
300 -12.0 12
310 -12.0 12
320 -12.0 12
330 -12.0 12
340 -12.0 12
350 -12.0 12
360 -12.0 12
370 -12.0 12
380 -12.0 12
390 -12.0 12
400 -12.0 12
410 -12.0 12
420 -12.0 12
430 -12.0 12
440 -12.0 12
450 -12.0 12
460 -12.0 12
470 -12.0 12
480 -12.0 12
490 -12.0 12
499 -12.0 12
0 -50.0 50
10 -50.0 50
20 -12.0 12
30 -12.0 12
40 -12.0 12
50 -12.0 12
60 -12.0 12
70 -12.0 12
80 -12.0 12
90 -12.0 12
100 -12.0 12
110 -12.0 12
120 -12.0 12
130 -12.0 12
140 -12.0 12
150 -12.0 12
160 -12.0 12
170 -12.0 12
180 -12.0 12
190 -12.0 12
200 -12.0 12
210 -12.0 12
220 -12.0 12
230 -12.0 12
240 -12.0 12
250 -12.0 12
260 -12.0 12
270 -12.0 12
280 -12.0 12
290 -12.0 12
300 -12.0 12
310 -12.0 12
320 -12.0 12
330 -12.0 12
340 -12.0 12
350 -12.0 12
360 -12.0 12
370 -12.0 12
380 -12.0 12
390 -12.0 12
400 -12.0 12
410 -12.0 12
420 -12.0 12
430 -12.0 12
440 -12.0 12
450 -12.0 12
460 -12.0 12
470 -12.0 12
480 -12.0 12
490 -12.0 12
499 -12.0 12
0 -50.0 50
10 -50.0 50
20 -12.0 12
30 -12.0 12
40 -12.0 12
50 -12.0 12
60 -12.0 12
70 -12.0 12
80 -12.0 12
90 -12.0 12
100 -12.0 12
110 -12.0 12
120 -12.0 12
130 -12.0 12
140 -12.0 12
150 -12.0 12
160 -12.0 12
170 -12.0 12
180 -12.0 12
190 -12.0 12
200 -12.0 12
210 -12.0 12
220 -12.0 12
230 -12.0 12
240 -50.0 50
250 -12.0 12
260 -12.0 12
270 -12.0 12
280 -12.0 12
290 -12.0 12
300 -12.0 12
310 -12.0 12
320 -12.0 12
330 -12.0 12
340 -12.0 12
350 -12.0 12
360 -12.0 12
370 -12.0 12
380 -12.0 12
390 -12.0 12
400 -12.0 12
410 -12.0 12
420 -12.0 12
430 -12.0 12
440 -12.0 12
450 -12.0 12
460 -12.0 12
470 -12.0 12
480 -12.0 12
490 -12.0 12
499 -12.0 12
0 -50.0 50
10 -50.0 50
20 -12.0 12
30 -50.0 50
40 -12.0 12
50 -12.0 12
60 -12.0 12
70 -12.0 12
80 -12.0 12
90 -12.0 12
100 -12.0 12
110 -12.0 12
120 -12.0 12
130 -12.0 12
140 -12.0 12
150 -12.0 12
160 -12.0 12
170 -12.0 12
180 -12.0 12
190 -12.0 12
200 -12.0 12
210 -12.0 12
220 -12.0 12
230 -12.0 12
240 -12.0 12
250 -12.0 12
260 -12.0 12
270 -12.0 12
280 -12.0 12
290 -12.0 12
300 -12.0 12
310 -12.0 12
320 -12.0 12
330 -12.0 12
340 -12.0 12
350 -12.0 12
360 -12.0 12
370 -12.0 12
380 -12.0 12
390 -12.0 12
400 -12.0 12
410 -12.0 12
420 -12.0 12
430 -12.0 12
440 -12.0 12
450 -12.0 12
460 -12.0 12
470 -12.0 12
480 -12.0 12
490 -12.0 12
499 -12.0 12
0 -50.0 50
10 -50.0 50
20 -12.0 12
30 -12.0 12
40 -12.0 12
50 -12.0 12
60 -12.0 12
70 -12.0 12
80 -12.0 12
90 -12.0 12
100 -12.0 12
110 -12.0 12
120 -12.0 12
130 -12.0 12
140 -12.0 12
150 -12.0 12
160 -12.0 12
170 -12.0 12
180 -12.0 12
190 -12.0 12
200 -12.0 12
210 -12.0 12
220 -12.0 12
230 -12.0 12
240 -12.0 12
250 -12.0 12
260 -12.0 12
270 -12.0 12
280 -12.0 12
290 -12.0 12
300 -12.0 12
310 -12.0 12
320 -12.0 12
330 -12.0 12
340 -12.0 12
350 -12.0 12
360 -12.0 12
370 -12.0 12
380 -12.0 12
390 -12.0 12
400 -12.0 12
410 -12.0 12
420 -12.0 12
430 -12.0 12
440 -12.0 12
450 -12.0 12
460 -12.0 12
470 -12.0 12
480 -12.0 12
490 -12.0 12
499 -12.0 12
0 -50.0 50
10 -50.0 50
20 -12.0 12
30 -12.0 12
40 -12.0 12
50 -12.0 12
60 -12.0 12
70 -12.0 12
80 -12.0 12
90 -12.0 12
100 -12.0 12
110 -12.0 12
120 -12.0 12
130 -12.0 12
140 -12.0 12
150 -12.0 12
160 -12.0 12
170 -12.0 12
180 -12.0 12
190 -12.0 12
200 -12.0 12
210 -12.0 12
220 -12.0 12
230 -12.0 12
240 -12.0 12
250 -12.0 12
260 -12.0 12
270 -12.0 12
280 -12.0 12
290 -12.0 12
300 -12.0 12
310 -12.0 12
320 -12.0 12
330 -12.0 12
340 -12.0 12
350 -12.0 12
360 -12.0 12
370 -12.0 12
380 -12.0 12
390 -12.0 12
400 -12.0 12
410 -12.0 12
420 -12.0 12
430 -12.0 12
440 -12.0 12
450 -12.0 12
460 -12.0 12
470 -12.0 12
480 -12.0 12
490 -12.0 12
499 -12.0 12
0 -50.0 50
10 -12.0 12
20 -12.0 12
30 -12.0 12
40 -12.0 12
50 -12.0 12
60 -12.0 12
70 -12.0 12
80 -12.0 12
90 -12.0 12
100 -12.0 12
110 -12.0 12
120 -12.0 12
130 -12.0 12
140 -12.0 12
150 -12.0 12
160 -12.0 12
170 -12.0 12
180 -12.0 12
190 -12.0 12
200 -12.0 12
210 -12.0 12
220 -12.0 12
230 -12.0 12
240 -12.0 12
250 -12.0 12
260 -50.0 50
270 -12.0 12
280 -12.0 12
290 -12.0 12
300 -12.0 12
310 -12.0 12
320 -12.0 12
330 -12.0 12
340 -50.0 50
350 -12.0 12
360 -12.0 12
370 -12.0 12
380 -12.0 12
390 -12.0 12
400 -12.0 12
410 -12.0 12
420 -12.0 12
430 -12.0 12
440 -12.0 12
450 -12.0 12
460 -12.0 12
470 -12.0 12
480 -12.0 12
490 -12.0 12
499 -12.0 12
0 -50.0 50
10 -12.0 12
20 -12.0 12
30 -12.0 12
40 -12.0 12
50 -12.0 12
60 -12.0 12
70 -50.0 50
80 -12.0 12
90 -12.0 12
100 -12.0 12
110 -12.0 12
120 -12.0 12
130 -12.0 12
140 -12.0 12
150 -12.0 12
160 -12.0 12
170 -12.0 12
180 -12.0 12
190 -12.0 12
200 -12.0 12
210 -12.0 12
220 -12.0 12
230 -50.0 50
240 -12.0 12
250 -12.0 12
260 -12.0 12
270 -12.0 12
280 -12.0 12
290 -12.0 12
300 -12.0 12
310 -12.0 12
320 -12.0 12
330 -12.0 12
340 -12.0 12
350 -12.0 12
360 -12.0 12
370 -12.0 12
380 -12.0 12
390 -12.0 12
400 -12.0 12
410 -12.0 12
420 -12.0 12
430 -12.0 12
440 -12.0 12
450 -12.0 12
460 -12.0 12
470 -12.0 12
480 -12.0 12
490 -12.0 12
499 -12.0 12
0 -50.0 50
10 -50.0 50
20 -50.0 50
30 -50.0 50
40 -12.0 12
50 -12.0 12
60 -12.0 12
70 -12.0 12
80 -12.0 12
90 -12.0 12
100 -12.0 12
110 -12.0 12
120 -12.0 12
130 -12.0 12
140 -12.0 12
150 -12.0 12
160 -12.0 12
170 -12.0 12
180 -12.0 12
190 -12.0 12
200 -12.0 12
210 -12.0 12
220 -12.0 12
230 -12.0 12
240 -12.0 12
250 -12.0 12
260 -12.0 12
270 -12.0 12
280 -12.0 12
290 -12.0 12
300 -12.0 12
310 -12.0 12
320 -12.0 12
330 -12.0 12
340 -12.0 12
350 -12.0 12
360 -12.0 12
370 -12.0 12
380 -12.0 12
390 -12.0 12
400 -12.0 12
410 -12.0 12
420 -12.0 12
430 -12.0 12
440 -12.0 12
450 -12.0 12
460 -12.0 12
470 -12.0 12
480 -12.0 12
490 -12.0 12
499 -12.0 12
0 -50.0 50
10 -50.0 50
20 -12.0 12
30 -12.0 12
40 -12.0 12
50 -12.0 12
60 -12.0 12
70 -12.0 12
80 -12.0 12
90 -12.0 12
100 -12.0 12
110 -12.0 12
120 -12.0 12
130 -12.0 12
140 -12.0 12
150 -12.0 12
160 -12.0 12
170 -12.0 12
180 -12.0 12
190 -12.0 12
200 -12.0 12
210 -12.0 12
220 -12.0 12
230 -12.0 12
240 -12.0 12
250 -12.0 12
260 -12.0 12
270 -12.0 12
280 -12.0 12
290 -12.0 12
300 -12.0 12
310 -12.0 12
320 -12.0 12
330 -12.0 12
340 -12.0 12
350 -12.0 12
360 -12.0 12
370 -12.0 12
380 -12.0 12
390 -12.0 12
400 -12.0 12
410 -12.0 12
420 -12.0 12
430 -12.0 12
440 -12.0 12
450 -12.0 12
460 -12.0 12
470 -12.0 12
480 -12.0 12
490 -12.0 12
499 -12.0 12