0 -50.0 50
1 -50.0 50
2 -50.0 50
3 -50.0 50
4 -50.0 50
5 -50.0 50
6 -50.0 50
7 -50.0 50
8 -50.0 50
9 -50.0 50
10 -50.0 50
11 -50.0 50
12 -50.0 50
13 -50.0 50
14 -50.0 50
15 -50.0 50
16 -37.0 37
17 -50.0 50
18 -50.0 50
19 -50.0 50
20 -50.0 50
21 -50.0 50
22 -50.0 50
23 -16.0 16
24 -50.0 50
25 -50.0 50
26 -50.0 50
27 -50.0 50
28 -50.0 50
29 -50.0 50
30 -50.0 50
31 -37.0 37
32 -50.0 50
33 -50.0 50
34 -50.0 50
35 -50.0 50
36 -50.0 50
37 -50.0 50
38 -22.0 22
39 -50.0 50
40 -50.0 50
41 -50.0 50
42 -50.0 50
43 -50.0 50
44 -34.0 34
45 -24.0 24
46 -50.0 50
47 -21.0 21
48 -15.0 15
49 -9.0 9
50 -9.0 9
51 -9.0 9
52 -9.0 9
53 -11.0 11
54 -12.0 12
0 -50.0 50
1 -50.0 50
2 -50.0 50
3 -50.0 50
4 -50.0 50
5 -50.0 50
6 -50.0 50
7 -50.0 50
8 -50.0 50
9 -50.0 50
10 -50.0 50
11 -50.0 50
12 -50.0 50
13 -50.0 50
14 -50.0 50
15 -50.0 50
16 -50.0 50
17 -50.0 50
18 -50.0 50
19 -50.0 50
20 -50.0 50
21 -50.0 50
22 -50.0 50
23 -50.0 50
24 -50.0 50
25 -50.0 50
26 -50.0 50
27 -17.0 17
28 -50.0 50
29 -50.0 50
30 -50.0 50
31 -50.0 50
32 -49.0 49
33 -50.0 50
34 -50.0 50
35 -50.0 50
36 -50.0 50
37 -41.0 41
38 -50.0 50
39 -50.0 50
40 -25.0 25
41 -50.0 50
42 -50.0 50
43 -50.0 50
44 -36.0 36
45 -50.0 50
46 -50.0 50
47 -50.0 50
48 -11.0 11
49 -9.0 9
50 -9.0 9
51 -11.0 11
52 -15.0 15
53 -16.0 16
54 -17.0 17
0 -50.0 50
1 -50.0 50
2 -50.0 50
3 -50.0 50
4 -50.0 50
5 -50.0 50
6 -50.0 50
7 -50.0 50
8 -34.0 34
9 -50.0 50
10 -50.0 50
11 -50.0 50
12 -50.0 50
13 -50.0 50
14 -50.0 50
15 -50.0 50
16 -50.0 50
17 -50.0 50
18 -50.0 50
19 -50.0 50
20 -31.0 31
21 -50.0 50
22 -50.0 50
23 -50.0 50
24 -50.0 50
25 -50.0 50
26 -50.0 50
27 -50.0 50
28 -50.0 50
29 -50.0 50
30 -47.0 47
31 -50.0 50
32 -50.0 50
33 -50.0 50
34 -50.0 50
35 -35.0 35
36 -44.0 44
37 -50.0 50
38 -50.0 50
39 -50.0 50
40 -50.0 50
41 -50.0 50
42 -13.0 13
43 -50.0 50
44 -50.0 50
45 -21.0 21
46 -18.0 18
47 -12.0 12
48 -11.0 11
49 -16.0 16
50 -16.0 16
51 -14.0 14
52 -17.0 17
53 -43.0 43
54 -11.0 11
0 -50.0 50
1 -50.0 50
2 -50.0 50
3 -50.0 50
4 -50.0 50
5 -50.0 50
6 -45.0 45
7 -50.0 50
8 -50.0 50
9 -50.0 50
10 -50.0 50
11 -50.0 50
12 -50.0 50
13 -50.0 50
14 -50.0 50
15 -50.0 50
16 -50.0 50
17 -50.0 50
18 -50.0 50
19 -50.0 50
20 -50.0 50
21 -50.0 50
22 -50.0 50
23 -50.0 50
24 -50.0 50
25 -50.0 50
26 -50.0 50
27 -50.0 50
28 -50.0 50
29 -50.0 50
30 -39.0 39
31 -50.0 50
32 -50.0 50
33 -50.0 50
34 -50.0 50
35 -50.0 50
36 -50.0 50
37 -50.0 50
38 -36.0 36
39 -14.0 14
40 -17.0 17
41 -9.0 9
42 -14.0 14
43 -17.0 17
44 -25.0 25
45 -50.0 50
46 -50.0 50
47 -43.0 43
48 -12.0 12
49 -9.0 9
50 -11.0 11
51 -12.0 12
52 -50.0 50
53 -9.0 9
54 -9.0 9
0 -50.0 50
1 -50.0 50
2 -50.0 50
3 -50.0 50
4 -50.0 50
5 -50.0 50
6 -50.0 50
7 -50.0 50
8 -50.0 50
9 -50.0 50
10 -50.0 50
11 -50.0 50
12 -50.0 50
13 -50.0 50
14 -50.0 50
15 -50.0 50
16 -50.0 50
17 -50.0 50
18 -50.0 50
19 -50.0 50
20 -39.0 39
21 -50.0 50
22 -50.0 50
23 -50.0 50
24 -50.0 50
25 -50.0 50
26 -50.0 50
27 -50.0 50
28 -50.0 50
29 -50.0 50
30 -50.0 50
31 -50.0 50
32 -50.0 50
33 -50.0 50
34 -50.0 50
35 -50.0 50
36 -50.0 50
37 -50.0 50
38 -33.0 33
39 -50.0 50
40 -50.0 50
41 -42.0 42
42 -10.0 10
43 -16.0 16
44 -28.0 28
45 -16.0 16
46 -16.0 16
47 -32.0 32
48 -18.0 18
49 -9.0 9
50 -15.0 15
51 -24.0 24
52 -50.0 50
53 -24.0 24
54 -50.0 50
0 -50.0 50
1 -50.0 50
2 -50.0 50
3 -50.0 50
4 -50.0 50
5 -50.0 50
6 -50.0 50
7 -50.0 50
8 -50.0 50
9 -50.0 50
10 -50.0 50
11 -50.0 50
12 -50.0 50
13 -50.0 50
14 -50.0 50
15 -50.0 50
16 -50.0 50
17 -50.0 50
18 -50.0 50
19 -32.0 32
20 -50.0 50
21 -50.0 50
22 -50.0 50
23 -38.0 38
24 -50.0 50
25 -50.0 50
26 -50.0 50
27 -50.0 50
28 -50.0 50
29 -50.0 50
30 -50.0 50
31 -50.0 50
32 -50.0 50
33 -50.0 50
34 -50.0 50
35 -30.0 30
36 -50.0 50
37 -50.0 50
38 -50.0 50
39 -50.0 50
40 -50.0 50
41 -36.0 36
42 -50.0 50
43 -11.0 11
44 -9.0 9
45 -9.0 9
46 -12.0 12
47 -12.0 12
48 -11.0 11
49 -13.0 13
50 -11.0 11
51 -12.0 12
52 -50.0 50
53 -19.0 19
54 -11.0 11
0 -50.0 50
1 -50.0 50
2 -50.0 50
3 -50.0 50
4 -50.0 50
5 -50.0 50
6 -50.0 50
7 -50.0 50
8 -50.0 50
9 -50.0 50
10 -50.0 50
11 -50.0 50
12 -50.0 50
13 -23.0 23
14 -50.0 50
15 -50.0 50
16 -50.0 50
17 -50.0 50
18 -50.0 50
19 -50.0 50
20 -50.0 50
21 -50.0 50
22 -50.0 50
23 -50.0 50
24 -50.0 50
25 -50.0 50
26 -50.0 50
27 -50.0 50
28 -50.0 50
29 -50.0 50
30 -50.0 50
31 -50.0 50
32 -50.0 50
33 -50.0 50
34 -31.0 31
35 -39.0 39
36 -50.0 50
37 -50.0 50
38 -50.0 50
39 -50.0 50
40 -50.0 50
41 -50.0 50
42 -50.0 50
43 -50.0 50
44 -16.0 16
45 -13.0 13
46 -50.0 50
47 -39.0 39
48 -47.0 47
49 -11.0 11
50 -9.0 9
51 -14.0 14
52 -15.0 15
53 -11.0 11
54 -9.0 9
0 -50.0 50
1 -50.0 50
2 -50.0 50
3 -50.0 50
4 -50.0 50
5 -50.0 50
6 -50.0 50
7 -50.0 50
8 -50.0 50
9 -45.0 45
10 -50.0 50
11 -50.0 50
12 -50.0 50
13 -50.0 50
14 -50.0 50
15 -50.0 50
16 -39.0 39
17 -50.0 50
18 -50.0 50
19 -50.0 50
20 -50.0 50
21 -50.0 50
22 -50.0 50
23 -50.0 50
24 -50.0 50
25 -50.0 50
26 -50.0 50
27 -50.0 50
28 -50.0 50
29 -40.0 40
30 -50.0 50
31 -47.0 47
32 -34.0 34
33 -50.0 50
34 -50.0 50
35 -50.0 50
36 -50.0 50
37 -50.0 50
38 -50.0 50
39 -50.0 50
40 -24.0 24
41 -26.0 26
42 -50.0 50
43 -32.0 32
44 -50.0 50
45 -50.0 50
46 -50.0 50
47 -49.0 49
48 -50.0 50
49 -50.0 50
50 -50.0 50
51 -28.0 28
52 -16.0 16
53 -15.0 15
54 -16.0 16
0 -50.0 50
1 -50.0 50
2 -50.0 50
3 -50.0 50
4 -50.0 50
5 -50.0 50
6 -50.0 50
7 -37.0 37
8 -50.0 50
9 -50.0 50
10 -50.0 50
11 -50.0 50
12 -50.0 50
13 -50.0 50
14 -50.0 50
15 -50.0 50
16 -50.0 50
17 -50.0 50
18 -50.0 50
19 -50.0 50
20 -50.0 50
21 -39.0 39
22 -50.0 50
23 -50.0 50
24 -50.0 50
25 -50.0 50
26 -50.0 50
27 -50.0 50
28 -50.0 50
29 -50.0 50
30 -50.0 50
31 -50.0 50
32 -33.0 33
33 -50.0 50
34 -50.0 50
35 -50.0 50
36 -50.0 50
37 -50.0 50
38 -28.0 28
39 -34.0 34
40 -18.0 18
41 -26.0 26
42 -50.0 50
43 -50.0 50
44 -50.0 50
45 -50.0 50
46 -50.0 50
47 -50.0 50
48 -50.0 50
49 -50.0 50
50 -29.0 29
51 -50.0 50
52 -27.0 27
53 -50.0 50
54 -43.0 43
0 -50.0 50
1 -50.0 50
2 -50.0 50
3 -50.0 50
4 -50.0 50
5 -50.0 50
6 -50.0 50
7 -50.0 50
8 -50.0 50
9 -50.0 50
10 -50.0 50
11 -50.0 50
12 -50.0 50
13 -50.0 50
14 -50.0 50
15 -50.0 50
16 -50.0 50
17 -50.0 50
18 -50.0 50
19 -50.0 50
20 -50.0 50
21 -50.0 50
22 -50.0 50
23 -50.0 50
24 -50.0 50
25 -50.0 50
26 -45.0 45
27 -50.0 50
28 -50.0 50
29 -50.0 50
30 -26.0 26
31 -24.0 24
32 -50.0 50
33 -29.0 29
34 -50.0 50
35 -50.0 50
36 -50.0 50
37 -50.0 50
38 -50.0 50
39 -50.0 50
40 -50.0 50
41 -17.0 17
42 -39.0 39
43 -50.0 50
44 -50.0 50
45 -50.0 50
46 -16.0 16
47 -50.0 50
48 -14.0 14
49 -16.0 16
50 -17.0 17
51 -41.0 41
52 -50.0 50
53 -50.0 50
54 -9.0 9
0 -50.0 50
1 -50.0 50
2 -29.0 29
3 -50.0 50
4 -50.0 50
5 -50.0 50
6 -50.0 50
7 -50.0 50
8 -50.0 50
9 -50.0 50
10 -50.0 50
11 -50.0 50
12 -50.0 50
13 -50.0 50
14 -50.0 50
15 -50.0 50
16 -50.0 50
17 -50.0 50
18 -50.0 50
19 -50.0 50
20 -50.0 50
21 -50.0 50
22 -46.0 46
23 -50.0 50
24 -50.0 50
25 -50.0 50
26 -50.0 50
27 -50.0 50
28 -50.0 50
29 -50.0 50
30 -50.0 50
31 -50.0 50
32 -50.0 50
33 -50.0 50
34 -42.0 42
35 -24.0 24
36 -50.0 50
37 -9.0 9
38 -21.0 21
39 -50.0 50
40 -23.0 23
41 -50.0 50
42 -50.0 50
43 -50.0 50
44 -50.0 50
45 -50.0 50
46 -50.0 50
47 -24.0 24
48 -35.0 35
49 -50.0 50
50 -11.0 11
51 -9.0 9
52 -11.0 11
53 -10.0 10
54 -9.0 9
0 -50.0 50
1 -50.0 50
2 -50.0 50
3 -50.0 50
4 -50.0 50
5 -50.0 50
6 -50.0 50
7 -50.0 50
8 -50.0 50
9 -50.0 50
10 -50.0 50
11 -50.0 50
12 -41.0 41
13 -50.0 50
14 -50.0 50
15 -50.0 50
16 -50.0 50
17 -50.0 50
18 -50.0 50
19 -50.0 50
20 -50.0 50
21 -50.0 50
22 -50.0 50
23 -50.0 50
24 -40.0 40
25 -50.0 50
26 -50.0 50
27 -50.0 50
28 -50.0 50
29 -50.0 50
30 -50.0 50
31 -50.0 50
32 -42.0 42
33 -50.0 50
34 -50.0 50
35 -50.0 50
36 -50.0 50
37 -50.0 50
38 -40.0 40
39 -50.0 50
40 -50.0 50
41 -15.0 15
42 -16.0 16
43 -12.0 12
44 -33.0 33
45 -20.0 20
46 -50.0 50
47 -50.0 50
48 -50.0 50
49 -26.0 26
50 -50.0 50
51 -20.0 20
52 -13.0 13
53 -17.0 17
54 -17.0 17
0 -50.0 50
1 -50.0 50
2 -50.0 50
3 -50.0 50
4 -50.0 50
5 -50.0 50
6 -50.0 50
7 -50.0 50
8 -50.0 50
9 -50.0 50
10 -50.0 50
11 -50.0 50
12 -27.0 27
13 -50.0 50
14 -50.0 50
15 -50.0 50
16 -50.0 50
17 -50.0 50
18 -50.0 50
19 -50.0 50
20 -50.0 50
21 -50.0 50
22 -50.0 50
23 -50.0 50
24 -32.0 32
25 -50.0 50
26 -50.0 50
27 -50.0 50
28 -50.0 50
29 -50.0 50
30 -50.0 50
31 -33.0 33
32 -50.0 50
33 -50.0 50
34 -50.0 50
35 -50.0 50
36 -50.0 50
37 -50.0 50
38 -14.0 14
39 -50.0 50
40 -25.0 25
41 -17.0 17
42 -16.0 16
43 -14.0 14
44 -50.0 50
45 -27.0 27
46 -50.0 50
47 -22.0 22
48 -21.0 21
49 -50.0 50
50 -37.0 37
51 -49.0 49
52 -9.0 9
53 -11.0 11
54 -10.0 10
0 -50.0 50
1 -50.0 50
2 -50.0 50
3 -50.0 50
4 -50.0 50
5 -50.0 50
6 -50.0 50
7 -50.0 50
8 -50.0 50
9 -50.0 50
10 -50.0 50
11 -50.0 50
12 -50.0 50
13 -50.0 50
14 -50.0 50
15 -50.0 50
16 -50.0 50
17 -50.0 50
18 -50.0 50
19 -50.0 50
20 -50.0 50
21 -50.0 50
22 -50.0 50
23 -35.0 35
24 -50.0 50
25 -50.0 50
26 -50.0 50
27 -50.0 50
28 -46.0 46
29 -50.0 50
30 -50.0 50
31 -50.0 50
32 -50.0 50
33 -50.0 50
34 -50.0 50
35 -50.0 50
36 -50.0 50
37 -50.0 50
38 -50.0 50
39 -50.0 50
40 -27.0 27
41 -30.0 30
42 -50.0 50
43 -37.0 37
44 -38.0 38
45 -50.0 50
46 -25.0 25
47 -50.0 50
48 -26.0 26
49 -37.0 37
50 -50.0 50
51 -50.0 50
52 -28.0 28
53 -22.0 22
54 -50.0 50
0 -50.0 50
1 -50.0 50
2 -50.0 50
3 -50.0 50
4 -50.0 50
5 -50.0 50
6 -50.0 50
7 -50.0 50
8 -50.0 50
9 -50.0 50
10 -32.0 32
11 -50.0 50
12 -50.0 50
13 -50.0 50
14 -50.0 50
15 -50.0 50
16 -50.0 50
17 -50.0 50
18 -50.0 50
19 -50.0 50
20 -50.0 50
21 -50.0 50
22 -50.0 50
23 -50.0 50
24 -36.0 36
25 -50.0 50
26 -50.0 50
27 -50.0 50
28 -50.0 50
29 -50.0 50
30 -50.0 50
31 -50.0 50
32 -50.0 50
33 -45.0 45
34 -50.0 50
35 -50.0 50
36 -50.0 50
37 -50.0 50
38 -50.0 50
39 -50.0 50
40 -50.0 50
41 -50.0 50
42 -50.0 50
43 -50.0 50
44 -50.0 50
45 -18.0 18
46 -20.0 20
47 -15.0 15
48 -12.0 12
49 -13.0 13
50 -14.0 14
51 -13.0 13
52 -10.0 10
53 -16.0 16
54 -9.0 9
0 -50.0 50
1 -50.0 50
2 -50.0 50
3 -50.0 50
4 -50.0 50
5 -50.0 50
6 -50.0 50
7 -50.0 50
8 -50.0 50
9 -50.0 50
10 -50.0 50
11 -50.0 50
12 -50.0 50
13 -50.0 50
14 -50.0 50
15 -50.0 50
16 -50.0 50
17 -45.0 45
18 -50.0 50
19 -50.0 50
20 -50.0 50
21 -50.0 50
22 -50.0 50
23 -50.0 50
24 -50.0 50
25 -50.0 50
26 -50.0 50
27 -50.0 50
28 -50.0 50
29 -50.0 50
30 -20.0 20
31 -50.0 50
32 -50.0 50
33 -50.0 50
34 -50.0 50
35 -50.0 50
36 -50.0 50
37 -50.0 50
38 -31.0 31
39 -18.0 18
40 -39.0 39
41 -50.0 50
42 -48.0 48
43 -11.0 11
44 -12.0 12
45 -10.0 10
46 -11.0 11
47 -22.0 22
48 -17.0 17
49 -23.0 23
50 -9.0 9
51 -9.0 9
52 -11.0 11
53 -12.0 12
54 -12.0 12
0 -50.0 50
1 -50.0 50
2 -50.0 50
3 -50.0 50
4 -50.0 50
5 -50.0 50
6 -50.0 50
7 -50.0 50
8 -50.0 50
9 -50.0 50
10 -18.0 18
11 -50.0 50
12 -50.0 50
13 -50.0 50
14 -50.0 50
15 -50.0 50
16 -50.0 50
17 -50.0 50
18 -50.0 50
19 -50.0 50
20 -50.0 50
21 -50.0 50
22 -50.0 50
23 -50.0 50
24 -50.0 50
25 -45.0 45
26 -50.0 50
27 -50.0 50
28 -50.0 50
29 -50.0 50
30 -50.0 50
31 -45.0 45
32 -50.0 50
33 -50.0 50
34 -50.0 50
35 -50.0 50
36 -50.0 50
37 -50.0 50
38 -50.0 50
39 -33.0 33
40 -10.0 10
41 -10.0 10
42 -50.0 50
43 -16.0 16
44 -16.0 16
45 -15.0 15
46 -15.0 15
47 -44.0 44
48 -15.0 15
49 -11.0 11
50 -11.0 11
51 -12.0 12
52 -18.0 18
53 -13.0 13
54 -12.0 12
0 -50.0 50
1 -50.0 50
2 -50.0 50
3 -50.0 50
4 -50.0 50
5 -50.0 50
6 -50.0 50
7 -24.0 24
8 -50.0 50
9 -50.0 50
10 -50.0 50
11 -50.0 50
12 -50.0 50
13 -50.0 50
14 -50.0 50
15 -50.0 50
16 -50.0 50
17 -50.0 50
18 -50.0 50
19 -50.0 50
20 -50.0 50
21 -50.0 50
22 -50.0 50
23 -50.0 50
24 -50.0 50
25 -50.0 50
26 -50.0 50
27 -50.0 50
28 -50.0 50
29 -39.0 39
30 -50.0 50
31 -50.0 50
32 -50.0 50
33 -39.0 39
34 -50.0 50
35 -50.0 50
36 -50.0 50
37 -50.0 50
38 -31.0 31
39 -50.0 50
40 -23.0 23
41 -50.0 50
42 -42.0 42
43 -11.0 11
44 -9.0 9
45 -11.0 11
46 -13.0 13
47 -20.0 20
48 -15.0 15
49 -12.0 12
50 -9.0 9
51 -9.0 9
52 -9.0 9
53 -9.0 9
54 -9.0 9
0 -50.0 50
1 -50.0 50
2 -50.0 50
3 -50.0 50
4 -50.0 50
5 -50.0 50
6 -50.0 50
7 -50.0 50
8 -50.0 50
9 -50.0 50
10 -50.0 50
11 -50.0 50
12 -50.0 50
13 -50.0 50
14 -50.0 50
15 -50.0 50
16 -36.0 36
17 -50.0 50
18 -50.0 50
19 -50.0 50
20 -50.0 50
21 -50.0 50
22 -50.0 50
23 -50.0 50
24 -50.0 50
25 -41.0 41
26 -50.0 50
27 -50.0 50
28 -50.0 50
29 -50.0 50
30 -50.0 50
31 -50.0 50
32 -50.0 50
33 -50.0 50
34 -34.0 34
35 -50.0 50
36 -50.0 50
37 -50.0 50
38 -50.0 50
39 -50.0 50
40 -39.0 39
41 -25.0 25
42 -20.0 20
43 -50.0 50
44 -50.0 50
45 -50.0 50
46 -50.0 50
47 -50.0 50
48 -50.0 50
49 -50.0 50
50 -50.0 50
51 -28.0 28
52 -13.0 13
53 -17.0 17
54 -16.0 16
0 -50.0 50
1 -50.0 50
2 -50.0 50
3 -50.0 50
4 -50.0 50
5 -50.0 50
6 -50.0 50
7 -50.0 50
8 -50.0 50
9 -50.0 50
10 -50.0 50
11 -50.0 50
12 -50.0 50
13 -50.0 50
14 -50.0 50
15 -50.0 50
16 -50.0 50
17 -50.0 50
18 -50.0 50
19 -50.0 50
20 -50.0 50
21 -50.0 50
22 -50.0 50
23 -32.0 32
24 -50.0 50
25 -50.0 50
26 -50.0 50
27 -50.0 50
28 -50.0 50
29 -28.0 28
30 -50.0 50
31 -50.0 50
32 -50.0 50
33 -50.0 50
34 -50.0 50
35 -50.0 50
36 -19.0 19
37 -21.0 21
38 -50.0 50
39 -50.0 50
40 -50.0 50
41 -50.0 50
42 -50.0 50
43 -50.0 50
44 -50.0 50
45 -47.0 47
46 -50.0 50
47 -50.0 50
48 -13.0 13
49 -25.0 25
50 -28.0 28
51 -27.0 27
52 -50.0 50
53 -40.0 40
54 -50.0 50
0 -50.0 50
1 -50.0 50
2 -50.0 50
3 -50.0 50
4 -50.0 50
5 -50.0 50
6 -50.0 50
7 -50.0 50
8 -50.0 50
9 -50.0 50
10 -50.0 50
11 -50.0 50
12 -50.0 50
13 -50.0 50
14 -39.0 39
15 -50.0 50
16 -50.0 50
17 -50.0 50
18 -50.0 50
19 -50.0 50
20 -50.0 50
21 -50.0 50
22 -50.0 50
23 -50.0 50
24 -50.0 50
25 -50.0 50
26 -50.0 50
27 -50.0 50
28 -27.0 27
29 -50.0 50
30 -50.0 50
31 -50.0 50
32 -18.0 18
33 -50.0 50
34 -50.0 50
35 -50.0 50
36 -50.0 50
37 -50.0 50
38 -34.0 34
39 -50.0 50
40 -50.0 50
41 -50.0 50
42 -50.0 50
43 -50.0 50
44 -50.0 50
45 -50.0 50
46 -36.0 36
47 -18.0 18
48 -13.0 13
49 -17.0 17
50 -17.0 17
51 -20.0 20
52 -14.0 14
53 -50.0 50
54 -50.0 50
0 -50.0 50
1 -50.0 50
2 -50.0 50
3 -50.0 50
4 -50.0 50
5 -50.0 50
6 -50.0 50
7 -50.0 50
8 -50.0 50
9 -50.0 50
10 -50.0 50
11 -50.0 50
12 -50.0 50
13 -50.0 50
14 -50.0 50
15 -50.0 50
16 -21.0 21
17 -50.0 50
18 -50.0 50
19 -50.0 50
20 -50.0 50
21 -31.0 31
22 -50.0 50
23 -50.0 50
24 -50.0 50
25 -50.0 50
26 -50.0 50
27 -50.0 50
28 -50.0 50
29 -50.0 50
30 -50.0 50
31 -50.0 50
32 -50.0 50
33 -50.0 50
34 -50.0 50
35 -41.0 41
36 -50.0 50
37 -26.0 26
38 -50.0 50
39 -50.0 50
40 -33.0 33
41 -50.0 50
42 -20.0 20
43 -50.0 50
44 -50.0 50
45 -50.0 50
46 -50.0 50
47 -9.0 9
48 -9.0 9
49 -10.0 10
50 -15.0 15
51 -10.0 10
52 -9.0 9
53 -9.0 9
54 -14.0 14
0 -50.0 50
1 -50.0 50
2 -50.0 50
3 -50.0 50
4 -50.0 50
5 -50.0 50
6 -50.0 50
7 -50.0 50
8 -50.0 50
9 -50.0 50
10 -50.0 50
11 -50.0 50
12 -50.0 50
13 -50.0 50
14 -50.0 50
15 -50.0 50
16 -50.0 50
17 -50.0 50
18 -50.0 50
19 -50.0 50
20 -50.0 50
21 -50.0 50
22 -50.0 50
23 -50.0 50
24 -50.0 50
25 -50.0 50
26 -50.0 50
27 -50.0 50
28 -50.0 50
29 -50.0 50
30 -50.0 50
31 -27.0 27
32 -50.0 50
33 -50.0 50
34 -50.0 50
35 -33.0 33
36 -50.0 50
37 -50.0 50
38 -40.0 40
39 -50.0 50
40 -50.0 50
41 -50.0 50
42 -24.0 24
43 -50.0 50
44 -29.0 29
45 -50.0 50
46 -50.0 50
47 -50.0 50
48 -50.0 50
49 -50.0 50
50 -17.0 17
51 -12.0 12
52 -16.0 16
53 -14.0 14
54 -15.0 15
0 -50.0 50
1 -50.0 50
2 -50.0 50
3 -50.0 50
4 -50.0 50
5 -50.0 50
6 -50.0 50
7 -50.0 50
8 -50.0 50
9 -50.0 50
10 -50.0 50
11 -50.0 50
12 -50.0 50
13 -50.0 50
14 -50.0 50
15 -50.0 50
16 -25.0 25
17 -50.0 50
18 -50.0 50
19 -50.0 50
20 -50.0 50
21 -50.0 50
22 -50.0 50
23 -50.0 50
24 -50.0 50
25 -50.0 50
26 -50.0 50
27 -50.0 50
28 -50.0 50
29 -50.0 50
30 -50.0 50
31 -50.0 50
32 -50.0 50
33 -50.0 50
34 -50.0 50
35 -50.0 50
36 -50.0 50
37 -50.0 50
38 -50.0 50
39 -50.0 50
40 -50.0 50
41 -26.0 26
42 -18.0 18
43 -16.0 16
44 -50.0 50
45 -23.0 23
46 -50.0 50
47 -50.0 50
48 -50.0 50
49 -50.0 50
50 -41.0 41
51 -9.0 9
52 -9.0 9
53 -15.0 15
54 -18.0 18
0 -50.0 50
1 -50.0 50
2 -50.0 50
3 -50.0 50
4 -50.0 50
5 -50.0 50
6 -50.0 50
7 -50.0 50
8 -50.0 50
9 -50.0 50
10 -50.0 50
11 -40.0 40
12 -50.0 50
13 -50.0 50
14 -50.0 50
15 -50.0 50
16 -50.0 50
17 -50.0 50
18 -50.0 50
19 -50.0 50
20 -50.0 50
21 -50.0 50
22 -50.0 50
23 -50.0 50
24 -50.0 50
25 -50.0 50
26 -50.0 50
27 -46.0 46
28 -50.0 50
29 -50.0 50
30 -39.0 39
31 -50.0 50
32 -50.0 50
33 -50.0 50
34 -50.0 50
35 -50.0 50
36 -50.0 50
37 -50.0 50
38 -21.0 21
39 -12.0 12
40 -12.0 12
41 -50.0 50
42 -50.0 50
43 -50.0 50
44 -15.0 15
45 -50.0 50
46 -28.0 28
47 -10.0 10
48 -18.0 18
49 -12.0 12
50 -11.0 11
51 -11.0 11
52 -16.0 16
53 -50.0 50
54 -17.0 17
0 -50.0 50
1 -50.0 50
2 -50.0 50
3 -50.0 50
4 -50.0 50
5 -50.0 50
6 -50.0 50
7 -50.0 50
8 -50.0 50
9 -50.0 50
10 -48.0 48
11 -50.0 50
12 -50.0 50
13 -50.0 50
14 -50.0 50
15 -40.0 40
16 -50.0 50
17 -50.0 50
18 -50.0 50
19 -50.0 50
20 -50.0 50
21 -50.0 50
22 -50.0 50
23 -50.0 50
24 -50.0 50
25 -50.0 50
26 -50.0 50
27 -50.0 50
28 -50.0 50
29 -50.0 50
30 -50.0 50
31 -50.0 50
32 -42.0 42
33 -19.0 19
34 -50.0 50
35 -50.0 50
36 -50.0 50
37 -50.0 50
38 -50.0 50
39 -50.0 50
40 -50.0 50
41 -50.0 50
42 -50.0 50
43 -50.0 50
44 -43.0 43
45 -26.0 26
46 -48.0 48
47 -50.0 50
48 -47.0 47
49 -14.0 14
50 -24.0 24
51 -15.0 15
52 -11.0 11
53 -12.0 12
54 -9.0 9
0 -50.0 50
1 -50.0 50
2 -50.0 50
3 -50.0 50
4 -50.0 50
5 -50.0 50
6 -50.0 50
7 -50.0 50
8 -50.0 50
9 -50.0 50
10 -50.0 50
11 -50.0 50
12 -50.0 50
13 -50.0 50
14 -50.0 50
15 -50.0 50
16 -50.0 50
17 -50.0 50
18 -39.0 39
19 -50.0 50
20 -50.0 50
21 -50.0 50
22 -50.0 50
23 -50.0 50
24 -50.0 50
25 -50.0 50
26 -38.0 38
27 -50.0 50
28 -50.0 50
29 -50.0 50
30 -50.0 50
31 -50.0 50
32 -50.0 50
33 -50.0 50
34 -50.0 50
35 -22.0 22
36 -50.0 50
37 -50.0 50
38 -50.0 50
39 -50.0 50
40 -20.0 20
41 -50.0 50
42 -19.0 19
43 -13.0 13
44 -16.0 16
45 -25.0 25
46 -19.0 19
47 -13.0 13
48 -13.0 13
49 -11.0 11
50 -9.0 9
51 -12.0 12
52 -9.0 9
53 -9.0 9
54 -11.0 11
0 -50.0 50
1 -50.0 50
2 -50.0 50
3 -50.0 50
4 -50.0 50
5 -50.0 50
6 -50.0 50
7 -50.0 50
8 -50.0 50
9 -50.0 50
10 -50.0 50
11 -50.0 50
12 -44.0 44
13 -50.0 50
14 -50.0 50
15 -50.0 50
16 -50.0 50
17 -50.0 50
18 -50.0 50
19 -50.0 50
20 -50.0 50
21 -50.0 50
22 -50.0 50
23 -50.0 50
24 -50.0 50
25 -50.0 50
26 -50.0 50
27 -50.0 50
28 -50.0 50
29 -50.0 50
30 -50.0 50
31 -50.0 50
32 -50.0 50
33 -50.0 50
34 -27.0 27
35 -23.0 23
36 -50.0 50
37 -50.0 50
38 -50.0 50
39 -50.0 50
40 -50.0 50
41 -32.0 32
42 -50.0 50
43 -9.0 9
44 -9.0 9
45 -21.0 21
46 -50.0 50
47 -38.0 38
48 -26.0 26
49 -50.0 50
50 -50.0 50
51 -50.0 50
52 -14.0 14
53 -9.0 9
54 -9.0 9
0 -50.0 50
1 -50.0 50
2 -12.0 12
3 -50.0 50
4 -50.0 50
5 -50.0 50
6 -50.0 50
7 -50.0 50
8 -50.0 50
9 -50.0 50
10 -50.0 50
11 -50.0 50
12 -50.0 50
13 -50.0 50
14 -50.0 50
15 -50.0 50
16 -50.0 50
17 -50.0 50
18 -50.0 50
19 -50.0 50
20 -50.0 50
21 -50.0 50
22 -50.0 50
23 -50.0 50
24 -50.0 50
25 -50.0 50
26 -50.0 50
27 -50.0 50
28 -50.0 50
29 -50.0 50
30 -50.0 50
31 -19.0 19
32 -42.0 42
33 -50.0 50
34 -17.0 17
35 -50.0 50
36 -50.0 50
37 -50.0 50
38 -50.0 50
39 -50.0 50
40 -50.0 50
41 -50.0 50
42 -50.0 50
43 -50.0 50
44 -9.0 9
45 -19.0 19
46 -14.0 14
47 -17.0 17
48 -9.0 9
49 -10.0 10
50 -9.0 9
51 -9.0 9
52 -10.0 10
53 -9.0 9
54 -11.0 11
0 -50.0 50
1 -50.0 50
2 -50.0 50
3 -50.0 50
4 -50.0 50
5 -50.0 50
6 -44.0 44
7 -50.0 50
8 -50.0 50
9 -50.0 50
10 -50.0 50
11 -50.0 50
12 -50.0 50
13 -50.0 50
14 -50.0 50
15 -50.0 50
16 -50.0 50
17 -50.0 50
18 -50.0 50
19 -50.0 50
20 -40.0 40
21 -50.0 50
22 -50.0 50
23 -50.0 50
24 -50.0 50
25 -50.0 50
26 -50.0 50
27 -50.0 50
28 -50.0 50
29 -50.0 50
30 -50.0 50
31 -50.0 50
32 -50.0 50
33 -50.0 50
34 -50.0 50
35 -50.0 50
36 -50.0 50
37 -26.0 26
38 -50.0 50
39 -50.0 50
40 -50.0 50
41 -50.0 50
42 -50.0 50
43 -33.0 33
44 -50.0 50
45 -50.0 50
46 -50.0 50
47 -50.0 50
48 -50.0 50
49 -50.0 50
50 -50.0 50
51 -30.0 30
52 -9.0 9
53 -9.0 9
54 -12.0 12
0 -50.0 50
1 -50.0 50
2 -50.0 50
3 -50.0 50
4 -50.0 50
5 -50.0 50
6 -50.0 50
7 -45.0 45
8 -50.0 50
9 -50.0 50
10 -50.0 50
11 -50.0 50
12 -50.0 50
13 -50.0 50
14 -50.0 50
15 -50.0 50
16 -50.0 50
17 -50.0 50
18 -42.0 42
19 -50.0 50
20 -50.0 50
21 -50.0 50
22 -50.0 50
23 -50.0 50
24 -50.0 50
25 -50.0 50
26 -50.0 50
27 -50.0 50
28 -50.0 50
29 -50.0 50
30 -50.0 50
31 -50.0 50
32 -33.0 33
33 -50.0 50
34 -50.0 50
35 -50.0 50
36 -50.0 50
37 -50.0 50
38 -50.0 50
39 -50.0 50
40 -50.0 50
41 -50.0 50
42 -50.0 50
43 -43.0 43
44 -12.0 12
45 -9.0 9
46 -11.0 11
47 -18.0 18
48 -43.0 43
49 -17.0 17
50 -24.0 24
51 -42.0 42
52 -50.0 50
53 -50.0 50
54 -50.0 50
0 -50.0 50
1 -50.0 50
2 -50.0 50
3 -50.0 50
4 -50.0 50
5 -50.0 50
6 -50.0 50
7 -50.0 50
8 -50.0 50
9 -50.0 50
10 -50.0 50
11 -50.0 50
12 -50.0 50
13 -50.0 50
14 -50.0 50
15 -50.0 50
16 -50.0 50
17 -50.0 50
18 -50.0 50
19 -50.0 50
20 -50.0 50
21 -50.0 50
22 -50.0 50
23 -50.0 50
24 -50.0 50
25 -34.0 34
26 -50.0 50
27 -50.0 50
28 -50.0 50
29 -21.0 21
30 -50.0 50
31 -50.0 50
32 -50.0 50
33 -50.0 50
34 -50.0 50
35 -50.0 50
36 -50.0 50
37 -50.0 50
38 -50.0 50
39 -30.0 30
40 -50.0 50
41 -50.0 50
42 -50.0 50
43 -50.0 50
44 -50.0 50
45 -19.0 19
46 -27.0 27
47 -17.0 17
48 -23.0 23
49 -31.0 31
50 -50.0 50
51 -50.0 50
52 -16.0 16
53 -33.0 33
54 -50.0 50
0 -50.0 50
1 -50.0 50
2 -50.0 50
3 -50.0 50
4 -50.0 50
5 -50.0 50
6 -50.0 50
7 -50.0 50
8 -50.0 50
9 -50.0 50
10 -50.0 50
11 -39.0 39
12 -50.0 50
13 -50.0 50
14 -50.0 50
15 -50.0 50
16 -50.0 50
17 -50.0 50
18 -50.0 50
19 -50.0 50
20 -50.0 50
21 -50.0 50
22 -31.0 31
23 -50.0 50
24 -50.0 50
25 -50.0 50
26 -50.0 50
27 -50.0 50
28 -50.0 50
29 -50.0 50
30 -36.0 36
31 -50.0 50
32 -47.0 47
33 -50.0 50
34 -50.0 50
35 -50.0 50
36 -50.0 50
37 -50.0 50
38 -50.0 50
39 -50.0 50
40 -50.0 50
41 -50.0 50
42 -50.0 50
43 -50.0 50
44 -32.0 32
45 -32.0 32
46 -14.0 14
47 -29.0 29
48 -20.0 20
49 -50.0 50
50 -27.0 27
51 -22.0 22
52 -11.0 11
53 -16.0 16
54 -18.0 18
0 -50.0 50
1 -50.0 50
2 -50.0 50
3 -50.0 50
4 -50.0 50
5 -50.0 50
6 -50.0 50
7 -50.0 50
8 -49.0 49
9 -50.0 50
10 -50.0 50
11 -50.0 50
12 -50.0 50
13 -50.0 50
14 -50.0 50
15 -50.0 50
16 -50.0 50
17 -50.0 50
18 -50.0 50
19 -50.0 50
20 -50.0 50
21 -50.0 50
22 -50.0 50
23 -50.0 50
24 -50.0 50
25 -50.0 50
26 -50.0 50
27 -50.0 50
28 -50.0 50
29 -50.0 50
30 -50.0 50
31 -50.0 50
32 -50.0 50
33 -40.0 40
34 -20.0 20
35 -25.0 25
36 -50.0 50
37 -50.0 50
38 -50.0 50
39 -43.0 43
40 -50.0 50
41 -50.0 50
42 -50.0 50
43 -44.0 44
44 -50.0 50
45 -50.0 50
46 -50.0 50
47 -50.0 50
48 -50.0 50
49 -19.0 19
50 -18.0 18
51 -18.0 18
52 -50.0 50
53 -14.0 14
54 -12.0 12
0 -50.0 50
1 -50.0 50
2 -50.0 50
3 -50.0 50
4 -50.0 50
5 -50.0 50
6 -50.0 50
7 -50.0 50
8 -50.0 50
9 -29.0 29
10 -50.0 50
11 -50.0 50
12 -50.0 50
13 -50.0 50
14 -50.0 50
15 -50.0 50
16 -50.0 50
17 -50.0 50
18 -50.0 50
19 -50.0 50
20 -50.0 50
21 -50.0 50
22 -38.0 38
23 -50.0 50
24 -50.0 50
25 -50.0 50
26 -50.0 50
27 -50.0 50
28 -50.0 50
29 -50.0 50
30 -50.0 50
31 -50.0 50
32 -50.0 50
33 -50.0 50
34 -50.0 50
35 -50.0 50
36 -50.0 50
37 -45.0 45
38 -50.0 50
39 -31.0 31
40 -50.0 50
41 -50.0 50
42 -50.0 50
43 -50.0 50
44 -50.0 50
45 -14.0 14
46 -9.0 9
47 -50.0 50
48 -16.0 16
49 -17.0 17
50 -9.0 9
51 -9.0 9
52 -11.0 11
53 -9.0 9
54 -14.0 14
0 -50.0 50
1 -50.0 50
2 -50.0 50
3 -50.0 50
4 -50.0 50
5 -50.0 50
6 -50.0 50
7 -50.0 50
8 -50.0 50
9 -50.0 50
10 -50.0 50
11 -50.0 50
12 -50.0 50
13 -50.0 50
14 -39.0 39
15 -50.0 50
16 -50.0 50
17 -50.0 50
18 -50.0 50
19 -50.0 50
20 -50.0 50
21 -50.0 50
22 -50.0 50
23 -50.0 50
24 -50.0 50
25 -50.0 50
26 -50.0 50
27 -41.0 41
28 -50.0 50
29 -50.0 50
30 -50.0 50
31 -50.0 50
32 -50.0 50
33 -50.0 50
34 -50.0 50
35 -50.0 50
36 -50.0 50
37 -19.0 19
38 -16.0 16
39 -10.0 10
40 -9.0 9
41 -14.0 14
42 -50.0 50
43 -50.0 50
44 -50.0 50
45 -22.0 22
46 -50.0 50
47 -23.0 23
48 -42.0 42
49 -23.0 23
50 -50.0 50
51 -18.0 18
52 -12.0 12
53 -9.0 9
54 -9.0 9
0 -50.0 50
1 -50.0 50
2 -50.0 50
3 -50.0 50
4 -50.0 50
5 -50.0 50
6 -50.0 50
7 -50.0 50
8 -50.0 50
9 -50.0 50
10 -50.0 50
11 -50.0 50
12 -50.0 50
13 -50.0 50
14 -49.0 49
15 -50.0 50
16 -50.0 50
17 -50.0 50
18 -50.0 50
19 -50.0 50
20 -50.0 50
21 -50.0 50
22 -50.0 50
23 -50.0 50
24 -50.0 50
25 -50.0 50
26 -50.0 50
27 -50.0 50
28 -50.0 50
29 -50.0 50
30 -50.0 50
31 -50.0 50
32 -37.0 37
33 -30.0 30
34 -50.0 50
35 -48.0 48
36 -50.0 50
37 -28.0 28
38 -50.0 50
39 -50.0 50
40 -50.0 50
41 -50.0 50
42 -50.0 50
43 -50.0 50
44 -50.0 50
45 -49.0 49
46 -50.0 50
47 -16.0 16
48 -20.0 20
49 -11.0 11
50 -10.0 10
51 -9.0 9
52 -15.0 15
53 -25.0 25
54 -13.0 13
0 -50.0 50
1 -50.0 50
2 -50.0 50
3 -50.0 50
4 -50.0 50
5 -50.0 50
6 -50.0 50
7 -50.0 50
8 -50.0 50
9 -50.0 50
10 -50.0 50
11 -38.0 38
12 -50.0 50
13 -50.0 50
14 -50.0 50
15 -29.0 29
16 -50.0 50
17 -50.0 50
18 -50.0 50
19 -50.0 50
20 -50.0 50
21 -50.0 50
22 -50.0 50
23 -50.0 50
24 -50.0 50
25 -50.0 50
26 -50.0 50
27 -50.0 50
28 -50.0 50
29 -47.0 47
30 -50.0 50
31 -50.0 50
32 -50.0 50
33 -50.0 50
34 -50.0 50
35 -25.0 25
36 -50.0 50
37 -50.0 50
38 -50.0 50
39 -50.0 50
40 -32.0 32
41 -21.0 21
42 -50.0 50
43 -50.0 50
44 -50.0 50
45 -50.0 50
46 -23.0 23
47 -50.0 50
48 -50.0 50
49 -50.0 50
50 -50.0 50
51 -38.0 38
52 -47.0 47
53 -50.0 50
54 -23.0 23
0 -50.0 50
1 -50.0 50
2 -50.0 50
3 -50.0 50
4 -50.0 50
5 -50.0 50
6 -50.0 50
7 -50.0 50
8 -50.0 50
9 -50.0 50
10 -50.0 50
11 -50.0 50
12 -50.0 50
13 -50.0 50
14 -50.0 50
15 -50.0 50
16 -50.0 50
17 -40.0 40
18 -50.0 50
19 -50.0 50
20 -50.0 50
21 -50.0 50
22 -50.0 50
23 -50.0 50
24 -50.0 50
25 -50.0 50
26 -38.0 38
27 -50.0 50
28 -50.0 50
29 -50.0 50
30 -50.0 50
31 -50.0 50
32 -50.0 50
33 -50.0 50
34 -20.0 20
35 -21.0 21
36 -44.0 44
37 -50.0 50
38 -23.0 23
39 -50.0 50
40 -19.0 19
41 -16.0 16
42 -20.0 20
43 -26.0 26
44 -50.0 50
45 -50.0 50
46 -50.0 50
47 -50.0 50
48 -50.0 50
49 -50.0 50
50 -24.0 24
51 -14.0 14
52 -11.0 11
53 -16.0 16
54 -15.0 15
0 -50.0 50
1 -50.0 50
2 -50.0 50
3 -50.0 50
4 -50.0 50
5 -50.0 50
6 -50.0 50
7 -32.0 32
8 -50.0 50
9 -50.0 50
10 -50.0 50
11 -50.0 50
12 -50.0 50
13 -50.0 50
14 -50.0 50
15 -50.0 50
16 -50.0 50
17 -50.0 50
18 -50.0 50
19 -50.0 50
20 -50.0 50
21 -50.0 50
22 -50.0 50
23 -50.0 50
24 -50.0 50
25 -50.0 50
26 -50.0 50
27 -47.0 47
28 -50.0 50
29 -50.0 50
30 -50.0 50
31 -50.0 50
32 -50.0 50
33 -50.0 50
34 -50.0 50
35 -50.0 50
36 -50.0 50
37 -50.0 50
38 -50.0 50
39 -26.0 26
40 -18.0 18
41 -50.0 50
42 -50.0 50
43 -48.0 48
44 -50.0 50
45 -50.0 50
46 -50.0 50
47 -26.0 26
48 -50.0 50
49 -22.0 22
50 -23.0 23
51 -24.0 24
52 -50.0 50
53 -50.0 50
54 -50.0 50
0 -50.0 50
1 -50.0 50
2 -50.0 50
3 -50.0 50
4 -50.0 50
5 -50.0 50
6 -50.0 50
7 -50.0 50
8 -50.0 50
9 -50.0 50
10 -50.0 50
11 -50.0 50
12 -50.0 50
13 -23.0 23
14 -50.0 50
15 -50.0 50
16 -50.0 50
17 -49.0 49
18 -50.0 50
19 -50.0 50
20 -50.0 50
21 -50.0 50
22 -50.0 50
23 -50.0 50
24 -50.0 50
25 -50.0 50
26 -50.0 50
27 -50.0 50
28 -50.0 50
29 -50.0 50
30 -25.0 25
31 -50.0 50
32 -50.0 50
33 -50.0 50
34 -50.0 50
35 -50.0 50
36 -11.0 11
37 -14.0 14
38 -50.0 50
39 -50.0 50
40 -50.0 50
41 -50.0 50
42 -50.0 50
43 -50.0 50
44 -50.0 50
45 -50.0 50
46 -11.0 11
47 -11.0 11
48 -20.0 20
49 -21.0 21
50 -26.0 26
51 -50.0 50
52 -50.0 50
53 -26.0 26
54 -50.0 50
0 -50.0 50
1 -40.0 40
2 -50.0 50
3 -50.0 50
4 -50.0 50
5 -50.0 50
6 -50.0 50
7 -50.0 50
8 -50.0 50
9 -50.0 50
10 -50.0 50
11 -50.0 50
12 -50.0 50
13 -50.0 50
14 -50.0 50
15 -50.0 50
16 -50.0 50
17 -50.0 50
18 -50.0 50
19 -50.0 50
20 -50.0 50
21 -50.0 50
22 -50.0 50
23 -23.0 23
24 -50.0 50
25 -50.0 50
26 -50.0 50
27 -50.0 50
28 -50.0 50
29 -50.0 50
30 -50.0 50
31 -50.0 50
32 -50.0 50
33 -50.0 50
34 -31.0 31
35 -50.0 50
36 -43.0 43
37 -50.0 50
38 -50.0 50
39 -44.0 44
40 -50.0 50
41 -50.0 50
42 -50.0 50
43 -46.0 46
44 -50.0 50
45 -50.0 50
46 -50.0 50
47 -16.0 16
48 -50.0 50
49 -9.0 9
50 -11.0 11
51 -13.0 13
52 -17.0 17
53 -13.0 13
54 -9.0 9
0 -50.0 50
1 -50.0 50
2 -50.0 50
3 -50.0 50
4 -50.0 50
5 -50.0 50
6 -50.0 50
7 -50.0 50
8 -50.0 50
9 -50.0 50
10 -50.0 50
11 -46.0 46
12 -50.0 50
13 -50.0 50
14 -50.0 50
15 -50.0 50
16 -50.0 50
17 -50.0 50
18 -50.0 50
19 -50.0 50
20 -48.0 48
21 -50.0 50
22 -50.0 50
23 -50.0 50
24 -50.0 50
25 -50.0 50
26 -50.0 50
27 -50.0 50
28 -50.0 50
29 -50.0 50
30 -50.0 50
31 -50.0 50
32 -50.0 50
33 -50.0 50
34 -30.0 30
35 -50.0 50
36 -50.0 50
37 -50.0 50
38 -32.0 32
39 -50.0 50
40 -50.0 50
41 -50.0 50
42 -50.0 50
43 -50.0 50
44 -50.0 50
45 -50.0 50
46 -23.0 23
47 -23.0 23
48 -12.0 12
49 -11.0 11
50 -10.0 10
51 -12.0 12
52 -14.0 14
53 -12.0 12
54 -11.0 11
0 -50.0 50
1 -50.0 50
2 -50.0 50
3 -46.0 46
4 -50.0 50
5 -50.0 50
6 -50.0 50
7 -50.0 50
8 -50.0 50
9 -50.0 50
10 -50.0 50
11 -50.0 50
12 -50.0 50
13 -50.0 50
14 -50.0 50
15 -50.0 50
16 -50.0 50
17 -50.0 50
18 -50.0 50
19 -50.0 50
20 -50.0 50
21 -50.0 50
22 -50.0 50
23 -50.0 50
24 -43.0 43
25 -50.0 50
26 -50.0 50
27 -50.0 50
28 -50.0 50
29 -50.0 50
30 -34.0 34
31 -50.0 50
32 -50.0 50
33 -50.0 50
34 -50.0 50
35 -36.0 36
36 -50.0 50
37 -50.0 50
38 -50.0 50
39 -50.0 50
40 -50.0 50
41 -50.0 50
42 -50.0 50
43 -50.0 50
44 -39.0 39
45 -38.0 38
46 -50.0 50
47 -50.0 50
48 -20.0 20
49 -14.0 14
50 -11.0 11
51 -50.0 50
52 -15.0 15
53 -14.0 14
54 -21.0 21
0 -50.0 50
1 -50.0 50
2 -50.0 50
3 -50.0 50
4 -50.0 50
5 -50.0 50
6 -50.0 50
7 -50.0 50
8 -49.0 49
9 -50.0 50
10 -50.0 50
11 -50.0 50
12 -50.0 50
13 -50.0 50
14 -50.0 50
15 -50.0 50
16 -50.0 50
17 -50.0 50
18 -50.0 50
19 -50.0 50
20 -50.0 50
21 -50.0 50
22 -50.0 50
23 -50.0 50
24 -50.0 50
25 -50.0 50
26 -33.0 33
27 -50.0 50
28 -50.0 50
29 -50.0 50
30 -50.0 50
31 -50.0 50
32 -50.0 50
33 -50.0 50
34 -50.0 50
35 -50.0 50
36 -23.0 23
37 -50.0 50
38 -24.0 24
39 -50.0 50
40 -15.0 15
41 -12.0 12
42 -14.0 14
43 -10.0 10
44 -11.0 11
45 -33.0 33
46 -26.0 26
47 -19.0 19
48 -15.0 15
49 -25.0 25
50 -50.0 50
51 -50.0 50
52 -50.0 50
53 -50.0 50
54 -50.0 50
0 -50.0 50
1 -50.0 50
2 -50.0 50
3 -50.0 50
4 -31.0 31
5 -50.0 50
6 -50.0 50
7 -50.0 50
8 -50.0 50
9 -50.0 50
10 -50.0 50
11 -50.0 50
12 -50.0 50
13 -50.0 50
14 -50.0 50
15 -50.0 50
16 -50.0 50
17 -50.0 50
18 -50.0 50
19 -50.0 50
20 -50.0 50
21 -50.0 50
22 -50.0 50
23 -50.0 50
24 -50.0 50
25 -50.0 50
26 -50.0 50
27 -50.0 50
28 -50.0 50
29 -50.0 50
30 -50.0 50
31 -50.0 50
32 -50.0 50
33 -50.0 50
34 -38.0 38
35 -22.0 22
36 -50.0 50
37 -50.0 50
38 -21.0 21
39 -34.0 34
40 -23.0 23
41 -30.0 30
42 -50.0 50
43 -50.0 50
44 -50.0 50
45 -50.0 50
46 -20.0 20
47 -17.0 17
48 -50.0 50
49 -50.0 50
50 -50.0 50
51 -50.0 50
52 -50.0 50
53 -50.0 50
54 -50.0 50
0 -50.0 50
1 -50.0 50
2 -50.0 50
3 -50.0 50
4 -50.0 50
5 -50.0 50
6 -50.0 50
7 -50.0 50
8 -50.0 50
9 -50.0 50
10 -50.0 50
11 -46.0 46
12 -50.0 50
13 -50.0 50
14 -50.0 50
15 -50.0 50
16 -50.0 50
17 -50.0 50
18 -50.0 50
19 -50.0 50
20 -50.0 50
21 -50.0 50
22 -50.0 50
23 -50.0 50
24 -50.0 50
25 -50.0 50
26 -50.0 50
27 -50.0 50
28 -50.0 50
29 -42.0 42
30 -36.0 36
31 -50.0 50
32 -50.0 50
33 -50.0 50
34 -50.0 50
35 -50.0 50
36 -50.0 50
37 -50.0 50
38 -50.0 50
39 -50.0 50
40 -21.0 21
41 -44.0 44
42 -50.0 50
43 -50.0 50
44 -26.0 26
45 -33.0 33
46 -50.0 50
47 -31.0 31
48 -14.0 14
49 -15.0 15
50 -13.0 13
51 -12.0 12
52 -39.0 39
53 -18.0 18
54 -12.0 12
0 -50.0 50
1 -50.0 50
2 -50.0 50
3 -50.0 50
4 -50.0 50
5 -50.0 50
6 -40.0 40
7 -50.0 50
8 -50.0 50
9 -50.0 50
10 -50.0 50
11 -50.0 50
12 -50.0 50
13 -50.0 50
14 -50.0 50
15 -50.0 50
16 -50.0 50
17 -50.0 50
18 -50.0 50
19 -50.0 50
20 -50.0 50
21 -50.0 50
22 -50.0 50
23 -34.0 34
24 -50.0 50
25 -50.0 50
26 -50.0 50
27 -50.0 50
28 -50.0 50
29 -50.0 50
30 -50.0 50
31 -50.0 50
32 -50.0 50
33 -50.0 50
34 -50.0 50
35 -50.0 50
36 -50.0 50
37 -34.0 34
38 -38.0 38
39 -50.0 50
40 -50.0 50
41 -27.0 27
42 -40.0 40
43 -50.0 50
44 -23.0 23
45 -12.0 12
46 -9.0 9
47 -13.0 13
48 -13.0 13
49 -50.0 50
50 -11.0 11
51 -15.0 15
52 -38.0 38
53 -26.0 26
54 -49.0 49
0 -50.0 50
1 -50.0 50
2 -50.0 50
3 -50.0 50
4 -50.0 50
5 -50.0 50
6 -50.0 50
7 -50.0 50
8 -50.0 50
9 -50.0 50
10 -50.0 50
11 -50.0 50
12 -50.0 50
13 -50.0 50
14 -50.0 50
15 -50.0 50
16 -50.0 50
17 -50.0 50
18 -50.0 50
19 -50.0 50
20 -15.0 15
21 -50.0 50
22 -50.0 50
23 -41.0 41
24 -50.0 50
25 -50.0 50
26 -50.0 50
27 -50.0 50
28 -50.0 50
29 -50.0 50
30 -50.0 50
31 -50.0 50
32 -25.0 25
33 -50.0 50
34 -16.0 16
35 -12.0 12
36 -50.0 50
37 -50.0 50
38 -25.0 25
39 -50.0 50
40 -28.0 28
41 -50.0 50
42 -15.0 15
43 -16.0 16
44 -50.0 50
45 -50.0 50
46 -50.0 50
47 -50.0 50
48 -50.0 50
49 -50.0 50
50 -50.0 50
51 -50.0 50
52 -50.0 50
53 -22.0 22
54 -13.0 13
0 -50.0 50
1 -50.0 50
2 -50.0 50
3 -50.0 50
4 -50.0 50
5 -50.0 50
6 -50.0 50
7 -50.0 50
8 -50.0 50
9 -50.0 50
10 -50.0 50
11 -50.0 50
12 -50.0 50
13 -50.0 50
14 -50.0 50
15 -50.0 50
16 -50.0 50
17 -50.0 50
18 -50.0 50
19 -50.0 50
20 -50.0 50
21 -50.0 50
22 -50.0 50
23 -50.0 50
24 -50.0 50
25 -50.0 50
26 -50.0 50
27 -50.0 50
28 -47.0 47
29 -50.0 50
30 -50.0 50
31 -50.0 50
32 -50.0 50
33 -50.0 50
34 -50.0 50
35 -50.0 50
36 -50.0 50
37 -23.0 23
38 -50.0 50
39 -36.0 36
40 -16.0 16
41 -14.0 14
42 -9.0 9
43 -15.0 15
44 -16.0 16
45 -50.0 50
46 -16.0 16
47 -11.0 11
48 -9.0 9
49 -9.0 9
50 -18.0 18
51 -12.0 12
52 -9.0 9
53 -9.0 9
54 -11.0 11
0 -44.0 44
1 -50.0 50
2 -50.0 50
3 -50.0 50
4 -50.0 50
5 -50.0 50
6 -50.0 50
7 -50.0 50
8 -50.0 50
9 -50.0 50
10 -50.0 50
11 -50.0 50
12 -50.0 50
13 -50.0 50
14 -50.0 50
15 -50.0 50
16 -50.0 50
17 -50.0 50
18 -50.0 50
19 -50.0 50
20 -50.0 50
21 -35.0 35
22 -50.0 50
23 -50.0 50
24 -50.0 50
25 -50.0 50
26 -50.0 50
27 -50.0 50
28 -50.0 50
29 -50.0 50
30 -50.0 50
31 -27.0 27
32 -50.0 50
33 -50.0 50
34 -49.0 49
35 -50.0 50
36 -50.0 50
37 -50.0 50
38 -50.0 50
39 -50.0 50
40 -50.0 50
41 -40.0 40
42 -50.0 50
43 -49.0 49
44 -11.0 11
45 -26.0 26
46 -50.0 50
47 -50.0 50
48 -11.0 11
49 -11.0 11
50 -9.0 9
51 -9.0 9
52 -11.0 11
53 -11.0 11
54 -15.0 15
0 -50.0 50
1 -50.0 50
2 -50.0 50
3 -50.0 50
4 -50.0 50
5 -50.0 50
6 -50.0 50
7 -50.0 50
8 -50.0 50
9 -50.0 50
10 -50.0 50
11 -50.0 50
12 -50.0 50
13 -50.0 50
14 -50.0 50
15 -50.0 50
16 -50.0 50
17 -50.0 50
18 -50.0 50
19 -50.0 50
20 -50.0 50
21 -50.0 50
22 -50.0 50
23 -50.0 50
24 -50.0 50
25 -50.0 50
26 -50.0 50
27 -50.0 50
28 -14.0 14
29 -22.0 22
30 -50.0 50
31 -43.0 43
32 -50.0 50
33 -50.0 50
34 -50.0 50
35 -50.0 50
36 -50.0 50
37 -50.0 50
38 -50.0 50
39 -50.0 50
40 -45.0 45
41 -50.0 50
42 -29.0 29
43 -17.0 17
44 -39.0 39
45 -50.0 50
46 -50.0 50
47 -44.0 44
48 -50.0 50
49 -50.0 50
50 -50.0 50
51 -50.0 50
52 -50.0 50
53 -31.0 31
54 -50.0 50
0 -50.0 50
1 -50.0 50
2 -50.0 50
3 -50.0 50
4 -50.0 50
5 -50.0 50
6 -50.0 50
7 -50.0 50
8 -50.0 50
9 -50.0 50
10 -50.0 50
11 -50.0 50
12 -50.0 50
13 -50.0 50
14 -50.0 50
15 -50.0 50
16 -50.0 50
17 -50.0 50
18 -42.0 42
19 -50.0 50
20 -50.0 50
21 -50.0 50
22 -50.0 50
23 -50.0 50
24 -50.0 50
25 -50.0 50
26 -50.0 50
27 -50.0 50
28 -50.0 50
29 -50.0 50
30 -50.0 50
31 -50.0 50
32 -50.0 50
33 -50.0 50
34 -50.0 50
35 -27.0 27
36 -23.0 23
37 -50.0 50
38 -50.0 50
39 -50.0 50
40 -42.0 42
41 -50.0 50
42 -17.0 17
43 -9.0 9
44 -17.0 17
45 -40.0 40
46 -23.0 23
47 -19.0 19
48 -35.0 35
49 -50.0 50
50 -50.0 50
51 -50.0 50
52 -50.0 50
53 -21.0 21
54 -14.0 14
0 -50.0 50
1 -50.0 50
2 -50.0 50
3 -50.0 50
4 -50.0 50
5 -50.0 50
6 -44.0 44
7 -50.0 50
8 -50.0 50
9 -50.0 50
10 -50.0 50
11 -50.0 50
12 -50.0 50
13 -50.0 50
14 -50.0 50
15 -50.0 50
16 -50.0 50
17 -50.0 50
18 -50.0 50
19 -50.0 50
20 -50.0 50
21 -50.0 50
22 -50.0 50
23 -50.0 50
24 -50.0 50
25 -31.0 31
26 -50.0 50
27 -50.0 50
28 -50.0 50
29 -50.0 50
30 -50.0 50
31 -50.0 50
32 -50.0 50
33 -36.0 36
34 -20.0 20
35 -15.0 15
36 -50.0 50
37 -17.0 17
38 -16.0 16
39 -50.0 50
40 -16.0 16
41 -19.0 19
42 -50.0 50
43 -50.0 50
44 -50.0 50
45 -41.0 41
46 -50.0 50
47 -50.0 50
48 -50.0 50
49 -50.0 50
50 -50.0 50
51 -50.0 50
52 -50.0 50
53 -50.0 50
54 -50.0 50
0 -50.0 50
1 -50.0 50
2 -50.0 50
3 -50.0 50
4 -50.0 50
5 -50.0 50
6 -50.0 50
7 -50.0 50
8 -50.0 50
9 -50.0 50
10 -50.0 50
11 -50.0 50
12 -50.0 50
13 -50.0 50
14 -50.0 50
15 -50.0 50
16 -50.0 50
17 -50.0 50
18 -50.0 50
19 -34.0 34
20 -50.0 50
21 -50.0 50
22 -45.0 45
23 -50.0 50
24 -50.0 50
25 -50.0 50
26 -50.0 50
27 -50.0 50
28 -50.0 50
29 -50.0 50
30 -43.0 43
31 -50.0 50
32 -50.0 50
33 -50.0 50
34 -50.0 50
35 -50.0 50
36 -31.0 31
37 -50.0 50
38 -50.0 50
39 -43.0 43
40 -26.0 26
41 -50.0 50
42 -18.0 18
43 -9.0 9
44 -9.0 9
45 -50.0 50
46 -15.0 15
47 -50.0 50
48 -26.0 26
49 -50.0 50
50 -19.0 19
51 -9.0 9
52 -9.0 9
53 -11.0 11
54 -9.0 9
0 -50.0 50
1 -50.0 50
2 -50.0 50
3 -50.0 50
4 -50.0 50
5 -50.0 50
6 -50.0 50
7 -50.0 50
8 -50.0 50
9 -50.0 50
10 -50.0 50
11 -50.0 50
12 -50.0 50
13 -50.0 50
14 -50.0 50
15 -50.0 50
16 -50.0 50
17 -50.0 50
18 -50.0 50
19 -50.0 50
20 -50.0 50
21 -50.0 50
22 -50.0 50
23 -50.0 50
24 -50.0 50
25 -33.0 33
26 -50.0 50
27 -50.0 50
28 -50.0 50
29 -50.0 50
30 -50.0 50
31 -50.0 50
32 -50.0 50
33 -50.0 50
34 -50.0 50
35 -50.0 50
36 -33.0 33
37 -50.0 50
38 -45.0 45
39 -50.0 50
40 -50.0 50
41 -50.0 50
42 -50.0 50
43 -49.0 49
44 -50.0 50
45 -50.0 50
46 -19.0 19
47 -14.0 14
48 -16.0 16
49 -12.0 12
50 -23.0 23
51 -25.0 25
52 -50.0 50
53 -50.0 50
54 -50.0 50
0 -50.0 50
1 -50.0 50
2 -50.0 50
3 -50.0 50
4 -50.0 50
5 -33.0 33
6 -50.0 50
7 -50.0 50
8 -50.0 50
9 -50.0 50
10 -50.0 50
11 -50.0 50
12 -50.0 50
13 -50.0 50
14 -50.0 50
15 -50.0 50
16 -50.0 50
17 -50.0 50
18 -50.0 50
19 -50.0 50
20 -50.0 50
21 -50.0 50
22 -50.0 50
23 -50.0 50
24 -50.0 50
25 -50.0 50
26 -50.0 50
27 -50.0 50
28 -50.0 50
29 -32.0 32
30 -50.0 50
31 -50.0 50
32 -50.0 50
33 -50.0 50
34 -50.0 50
35 -50.0 50
36 -50.0 50
37 -50.0 50
38 -50.0 50
39 -50.0 50
40 -50.0 50
41 -50.0 50
42 -15.0 15
43 -17.0 17
44 -24.0 24
45 -28.0 28
46 -50.0 50
47 -50.0 50
48 -11.0 11
49 -9.0 9
50 -11.0 11
51 -19.0 19
52 -22.0 22
53 -11.0 11
54 -10.0 10
0 -50.0 50
1 -50.0 50
2 -50.0 50
3 -50.0 50
4 -50.0 50
5 -50.0 50
6 -50.0 50
7 -50.0 50
8 -50.0 50
9 -50.0 50
10 -50.0 50
11 -50.0 50
12 -50.0 50
13 -50.0 50
14 -50.0 50
15 -50.0 50
16 -50.0 50
17 -50.0 50
18 -50.0 50
19 -50.0 50
20 -50.0 50
21 -50.0 50
22 -50.0 50
23 -50.0 50
24 -50.0 50
25 -50.0 50
26 -50.0 50
27 -28.0 28
28 -50.0 50
29 -50.0 50
30 -50.0 50
31 -50.0 50
32 -17.0 17
33 -28.0 28
34 -50.0 50
35 -50.0 50
36 -50.0 50
37 -50.0 50
38 -50.0 50
39 -21.0 21
40 -50.0 50
41 -50.0 50
42 -50.0 50
43 -50.0 50
44 -50.0 50
45 -50.0 50
46 -50.0 50
47 -50.0 50
48 -50.0 50
49 -43.0 43
50 -19.0 19
51 -17.0 17
52 -14.0 14
53 -19.0 19
54 -17.0 17
0 -50.0 50
1 -37.0 37
2 -50.0 50
3 -50.0 50
4 -50.0 50
5 -50.0 50
6 -50.0 50
7 -50.0 50
8 -50.0 50
9 -50.0 50
10 -50.0 50
11 -50.0 50
12 -50.0 50
13 -50.0 50
14 -50.0 50
15 -50.0 50
16 -50.0 50
17 -50.0 50
18 -50.0 50
19 -50.0 50
20 -50.0 50
21 -50.0 50
22 -50.0 50
23 -43.0 43
24 -50.0 50
25 -50.0 50
26 -50.0 50
27 -50.0 50
28 -50.0 50
29 -50.0 50
30 -50.0 50
31 -50.0 50
32 -50.0 50
33 -50.0 50
34 -40.0 40
35 -50.0 50
36 -50.0 50
37 -50.0 50
38 -20.0 20
39 -21.0 21
40 -50.0 50
41 -38.0 38
42 -50.0 50
43 -50.0 50
44 -50.0 50
45 -50.0 50
46 -50.0 50
47 -33.0 33
48 -18.0 18
49 -13.0 13
50 -17.0 17
51 -50.0 50
52 -14.0 14
53 -16.0 16
54 -12.0 12
0 -50.0 50
1 -50.0 50
2 -50.0 50
3 -50.0 50
4 -50.0 50
5 -50.0 50
6 -50.0 50
7 -50.0 50
8 -50.0 50
9 -50.0 50
10 -50.0 50
11 -50.0 50
12 -50.0 50
13 -50.0 50
14 -50.0 50
15 -43.0 43
16 -50.0 50
17 -50.0 50
18 -50.0 50
19 -50.0 50
20 -50.0 50
21 -50.0 50
22 -50.0 50
23 -50.0 50
24 -50.0 50
25 -50.0 50
26 -50.0 50
27 -33.0 33
28 -50.0 50
29 -50.0 50
30 -17.0 17
31 -31.0 31
32 -50.0 50
33 -50.0 50
34 -50.0 50
35 -50.0 50
36 -49.0 49
37 -50.0 50
38 -50.0 50
39 -50.0 50
40 -50.0 50
41 -50.0 50
42 -50.0 50
43 -21.0 21
44 -17.0 17
45 -50.0 50
46 -50.0 50
47 -18.0 18
48 -12.0 12
49 -9.0 9
50 -10.0 10
51 -11.0 11
52 -10.0 10
53 -11.0 11
54 -9.0 9
0 -50.0 50
1 -50.0 50
2 -50.0 50
3 -50.0 50
4 -50.0 50
5 -50.0 50
6 -50.0 50
7 -50.0 50
8 -50.0 50
9 -50.0 50
10 -50.0 50
11 -50.0 50
12 -50.0 50
13 -50.0 50
14 -50.0 50
15 -50.0 50
16 -50.0 50
17 -50.0 50
18 -50.0 50
19 -50.0 50
20 -50.0 50
21 -50.0 50
22 -23.0 23
23 -50.0 50
24 -50.0 50
25 -50.0 50
26 -50.0 50
27 -50.0 50
28 -23.0 23
29 -50.0 50
30 -30.0 30
31 -50.0 50
32 -50.0 50
33 -50.0 50
34 -50.0 50
35 -50.0 50
36 -50.0 50
37 -50.0 50
38 -50.0 50
39 -50.0 50
40 -50.0 50
41 -33.0 33
42 -50.0 50
43 -35.0 35
44 -50.0 50
45 -44.0 44
46 -50.0 50
47 -50.0 50
48 -29.0 29
49 -22.0 22
50 -18.0 18
51 -14.0 14
52 -18.0 18
53 -22.0 22
54 -50.0 50
0 -50.0 50
1 -50.0 50
2 -50.0 50
3 -50.0 50
4 -50.0 50
5 -50.0 50
6 -50.0 50
7 -50.0 50
8 -50.0 50
9 -50.0 50
10 -50.0 50
11 -50.0 50
12 -50.0 50
13 -50.0 50
14 -50.0 50
15 -50.0 50
16 -50.0 50
17 -50.0 50
18 -50.0 50
19 -36.0 36
20 -50.0 50
21 -50.0 50
22 -50.0 50
23 -50.0 50
24 -50.0 50
25 -50.0 50
26 -50.0 50
27 -50.0 50
28 -50.0 50
29 -50.0 50
30 -49.0 49
31 -50.0 50
32 -50.0 50
33 -50.0 50
34 -50.0 50
35 -50.0 50
36 -50.0 50
37 -24.0 24
38 -50.0 50
39 -50.0 50
40 -13.0 13
41 -9.0 9
42 -24.0 24
43 -50.0 50
44 -50.0 50
45 -50.0 50
46 -19.0 19
47 -9.0 9
48 -11.0 11
49 -11.0 11
50 -12.0 12
51 -11.0 11
52 -10.0 10
53 -11.0 11
54 -10.0 10
0 -50.0 50
1 -50.0 50
2 -50.0 50
3 -50.0 50
4 -50.0 50
5 -50.0 50
6 -50.0 50
7 -50.0 50
8 -50.0 50
9 -50.0 50
10 -20.0 20
11 -50.0 50
12 -50.0 50
13 -50.0 50
14 -50.0 50
15 -50.0 50
16 -50.0 50
17 -50.0 50
18 -50.0 50
19 -50.0 50
20 -50.0 50
21 -45.0 45
22 -50.0 50
23 -50.0 50
24 -50.0 50
25 -50.0 50
26 -50.0 50
27 -50.0 50
28 -50.0 50
29 -50.0 50
30 -50.0 50
31 -50.0 50
32 -50.0 50
33 -50.0 50
34 -50.0 50
35 -50.0 50
36 -29.0 29
37 -28.0 28
38 -34.0 34
39 -50.0 50
40 -50.0 50
41 -50.0 50
42 -50.0 50
43 -9.0 9
44 -19.0 19
45 -10.0 10
46 -17.0 17
47 -15.0 15
48 -11.0 11
49 -10.0 10
50 -20.0 20
51 -21.0 21
52 -50.0 50
53 -50.0 50
54 -50.0 50
0 -50.0 50
1 -50.0 50
2 -50.0 50
3 -50.0 50
4 -50.0 50
5 -50.0 50
6 -50.0 50
7 -50.0 50
8 -50.0 50
9 -50.0 50
10 -36.0 36
11 -50.0 50
12 -50.0 50
13 -50.0 50
14 -50.0 50
15 -50.0 50
16 -50.0 50
17 -50.0 50
18 -50.0 50
19 -50.0 50
20 -50.0 50
21 -50.0 50
22 -41.0 41
23 -50.0 50
24 -50.0 50
25 -50.0 50
26 -50.0 50
27 -50.0 50
28 -23.0 23
29 -50.0 50
30 -50.0 50
31 -50.0 50
32 -50.0 50
33 -50.0 50
34 -50.0 50
35 -34.0 34
36 -50.0 50
37 -50.0 50
38 -50.0 50
39 -45.0 45
40 -50.0 50
41 -50.0 50
42 -22.0 22
43 -16.0 16
44 -16.0 16
45 -20.0 20
46 -16.0 16
47 -50.0 50
48 -50.0 50
49 -18.0 18
50 -14.0 14
51 -14.0 14
52 -11.0 11
53 -20.0 20
54 -18.0 18
0 -50.0 50
1 -50.0 50
2 -50.0 50
3 -50.0 50
4 -50.0 50
5 -50.0 50
6 -50.0 50
7 -50.0 50
8 -50.0 50
9 -50.0 50
10 -50.0 50
11 -50.0 50
12 -50.0 50
13 -50.0 50
14 -38.0 38
15 -50.0 50
16 -50.0 50
17 -50.0 50
18 -50.0 50
19 -50.0 50
20 -31.0 31
21 -50.0 50
22 -50.0 50
23 -50.0 50
24 -50.0 50
25 -34.0 34
26 -50.0 50
27 -50.0 50
28 -50.0 50
29 -50.0 50
30 -50.0 50
31 -50.0 50
32 -50.0 50
33 -50.0 50
34 -50.0 50
35 -50.0 50
36 -50.0 50
37 -46.0 46
38 -50.0 50
39 -32.0 32
40 -50.0 50
41 -16.0 16
42 -43.0 43
43 -50.0 50
44 -50.0 50
45 -36.0 36
46 -50.0 50
47 -33.0 33
48 -13.0 13
49 -50.0 50
50 -24.0 24
51 -14.0 14
52 -15.0 15
53 -13.0 13
54 -14.0 14
0 -50.0 50
1 -50.0 50
2 -50.0 50
3 -50.0 50
4 -50.0 50
5 -50.0 50
6 -50.0 50
7 -50.0 50
8 -50.0 50
9 -50.0 50
10 -50.0 50
11 -50.0 50
12 -50.0 50
13 -50.0 50
14 -50.0 50
15 -50.0 50
16 -50.0 50
17 -50.0 50
18 -33.0 33
19 -50.0 50
20 -50.0 50
21 -50.0 50
22 -31.0 31
23 -50.0 50
24 -50.0 50
25 -50.0 50
26 -50.0 50
27 -50.0 50
28 -50.0 50
29 -50.0 50
30 -50.0 50
31 -50.0 50
32 -50.0 50
33 -37.0 37
34 -50.0 50
35 -50.0 50
36 -50.0 50
37 -50.0 50
38 -44.0 44
39 -21.0 21
40 -23.0 23
41 -50.0 50
42 -11.0 11
43 -23.0 23
44 -43.0 43
45 -50.0 50
46 -28.0 28
47 -18.0 18
48 -50.0 50
49 -12.0 12
50 -11.0 11
51 -12.0 12
52 -14.0 14
53 -9.0 9
54 -11.0 11
0 -50.0 50
1 -50.0 50
2 -50.0 50
3 -50.0 50
4 -50.0 50
5 -50.0 50
6 -50.0 50
7 -50.0 50
8 -50.0 50
9 -50.0 50
10 -50.0 50
11 -50.0 50
12 -50.0 50
13 -50.0 50
14 -50.0 50
15 -50.0 50
16 -50.0 50
17 -50.0 50
18 -50.0 50
19 -50.0 50
20 -50.0 50
21 -50.0 50
22 -47.0 47
23 -50.0 50
24 -50.0 50
25 -50.0 50
26 -25.0 25
27 -50.0 50
28 -50.0 50
29 -50.0 50
30 -50.0 50
31 -50.0 50
32 -50.0 50
33 -45.0 45
34 -37.0 37
35 -50.0 50
36 -50.0 50
37 -50.0 50
38 -50.0 50
39 -50.0 50
40 -31.0 31
41 -50.0 50
42 -50.0 50
43 -50.0 50
44 -50.0 50
45 -50.0 50
46 -50.0 50
47 -24.0 24
48 -50.0 50
49 -50.0 50
50 -22.0 22
51 -21.0 21
52 -15.0 15
53 -16.0 16
54 -17.0 17
0 -50.0 50
1 -50.0 50
2 -50.0 50
3 -50.0 50
4 -50.0 50
5 -50.0 50
6 -50.0 50
7 -50.0 50
8 -50.0 50
9 -50.0 50
10 -50.0 50
11 -50.0 50
12 -50.0 50
13 -50.0 50
14 -50.0 50
15 -50.0 50
16 -50.0 50
17 -50.0 50
18 -50.0 50
19 -50.0 50
20 -43.0 43
21 -50.0 50
22 -50.0 50
23 -50.0 50
24 -39.0 39
25 -50.0 50
26 -50.0 50
27 -50.0 50
28 -50.0 50
29 -35.0 35
30 -50.0 50
31 -50.0 50
32 -50.0 50
33 -50.0 50
34 -18.0 18
35 -33.0 33
36 -50.0 50
37 -37.0 37
38 -50.0 50
39 -50.0 50
40 -50.0 50
41 -25.0 25
42 -50.0 50
43 -50.0 50
44 -50.0 50
45 -50.0 50
46 -20.0 20
47 -11.0 11
48 -16.0 16
49 -16.0 16
50 -28.0 28
51 -14.0 14
52 -16.0 16
53 -13.0 13
54 -11.0 11
0 -50.0 50
1 -50.0 50
2 -50.0 50
3 -50.0 50
4 -50.0 50
5 -50.0 50
6 -50.0 50
7 -50.0 50
8 -50.0 50
9 -36.0 36
10 -50.0 50
11 -39.0 39
12 -50.0 50
13 -50.0 50
14 -50.0 50
15 -50.0 50
16 -50.0 50
17 -50.0 50
18 -50.0 50
19 -50.0 50
20 -50.0 50
21 -50.0 50
22 -45.0 45
23 -50.0 50
24 -50.0 50
25 -50.0 50
26 -50.0 50
27 -50.0 50
28 -50.0 50
29 -50.0 50
30 -50.0 50
31 -50.0 50
32 -49.0 49
33 -50.0 50
34 -50.0 50
35 -50.0 50
36 -50.0 50
37 -50.0 50
38 -50.0 50
39 -24.0 24
40 -50.0 50
41 -50.0 50
42 -23.0 23
43 -17.0 17
44 -20.0 20
45 -13.0 13
46 -12.0 12
47 -25.0 25
48 -50.0 50
49 -50.0 50
50 -50.0 50
51 -50.0 50
52 -50.0 50
53 -50.0 50
54 -15.0 15
0 -50.0 50
1 -50.0 50
2 -50.0 50
3 -50.0 50
4 -50.0 50
5 -50.0 50
6 -50.0 50
7 -50.0 50
8 -50.0 50
9 -50.0 50
10 -50.0 50
11 -50.0 50
12 -50.0 50
13 -20.0 20
14 -50.0 50
15 -50.0 50
16 -50.0 50
17 -50.0 50
18 -50.0 50
19 -50.0 50
20 -50.0 50
21 -50.0 50
22 -34.0 34
23 -50.0 50
24 -50.0 50
25 -50.0 50
26 -50.0 50
27 -50.0 50
28 -50.0 50
29 -50.0 50
30 -50.0 50
31 -50.0 50
32 -50.0 50
33 -48.0 48
34 -50.0 50
35 -50.0 50
36 -27.0 27
37 -50.0 50
38 -50.0 50
39 -50.0 50
40 -50.0 50
41 -50.0 50
42 -50.0 50
43 -50.0 50
44 -49.0 49
45 -27.0 27
46 -12.0 12
47 -26.0 26
48 -17.0 17
49 -50.0 50
50 -32.0 32
51 -50.0 50
52 -21.0 21
53 -19.0 19
54 -50.0 50
0 -50.0 50
1 -50.0 50
2 -50.0 50
3 -50.0 50
4 -50.0 50
5 -39.0 39
6 -50.0 50
7 -50.0 50
8 -50.0 50
9 -50.0 50
10 -50.0 50
11 -50.0 50
12 -50.0 50
13 -50.0 50
14 -50.0 50
15 -50.0 50
16 -50.0 50
17 -50.0 50
18 -50.0 50
19 -50.0 50
20 -50.0 50
21 -50.0 50
22 -50.0 50
23 -50.0 50
24 -50.0 50
25 -50.0 50
26 -41.0 41
27 -50.0 50
28 -50.0 50
29 -50.0 50
30 -50.0 50
31 -40.0 40
32 -50.0 50
33 -50.0 50
34 -50.0 50
35 -50.0 50
36 -50.0 50
37 -37.0 37
38 -50.0 50
39 -50.0 50
40 -50.0 50
41 -27.0 27
42 -50.0 50
43 -50.0 50
44 -50.0 50
45 -29.0 29
46 -12.0 12
47 -18.0 18
48 -19.0 19
49 -17.0 17
50 -15.0 15
51 -18.0 18
52 -14.0 14
53 -14.0 14
54 -14.0 14
0 -50.0 50
1 -50.0 50
2 -50.0 50
3 -50.0 50
4 -50.0 50
5 -50.0 50
6 -50.0 50
7 -50.0 50
8 -50.0 50
9 -50.0 50
10 -50.0 50
11 -50.0 50
12 -50.0 50
13 -50.0 50
14 -50.0 50
15 -50.0 50
16 -27.0 27
17 -50.0 50
18 -50.0 50
19 -50.0 50
20 -50.0 50
21 -50.0 50
22 -50.0 50
23 -50.0 50
24 -50.0 50
25 -50.0 50
26 -50.0 50
27 -50.0 50
28 -36.0 36
29 -27.0 27
30 -50.0 50
31 -50.0 50
32 -50.0 50
33 -50.0 50
34 -50.0 50
35 -50.0 50
36 -50.0 50
37 -50.0 50
38 -50.0 50
39 -50.0 50
40 -50.0 50
41 -18.0 18
42 -23.0 23
43 -12.0 12
44 -22.0 22
45 -40.0 40
46 -44.0 44
47 -18.0 18
48 -50.0 50
49 -50.0 50
50 -50.0 50
51 -23.0 23
52 -50.0 50
53 -18.0 18
54 -11.0 11
0 -50.0 50
1 -50.0 50
2 -50.0 50
3 -50.0 50
4 -50.0 50
5 -50.0 50
6 -50.0 50
7 -50.0 50
8 -50.0 50
9 -50.0 50
10 -47.0 47
11 -50.0 50
12 -50.0 50
13 -50.0 50
14 -50.0 50
15 -50.0 50
16 -50.0 50
17 -50.0 50
18 -50.0 50
19 -50.0 50
20 -21.0 21
21 -50.0 50
22 -50.0 50
23 -50.0 50
24 -50.0 50
25 -50.0 50
26 -50.0 50
27 -50.0 50
28 -50.0 50
29 -18.0 18
30 -21.0 21
31 -50.0 50
32 -50.0 50
33 -50.0 50
34 -50.0 50
35 -50.0 50
36 -50.0 50
37 -50.0 50
38 -28.0 28
39 -26.0 26
40 -50.0 50
41 -27.0 27
42 -28.0 28
43 -50.0 50
44 -50.0 50
45 -50.0 50
46 -50.0 50
47 -36.0 36
48 -50.0 50
49 -34.0 34
50 -24.0 24
51 -50.0 50
52 -17.0 17
53 -50.0 50
54 -50.0 50
0 -50.0 50
1 -50.0 50
2 -50.0 50
3 -50.0 50
4 -50.0 50
5 -50.0 50
6 -50.0 50
7 -50.0 50
8 -50.0 50
9 -50.0 50
10 -50.0 50
11 -50.0 50
12 -50.0 50
13 -32.0 32
14 -50.0 50
15 -50.0 50
16 -50.0 50
17 -50.0 50
18 -50.0 50
19 -50.0 50
20 -50.0 50
21 -50.0 50
22 -50.0 50
23 -50.0 50
24 -50.0 50
25 -50.0 50
26 -50.0 50
27 -19.0 19
28 -50.0 50
29 -50.0 50
30 -50.0 50
31 -50.0 50
32 -27.0 27
33 -50.0 50
34 -50.0 50
35 -50.0 50
36 -50.0 50
37 -50.0 50
38 -17.0 17
39 -15.0 15
40 -50.0 50
41 -50.0 50
42 -16.0 16
43 -34.0 34
44 -50.0 50
45 -48.0 48
46 -11.0 11
47 -23.0 23
48 -22.0 22
49 -14.0 14
50 -9.0 9
51 -9.0 9
52 -9.0 9
53 -9.0 9
54 -9.0 9
0 -50.0 50
1 -50.0 50
2 -50.0 50
3 -50.0 50
4 -50.0 50
5 -50.0 50
6 -50.0 50
7 -50.0 50
8 -50.0 50
9 -37.0 37
10 -50.0 50
11 -50.0 50
12 -50.0 50
13 -50.0 50
14 -50.0 50
15 -50.0 50
16 -50.0 50
17 -50.0 50
18 -50.0 50
19 -50.0 50
20 -50.0 50
21 -50.0 50
22 -50.0 50
23 -50.0 50
24 -50.0 50
25 -50.0 50
26 -50.0 50
27 -50.0 50
28 -50.0 50
29 -50.0 50
30 -50.0 50
31 -50.0 50
32 -50.0 50
33 -50.0 50
34 -21.0 21
35 -22.0 22
36 -50.0 50
37 -50.0 50
38 -50.0 50
39 -50.0 50
40 -50.0 50
41 -50.0 50
42 -11.0 11
43 -9.0 9
44 -9.0 9
45 -9.0 9
46 -12.0 12
47 -23.0 23
48 -32.0 32
49 -20.0 20
50 -18.0 18
51 -50.0 50
52 -50.0 50
53 -21.0 21
54 -47.0 47
0 -50.0 50
1 -50.0 50
2 -50.0 50
3 -50.0 50
4 -50.0 50
5 -50.0 50
6 -50.0 50
7 -50.0 50
8 -50.0 50
9 -50.0 50
10 -50.0 50
11 -50.0 50
12 -50.0 50
13 -50.0 50
14 -50.0 50
15 -50.0 50
16 -50.0 50
17 -50.0 50
18 -50.0 50
19 -50.0 50
20 -50.0 50
21 -50.0 50
22 -50.0 50
23 -50.0 50
24 -50.0 50
25 -50.0 50
26 -50.0 50
27 -30.0 30
28 -50.0 50
29 -50.0 50
30 -50.0 50
31 -50.0 50
32 -50.0 50
33 -17.0 17
34 -29.0 29
35 -36.0 36
36 -50.0 50
37 -50.0 50
38 -50.0 50
39 -50.0 50
40 -50.0 50
41 -50.0 50
42 -37.0 37
43 -17.0 17
44 -24.0 24
45 -18.0 18
46 -21.0 21
47 -21.0 21
48 -36.0 36
49 -50.0 50
50 -50.0 50
51 -32.0 32
52 -50.0 50
53 -9.0 9
54 -11.0 11
0 -50.0 50
1 -50.0 50
2 -50.0 50
3 -50.0 50
4 -50.0 50
5 -50.0 50
6 -50.0 50
7 -50.0 50
8 -50.0 50
9 -50.0 50
10 -50.0 50
11 -50.0 50
12 -50.0 50
13 -50.0 50
14 -50.0 50
15 -50.0 50
16 -50.0 50
17 -50.0 50
18 -50.0 50
19 -50.0 50
20 -50.0 50
21 -50.0 50
22 -50.0 50
23 -50.0 50
24 -50.0 50
25 -50.0 50
26 -50.0 50
27 -50.0 50
28 -50.0 50
29 -50.0 50
30 -50.0 50
31 -50.0 50
32 -23.0 23
33 -26.0 26
34 -22.0 22
35 -50.0 50
36 -50.0 50
37 -25.0 25
38 -50.0 50
39 -50.0 50
40 -50.0 50
41 -50.0 50
42 -50.0 50
43 -50.0 50
44 -50.0 50
45 -11.0 11
46 -32.0 32
47 -12.0 12
48 -9.0 9
49 -11.0 11
50 -11.0 11
51 -12.0 12
52 -20.0 20
53 -17.0 17
54 -21.0 21
0 -50.0 50
1 -50.0 50
2 -50.0 50
3 -50.0 50
4 -50.0 50
5 -50.0 50
6 -50.0 50
7 -50.0 50
8 -50.0 50
9 -50.0 50
10 -50.0 50
11 -50.0 50
12 -50.0 50
13 -50.0 50
14 -50.0 50
15 -50.0 50
16 -50.0 50
17 -50.0 50
18 -50.0 50
19 -50.0 50
20 -50.0 50
21 -32.0 32
22 -50.0 50
23 -50.0 50
24 -50.0 50
25 -50.0 50
26 -50.0 50
27 -50.0 50
28 -50.0 50
29 -50.0 50
30 -50.0 50
31 -50.0 50
32 -50.0 50
33 -50.0 50
34 -50.0 50
35 -50.0 50
36 -50.0 50
37 -50.0 50
38 -50.0 50
39 -50.0 50
40 -50.0 50
41 -36.0 36
42 -23.0 23
43 -19.0 19
44 -12.0 12
45 -13.0 13
46 -12.0 12
47 -44.0 44
48 -50.0 50
49 -10.0 10
50 -9.0 9
51 -10.0 10
52 -11.0 11
53 -9.0 9
54 -11.0 11
0 -50.0 50
1 -50.0 50
2 -50.0 50
3 -50.0 50
4 -50.0 50
5 -50.0 50
6 -50.0 50
7 -50.0 50
8 -50.0 50
9 -50.0 50
10 -50.0 50
11 -50.0 50
12 -50.0 50
13 -50.0 50
14 -50.0 50
15 -50.0 50
16 -50.0 50
17 -50.0 50
18 -50.0 50
19 -47.0 47
20 -50.0 50
21 -50.0 50
22 -50.0 50
23 -50.0 50
24 -50.0 50
25 -36.0 36
26 -50.0 50
27 -50.0 50
28 -50.0 50
29 -50.0 50
30 -50.0 50
31 -50.0 50
32 -50.0 50
33 -50.0 50
34 -32.0 32
35 -50.0 50
36 -50.0 50
37 -50.0 50
38 -50.0 50
39 -15.0 15
40 -27.0 27
41 -14.0 14
42 -22.0 22
43 -12.0 12
44 -11.0 11
45 -46.0 46
46 -12.0 12
47 -27.0 27
48 -27.0 27
49 -50.0 50
50 -50.0 50
51 -13.0 13
52 -9.0 9
53 -9.0 9
54 -9.0 9
0 -50.0 50
1 -50.0 50
2 -50.0 50
3 -50.0 50
4 -50.0 50
5 -50.0 50
6 -50.0 50
7 -50.0 50
8 -50.0 50
9 -50.0 50
10 -50.0 50
11 -39.0 39
12 -50.0 50
13 -50.0 50
14 -50.0 50
15 -50.0 50
16 -50.0 50
17 -50.0 50
18 -50.0 50
19 -50.0 50
20 -50.0 50
21 -50.0 50
22 -50.0 50
23 -50.0 50
24 -50.0 50
25 -50.0 50
26 -50.0 50
27 -50.0 50
28 -50.0 50
29 -50.0 50
30 -50.0 50
31 -50.0 50
32 -50.0 50
33 -50.0 50
34 -50.0 50
35 -50.0 50
36 -23.0 23
37 -16.0 16
38 -21.0 21
39 -50.0 50
40 -50.0 50
41 -34.0 34
42 -50.0 50
43 -50.0 50
44 -50.0 50
45 -22.0 22
46 -12.0 12
47 -18.0 18
48 -17.0 17
49 -35.0 35
50 -50.0 50
51 -13.0 13
52 -18.0 18
53 -16.0 16
54 -23.0 23
0 -50.0 50
1 -50.0 50
2 -50.0 50
3 -50.0 50
4 -50.0 50
5 -50.0 50
6 -50.0 50
7 -50.0 50
8 -50.0 50
9 -50.0 50
10 -50.0 50
11 -36.0 36
12 -50.0 50
13 -50.0 50
14 -50.0 50
15 -50.0 50
16 -50.0 50
17 -50.0 50
18 -43.0 43
19 -50.0 50
20 -50.0 50
21 -50.0 50
22 -50.0 50
23 -50.0 50
24 -50.0 50
25 -50.0 50
26 -50.0 50
27 -50.0 50
28 -50.0 50
29 -50.0 50
30 -50.0 50
31 -50.0 50
32 -50.0 50
33 -19.0 19
34 -50.0 50
35 -24.0 24
36 -50.0 50
37 -50.0 50
38 -21.0 21
39 -50.0 50
40 -22.0 22
41 -50.0 50
42 -24.0 24
43 -50.0 50
44 -50.0 50
45 -50.0 50
46 -44.0 44
47 -29.0 29
48 -11.0 11
49 -13.0 13
50 -19.0 19
51 -13.0 13
52 -13.0 13
53 -13.0 13
54 -32.0 32
0 -50.0 50
1 -50.0 50
2 -50.0 50
3 -50.0 50
4 -50.0 50
5 -44.0 44
6 -50.0 50
7 -50.0 50
8 -50.0 50
9 -50.0 50
10 -50.0 50
11 -50.0 50
12 -50.0 50
13 -50.0 50
14 -50.0 50
15 -50.0 50
16 -50.0 50
17 -50.0 50
18 -50.0 50
19 -50.0 50
20 -50.0 50
21 -50.0 50
22 -50.0 50
23 -43.0 43
24 -50.0 50
25 -50.0 50
26 -50.0 50
27 -50.0 50
28 -50.0 50
29 -50.0 50
30 -50.0 50
31 -50.0 50
32 -50.0 50
33 -24.0 24
34 -50.0 50
35 -37.0 37
36 -50.0 50
37 -50.0 50
38 -50.0 50
39 -35.0 35
40 -50.0 50
41 -50.0 50
42 -34.0 34
43 -19.0 19
44 -13.0 13
45 -16.0 16
46 -50.0 50
47 -20.0 20
48 -15.0 15
49 -9.0 9
50 -11.0 11
51 -13.0 13
52 -10.0 10
53 -20.0 20
54 -30.0 30
0 -50.0 50
1 -50.0 50
2 -28.0 28
3 -50.0 50
4 -50.0 50
5 -50.0 50
6 -50.0 50
7 -50.0 50
8 -50.0 50
9 -50.0 50
10 -50.0 50
11 -50.0 50
12 -50.0 50
13 -50.0 50
14 -50.0 50
15 -50.0 50
16 -40.0 40
17 -50.0 50
18 -50.0 50
19 -50.0 50
20 -50.0 50
21 -50.0 50
22 -50.0 50
23 -50.0 50
24 -50.0 50
25 -50.0 50
26 -50.0 50
27 -50.0 50
28 -50.0 50
29 -50.0 50
30 -50.0 50
31 -50.0 50
32 -50.0 50
33 -50.0 50
34 -50.0 50
35 -50.0 50
36 -50.0 50
37 -50.0 50
38 -50.0 50
39 -50.0 50
40 -50.0 50
41 -24.0 24
42 -20.0 20
43 -50.0 50
44 -14.0 14
45 -14.0 14
46 -9.0 9
47 -11.0 11
48 -13.0 13
49 -17.0 17
50 -13.0 13
51 -20.0 20
52 -18.0 18
53 -38.0 38
54 -13.0 13
0 -50.0 50
1 -50.0 50
2 -50.0 50
3 -50.0 50
4 -50.0 50
5 -50.0 50
6 -50.0 50
7 -50.0 50
8 -50.0 50
9 -50.0 50
10 -50.0 50
11 -50.0 50
12 -50.0 50
13 -50.0 50
14 -50.0 50
15 -50.0 50
16 -18.0 18
17 -50.0 50
18 -50.0 50
19 -50.0 50
20 -50.0 50
21 -50.0 50
22 -50.0 50
23 -50.0 50
24 -50.0 50
25 -50.0 50
26 -50.0 50
27 -50.0 50
28 -44.0 44
29 -47.0 47
30 -50.0 50
31 -50.0 50
32 -50.0 50
33 -50.0 50
34 -50.0 50
35 -50.0 50
36 -50.0 50
37 -12.0 12
38 -50.0 50
39 -50.0 50
40 -23.0 23
41 -40.0 40
42 -15.0 15
43 -50.0 50
44 -50.0 50
45 -50.0 50
46 -26.0 26
47 -50.0 50
48 -14.0 14
49 -15.0 15
50 -13.0 13
51 -14.0 14
52 -14.0 14
53 -16.0 16
54 -24.0 24
0 -50.0 50
1 -50.0 50
2 -50.0 50
3 -50.0 50
4 -47.0 47
5 -50.0 50
6 -50.0 50
7 -50.0 50
8 -50.0 50
9 -50.0 50
10 -50.0 50
11 -50.0 50
12 -50.0 50
13 -50.0 50
14 -50.0 50
15 -50.0 50
16 -50.0 50
17 -50.0 50
18 -50.0 50
19 -50.0 50
20 -50.0 50
21 -50.0 50
22 -50.0 50
23 -50.0 50
24 -50.0 50
25 -50.0 50
26 -23.0 23
27 -50.0 50
28 -50.0 50
29 -50.0 50
30 -50.0 50
31 -50.0 50
32 -41.0 41
33 -50.0 50
34 -37.0 37
35 -50.0 50
36 -50.0 50
37 -50.0 50
38 -50.0 50
39 -50.0 50
40 -15.0 15
41 -35.0 35
42 -50.0 50
43 -50.0 50
44 -34.0 34
45 -50.0 50
46 -50.0 50
47 -19.0 19
48 -13.0 13
49 -49.0 49
50 -14.0 14
51 -19.0 19
52 -11.0 11
53 -18.0 18
54 -42.0 42
0 -50.0 50
1 -50.0 50
2 -50.0 50
3 -50.0 50
4 -50.0 50
5 -50.0 50
6 -45.0 45
7 -50.0 50
8 -50.0 50
9 -50.0 50
10 -50.0 50
11 -50.0 50
12 -50.0 50
13 -50.0 50
14 -50.0 50
15 -50.0 50
16 -50.0 50
17 -50.0 50
18 -50.0 50
19 -50.0 50
20 -50.0 50
21 -40.0 40
22 -50.0 50
23 -50.0 50
24 -50.0 50
25 -50.0 50
26 -50.0 50
27 -50.0 50
28 -50.0 50
29 -50.0 50
30 -50.0 50
31 -50.0 50
32 -50.0 50
33 -36.0 36
34 -28.0 28
35 -50.0 50
36 -50.0 50
37 -50.0 50
38 -22.0 22
39 -50.0 50
40 -50.0 50
41 -50.0 50
42 -50.0 50
43 -50.0 50
44 -29.0 29
45 -50.0 50
46 -24.0 24
47 -15.0 15
48 -18.0 18
49 -13.0 13
50 -17.0 17
51 -19.0 19
52 -21.0 21
53 -14.0 14
54 -9.0 9
0 -50.0 50
1 -50.0 50
2 -50.0 50
3 -50.0 50
4 -50.0 50
5 -50.0 50
6 -50.0 50
7 -50.0 50
8 -50.0 50
9 -50.0 50
10 -50.0 50
11 -50.0 50
12 -50.0 50
13 -50.0 50
14 -50.0 50
15 -50.0 50
16 -50.0 50
17 -50.0 50
18 -50.0 50
19 -50.0 50
20 -50.0 50
21 -40.0 40
22 -50.0 50
23 -50.0 50
24 -50.0 50
25 -50.0 50
26 -50.0 50
27 -50.0 50
28 -50.0 50
29 -27.0 27
30 -41.0 41
31 -50.0 50
32 -50.0 50
33 -50.0 50
34 -50.0 50
35 -50.0 50
36 -50.0 50
37 -25.0 25
38 -50.0 50
39 -50.0 50
40 -50.0 50
41 -50.0 50
42 -50.0 50
43 -33.0 33
44 -50.0 50
45 -50.0 50
46 -50.0 50
47 -48.0 48
48 -20.0 20
49 -16.0 16
50 -20.0 20
51 -21.0 21
52 -13.0 13
53 -14.0 14
54 -14.0 14
0 -50.0 50
1 -50.0 50
2 -50.0 50
3 -50.0 50
4 -50.0 50
5 -50.0 50
6 -50.0 50
7 -50.0 50
8 -50.0 50
9 -50.0 50
10 -50.0 50
11 -50.0 50
12 -50.0 50
13 -50.0 50
14 -50.0 50
15 -50.0 50
16 -50.0 50
17 -50.0 50
18 -50.0 50
19 -47.0 47
20 -50.0 50
21 -50.0 50
22 -50.0 50
23 -50.0 50
24 -28.0 28
25 -50.0 50
26 -50.0 50
27 -50.0 50
28 -50.0 50
29 -50.0 50
30 -50.0 50
31 -50.0 50
32 -30.0 30
33 -50.0 50
34 -50.0 50
35 -50.0 50
36 -50.0 50
37 -42.0 42
38 -50.0 50
39 -50.0 50
40 -50.0 50
41 -50.0 50
42 -50.0 50
43 -17.0 17
44 -50.0 50
45 -50.0 50
46 -26.0 26
47 -11.0 11
48 -9.0 9
49 -9.0 9
50 -11.0 11
51 -17.0 17
52 -26.0 26
53 -9.0 9
54 -11.0 11
0 -50.0 50
1 -50.0 50
2 -50.0 50
3 -50.0 50
4 -36.0 36
5 -50.0 50
6 -50.0 50
7 -50.0 50
8 -50.0 50
9 -50.0 50
10 -50.0 50
11 -50.0 50
12 -50.0 50
13 -50.0 50
14 -50.0 50
15 -50.0 50
16 -50.0 50
17 -50.0 50
18 -50.0 50
19 -50.0 50
20 -37.0 37
21 -50.0 50
22 -50.0 50
23 -50.0 50
24 -50.0 50
25 -50.0 50
26 -50.0 50
27 -50.0 50
28 -50.0 50
29 -50.0 50
30 -50.0 50
31 -50.0 50
32 -44.0 44
33 -25.0 25
34 -50.0 50
35 -50.0 50
36 -28.0 28
37 -50.0 50
38 -50.0 50
39 -50.0 50
40 -50.0 50
41 -50.0 50
42 -50.0 50
43 -50.0 50
44 -24.0 24
45 -20.0 20
46 -30.0 30
47 -14.0 14
48 -9.0 9
49 -9.0 9
50 -11.0 11
51 -16.0 16
52 -23.0 23
53 -38.0 38
54 -24.0 24
0 -50.0 50
1 -50.0 50
2 -50.0 50
3 -50.0 50
4 -50.0 50
5 -50.0 50
6 -50.0 50
7 -50.0 50
8 -50.0 50
9 -50.0 50
10 -50.0 50
11 -50.0 50
12 -50.0 50
13 -50.0 50
14 -50.0 50
15 -50.0 50
16 -33.0 33
17 -50.0 50
18 -50.0 50
19 -50.0 50
20 -50.0 50
21 -50.0 50
22 -50.0 50
23 -50.0 50
24 -50.0 50
25 -50.0 50
26 -31.0 31
27 -50.0 50
28 -50.0 50
29 -42.0 42
30 -50.0 50
31 -50.0 50
32 -50.0 50
33 -38.0 38
34 -50.0 50
35 -50.0 50
36 -50.0 50
37 -50.0 50
38 -50.0 50
39 -50.0 50
40 -50.0 50
41 -50.0 50
42 -48.0 48
43 -50.0 50
44 -50.0 50
45 -50.0 50
46 -50.0 50
47 -36.0 36
48 -50.0 50
49 -50.0 50
50 -22.0 22
51 -22.0 22
52 -50.0 50
53 -9.0 9
54 -17.0 17
0 -50.0 50
1 -50.0 50
2 -50.0 50
3 -50.0 50
4 -50.0 50
5 -50.0 50
6 -50.0 50
7 -50.0 50
8 -50.0 50
9 -50.0 50
10 -50.0 50
11 -50.0 50
12 -50.0 50
13 -50.0 50
14 -50.0 50
15 -50.0 50
16 -50.0 50
17 -50.0 50
18 -50.0 50
19 -50.0 50
20 -50.0 50
21 -50.0 50
22 -50.0 50
23 -50.0 50
24 -50.0 50
25 -50.0 50
26 -50.0 50
27 -50.0 50
28 -50.0 50
29 -50.0 50
30 -39.0 39
31 -50.0 50
32 -50.0 50
33 -29.0 29
34 -50.0 50
35 -50.0 50
36 -17.0 17
37 -50.0 50
38 -50.0 50
39 -50.0 50
40 -50.0 50
41 -50.0 50
42 -36.0 36
43 -21.0 21
44 -50.0 50
45 -37.0 37
46 -12.0 12
47 -23.0 23
48 -27.0 27
49 -50.0 50
50 -48.0 48
51 -50.0 50
52 -13.0 13
53 -9.0 9
54 -19.0 19
0 -50.0 50
1 -50.0 50
2 -50.0 50
3 -50.0 50
4 -50.0 50
5 -50.0 50
6 -50.0 50
7 -50.0 50
8 -50.0 50
9 -50.0 50
10 -50.0 50
11 -50.0 50
12 -50.0 50
13 -50.0 50
14 -30.0 30
15 -50.0 50
16 -50.0 50
17 -50.0 50
18 -50.0 50
19 -50.0 50
20 -50.0 50
21 -50.0 50
22 -50.0 50
23 -50.0 50
24 -50.0 50
25 -50.0 50
26 -50.0 50
27 -28.0 28
28 -50.0 50
29 -50.0 50
30 -48.0 48
31 -50.0 50
32 -50.0 50
33 -50.0 50
34 -50.0 50
35 -50.0 50
36 -50.0 50
37 -32.0 32
38 -50.0 50
39 -35.0 35
40 -50.0 50
41 -50.0 50
42 -50.0 50
43 -50.0 50
44 -50.0 50
45 -28.0 28
46 -50.0 50
47 -32.0 32
48 -50.0 50
49 -38.0 38
50 -29.0 29
51 -50.0 50
52 -16.0 16
53 -12.0 12
54 -14.0 14
0 -50.0 50
1 -50.0 50
2 -50.0 50
3 -50.0 50
4 -50.0 50
5 -50.0 50
6 -50.0 50
7 -50.0 50
8 -50.0 50
9 -50.0 50
10 -50.0 50
11 -50.0 50
12 -43.0 43
13 -50.0 50
14 -50.0 50
15 -50.0 50
16 -50.0 50
17 -50.0 50
18 -50.0 50
19 -50.0 50
20 -50.0 50
21 -50.0 50
22 -50.0 50
23 -50.0 50
24 -50.0 50
25 -19.0 19
26 -12.0 12
27 -50.0 50
28 -23.0 23
29 -50.0 50
30 -50.0 50
31 -50.0 50
32 -50.0 50
33 -50.0 50
34 -50.0 50
35 -50.0 50
36 -50.0 50
37 -50.0 50
38 -33.0 33
39 -16.0 16
40 -19.0 19
41 -49.0 49
42 -50.0 50
43 -50.0 50
44 -50.0 50
45 -50.0 50
46 -50.0 50
47 -30.0 30
48 -11.0 11
49 -12.0 12
50 -14.0 14
51 -16.0 16
52 -25.0 25
53 -50.0 50
54 -20.0 20
0 -50.0 50
1 -50.0 50
2 -43.0 43
3 -50.0 50
4 -50.0 50
5 -50.0 50
6 -50.0 50
7 -50.0 50
8 -50.0 50
9 -50.0 50
10 -50.0 50
11 -50.0 50
12 -50.0 50
13 -50.0 50
14 -50.0 50
15 -50.0 50
16 -50.0 50
17 -50.0 50
18 -33.0 33
19 -50.0 50
20 -50.0 50
21 -50.0 50
22 -50.0 50
23 -50.0 50
24 -50.0 50
25 -50.0 50
26 -50.0 50
27 -50.0 50
28 -50.0 50
29 -40.0 40
30 -50.0 50
31 -23.0 23
32 -50.0 50
33 -50.0 50
34 -50.0 50
35 -50.0 50
36 -50.0 50
37 -50.0 50
38 -49.0 49
39 -50.0 50
40 -50.0 50
41 -50.0 50
42 -50.0 50
43 -50.0 50
44 -15.0 15
45 -16.0 16
46 -17.0 17
47 -20.0 20
48 -11.0 11
49 -11.0 11
50 -11.0 11
51 -16.0 16
52 -26.0 26
53 -50.0 50
54 -14.0 14
0 -50.0 50
1 -50.0 50
2 -50.0 50
3 -50.0 50
4 -50.0 50
5 -50.0 50
6 -50.0 50
7 -50.0 50
8 -50.0 50
9 -50.0 50
10 -39.0 39
11 -50.0 50
12 -50.0 50
13 -50.0 50
14 -50.0 50
15 -50.0 50
16 -50.0 50
17 -50.0 50
18 -50.0 50
19 -50.0 50
20 -50.0 50
21 -39.0 39
22 -50.0 50
23 -50.0 50
24 -50.0 50
25 -50.0 50
26 -50.0 50
27 -50.0 50
28 -50.0 50
29 -50.0 50
30 -50.0 50
31 -29.0 29
32 -50.0 50
33 -50.0 50
34 -50.0 50
35 -50.0 50
36 -50.0 50
37 -50.0 50
38 -15.0 15
39 -16.0 16
40 -23.0 23
41 -11.0 11
42 -11.0 11
43 -12.0 12
44 -50.0 50
45 -50.0 50
46 -50.0 50
47 -50.0 50
48 -9.0 9
49 -13.0 13
50 -12.0 12
51 -9.0 9
52 -17.0 17
53 -12.0 12
54 -20.0 20
0 -50.0 50
1 -50.0 50
2 -50.0 50
3 -50.0 50
4 -50.0 50
5 -50.0 50
6 -50.0 50
7 -50.0 50
8 -50.0 50
9 -50.0 50
10 -50.0 50
11 -50.0 50
12 -50.0 50
13 -50.0 50
14 -50.0 50
15 -50.0 50
16 -50.0 50
17 -50.0 50
18 -50.0 50
19 -35.0 35
20 -50.0 50
21 -45.0 45
22 -50.0 50
23 -50.0 50
24 -50.0 50
25 -50.0 50
26 -50.0 50
27 -50.0 50
28 -50.0 50
29 -50.0 50
30 -50.0 50
31 -50.0 50
32 -50.0 50
33 -50.0 50
34 -50.0 50
35 -48.0 48
36 -50.0 50
37 -50.0 50
38 -50.0 50
39 -50.0 50
40 -50.0 50
41 -50.0 50
42 -15.0 15
43 -14.0 14
44 -50.0 50
45 -14.0 14
46 -13.0 13
47 -11.0 11
48 -12.0 12
49 -13.0 13
50 -21.0 21
51 -17.0 17
52 -18.0 18
53 -50.0 50
54 -50.0 50
0 -50.0 50
1 -50.0 50
2 -50.0 50
3 -50.0 50
4 -50.0 50
5 -50.0 50
6 -50.0 50
7 -50.0 50
8 -44.0 44
9 -50.0 50
10 -50.0 50
11 -50.0 50
12 -50.0 50
13 -50.0 50
14 -50.0 50
15 -50.0 50
16 -50.0 50
17 -50.0 50
18 -36.0 36
19 -50.0 50
20 -50.0 50
21 -50.0 50
22 -50.0 50
23 -50.0 50
24 -50.0 50
25 -50.0 50
26 -50.0 50
27 -50.0 50
28 -50.0 50
29 -50.0 50
30 -50.0 50
31 -50.0 50
32 -50.0 50
33 -50.0 50
34 -50.0 50
35 -42.0 42
36 -50.0 50
37 -21.0 21
38 -50.0 50
39 -50.0 50
40 -50.0 50
41 -50.0 50
42 -50.0 50
43 -50.0 50
44 -50.0 50
45 -18.0 18
46 -13.0 13
47 -10.0 10
48 -9.0 9
49 -9.0 9
50 -11.0 11
51 -10.0 10
52 -12.0 12
53 -11.0 11
54 -9.0 9
0 -50.0 50
1 -50.0 50
2 -50.0 50
3 -50.0 50
4 -50.0 50
5 -50.0 50
6 -50.0 50
7 -50.0 50
8 -50.0 50
9 -50.0 50
10 -50.0 50
11 -50.0 50
12 -50.0 50
13 -31.0 31
14 -50.0 50
15 -50.0 50
16 -50.0 50
17 -50.0 50
18 -50.0 50
19 -50.0 50
20 -50.0 50
21 -50.0 50
22 -50.0 50
23 -50.0 50
24 -50.0 50
25 -50.0 50
26 -50.0 50
27 -50.0 50
28 -50.0 50
29 -50.0 50
30 -27.0 27
31 -13.0 13
32 -50.0 50
33 -50.0 50
34 -50.0 50
35 -50.0 50
36 -50.0 50
37 -50.0 50
38 -50.0 50
39 -23.0 23
40 -24.0 24
41 -50.0 50
42 -50.0 50
43 -50.0 50
44 -50.0 50
45 -34.0 34
46 -50.0 50
47 -50.0 50
48 -16.0 16
49 -19.0 19
50 -9.0 9
51 -11.0 11
52 -21.0 21
53 -50.0 50
54 -45.0 45
0 -50.0 50
1 -50.0 50
2 -30.0 30
3 -50.0 50
4 -50.0 50
5 -50.0 50
6 -50.0 50
7 -50.0 50
8 -50.0 50
9 -50.0 50
10 -50.0 50
11 -50.0 50
12 -50.0 50
13 -50.0 50
14 -50.0 50
15 -50.0 50
16 -50.0 50
17 -50.0 50
18 -50.0 50
19 -50.0 50
20 -50.0 50
21 -50.0 50
22 -20.0 20
23 -50.0 50
24 -50.0 50
25 -50.0 50
26 -41.0 41
27 -50.0 50
28 -50.0 50
29 -50.0 50
30 -50.0 50
31 -50.0 50
32 -50.0 50
33 -50.0 50
34 -50.0 50
35 -50.0 50
36 -50.0 50
37 -20.0 20
38 -39.0 39
39 -50.0 50
40 -50.0 50
41 -50.0 50
42 -50.0 50
43 -45.0 45
44 -29.0 29
45 -18.0 18
46 -33.0 33
47 -50.0 50
48 -16.0 16
49 -20.0 20
50 -23.0 23
51 -50.0 50
52 -50.0 50
53 -22.0 22
54 -47.0 47
0 -50.0 50
1 -50.0 50
2 -50.0 50
3 -50.0 50
4 -50.0 50
5 -50.0 50
6 -50.0 50
7 -50.0 50
8 -50.0 50
9 -50.0 50
10 -50.0 50
11 -15.0 15
12 -50.0 50
13 -50.0 50
14 -50.0 50
15 -50.0 50
16 -50.0 50
17 -50.0 50
18 -50.0 50
19 -50.0 50
20 -50.0 50
21 -50.0 50
22 -50.0 50
23 -50.0 50
24 -50.0 50
25 -50.0 50
26 -47.0 47
27 -50.0 50
28 -50.0 50
29 -50.0 50
30 -50.0 50
31 -50.0 50
32 -50.0 50
33 -17.0 17
34 -50.0 50
35 -50.0 50
36 -50.0 50
37 -12.0 12
38 -9.0 9
39 -11.0 11
40 -25.0 25
41 -38.0 38
42 -50.0 50
43 -50.0 50
44 -50.0 50
45 -50.0 50
46 -50.0 50
47 -32.0 32
48 -50.0 50
49 -20.0 20
50 -12.0 12
51 -13.0 13
52 -14.0 14
53 -20.0 20
54 -33.0 33
