0 -50.0 50
1 -50.0 50
2 -27.0 27
3 -50.0 50
4 -50.0 50
5 -50.0 50
6 -38.0 38
7 -27.0 27
8 -46.0 46
9 -16.0 16
10 -10.0 10
11 -12.0 12
12 -12.0 12
13 -7.0 7
0 -50.0 50
1 -50.0 50
2 -50.0 50
3 -28.0 28
4 -50.0 50
5 -33.0 33
6 -44.0 44
7 -19.0 19
8 -26.0 26
9 -29.0 29
10 -33.0 33
11 -19.0 19
12 -9.0 9
13 -11.0 11
0 -29.0 29
1 -50.0 50
2 -50.0 50
3 -50.0 50
4 -50.0 50
5 -31.0 31
6 -26.0 26
7 -50.0 50
8 -36.0 36
9 -19.0 19
10 -12.0 12
11 -9.0 9
12 -50.0 50
13 -7.0 7
0 -50.0 50
1 -46.0 46
2 -31.0 31
3 -50.0 50
4 -50.0 50
5 -50.0 50
6 -11.0 11
7 -7.0 7
8 -9.0 9
9 -13.0 13
10 -13.0 13
11 -14.0 14
12 -11.0 11
13 -11.0 11
0 -28.0 28
1 -50.0 50
2 -50.0 50
3 -37.0 37
4 -50.0 50
5 -40.0 40
6 -8.0 8
7 -9.0 9
8 -50.0 50
9 -50.0 50
10 -14.0 14
11 -9.0 9
12 -9.0 9
13 -7.0 7
0 -50.0 50
1 -50.0 50
2 -33.0 33
3 -50.0 50
4 -50.0 50
5 -30.0 30
6 -19.0 19
7 -13.0 13
8 -7.0 7
9 -12.0 12
10 -19.0 19
11 -50.0 50
12 -19.0 19
13 -29.0 29
0 -31.0 31
1 -50.0 50
2 -50.0 50
3 -40.0 40
4 -47.0 47
5 -50.0 50
6 -23.0 23
7 -19.0 19
8 -12.0 12
9 -50.0 50
10 -32.0 32
11 -16.0 16
12 -9.0 9
13 -9.0 9
0 -50.0 50
1 -50.0 50
2 -20.0 20
3 -50.0 50
4 -43.0 43
5 -33.0 33
6 -50.0 50
7 -50.0 50
8 -15.0 15
9 -10.0 10
10 -11.0 11
11 -11.0 11
12 -9.0 9
13 -15.0 15
0 -50.0 50
1 -36.0 36
2 -50.0 50
3 -50.0 50
4 -50.0 50
5 -48.0 48
6 -28.0 28
7 -13.0 13
8 -7.0 7
9 -11.0 11
10 -16.0 16
11 -9.0 9
12 -9.0 9
13 -7.0 7
0 -38.0 38
1 -50.0 50
2 -50.0 50
3 -32.0 32
4 -50.0 50
5 -16.0 16
6 -50.0 50
7 -34.0 34
8 -19.0 19
9 -17.0 17
10 -15.0 15
11 -7.0 7
12 -7.0 7
13 -9.0 9
0 -50.0 50
1 -50.0 50
2 -40.0 40
3 -50.0 50
4 -50.0 50
5 -38.0 38
6 -32.0 32
7 -24.0 24
8 -50.0 50
9 -11.0 11
10 -9.0 9
11 -7.0 7
12 -8.0 8
13 -9.0 9
0 -50.0 50
1 -50.0 50
2 -42.0 42
3 -50.0 50
4 -20.0 20
5 -50.0 50
6 -31.0 31
7 -50.0 50
8 -20.0 20
9 -17.0 17
10 -25.0 25
11 -17.0 17
12 -7.0 7
13 -9.0 9
0 -50.0 50
1 -50.0 50
2 -27.0 27
3 -50.0 50
4 -20.0 20
5 -35.0 35
6 -50.0 50
7 -43.0 43
8 -24.0 24
9 -50.0 50
10 -10.0 10
11 -11.0 11
12 -11.0 11
13 -11.0 11
0 -50.0 50
1 -50.0 50
2 -22.0 22
3 -50.0 50
4 -27.0 27
5 -50.0 50
6 -39.0 39
7 -50.0 50
8 -15.0 15
9 -28.0 28
10 -18.0 18
11 -17.0 17
12 -10.0 10
13 -10.0 10
0 -30.0 30
1 -50.0 50
2 -50.0 50
3 -50.0 50
4 -33.0 33
5 -49.0 49
6 -50.0 50
7 -13.0 13
8 -12.0 12
9 -23.0 23
10 -19.0 19
11 -19.0 19
12 -7.0 7
13 -7.0 7
0 -50.0 50
1 -50.0 50
2 -50.0 50
3 -27.0 27
4 -48.0 48
5 -22.0 22
6 -50.0 50
7 -30.0 30
8 -17.0 17
9 -24.0 24
10 -50.0 50
11 -28.0 28
12 -19.0 19
13 -7.0 7
0 -50.0 50
1 -50.0 50
2 -50.0 50
3 -50.0 50
4 -27.0 27
5 -50.0 50
6 -16.0 16
7 -19.0 19
8 -46.0 46
9 -34.0 34
10 -15.0 15
11 -27.0 27
12 -26.0 26
13 -24.0 24
0 -50.0 50
1 -50.0 50
2 -44.0 44
3 -50.0 50
4 -43.0 43
5 -16.0 16
6 -47.0 47
7 -40.0 40
8 -10.0 10
9 -7.0 7
10 -7.0 7
11 -7.0 7
12 -10.0 10
13 -8.0 8
0 -50.0 50
1 -50.0 50
2 -50.0 50
3 -35.0 35
4 -29.0 29
5 -33.0 33
6 -50.0 50
7 -50.0 50
8 -31.0 31
9 -17.0 17
10 -7.0 7
11 -14.0 14
12 -7.0 7
13 -7.0 7
0 -50.0 50
1 -50.0 50
2 -27.0 27
3 -50.0 50
4 -50.0 50
5 -50.0 50
6 -20.0 20
7 -50.0 50
8 -50.0 50
9 -23.0 23
10 -23.0 23
11 -14.0 14
12 -9.0 9
13 -7.0 7
0 -50.0 50
1 -50.0 50
2 -50.0 50
3 -29.0 29
4 -50.0 50
5 -50.0 50
6 -16.0 16
7 -13.0 13
8 -15.0 15
9 -15.0 15
10 -13.0 13
11 -15.0 15
12 -18.0 18
13 -14.0 14
0 -50.0 50
1 -50.0 50
2 -40.0 40
3 -50.0 50
4 -50.0 50
5 -25.0 25
6 -33.0 33
7 -11.0 11
8 -7.0 7
9 -13.0 13
10 -14.0 14
11 -21.0 21
12 -25.0 25
13 -20.0 20
0 -38.0 38
1 -50.0 50
2 -50.0 50
3 -49.0 49
4 -50.0 50
5 -12.0 12
6 -13.0 13
7 -24.0 24
8 -33.0 33
9 -50.0 50
10 -12.0 12
11 -14.0 14
12 -12.0 12
13 -11.0 11
0 -50.0 50
1 -19.0 19
2 -50.0 50
3 -37.0 37
4 -50.0 50
5 -50.0 50
6 -14.0 14
7 -16.0 16
8 -28.0 28
9 -50.0 50
10 -50.0 50
11 -12.0 12
12 -11.0 11
13 -7.0 7
0 -30.0 30
1 -50.0 50
2 -37.0 37
3 -50.0 50
4 -50.0 50
5 -34.0 34
6 -24.0 24
7 -46.0 46
8 -10.0 10
9 -49.0 49
10 -13.0 13
11 -11.0 11
12 -11.0 11
13 -11.0 11
0 -50.0 50
1 -50.0 50
2 -50.0 50
3 -17.0 17
4 -50.0 50
5 -38.0 38
6 -50.0 50
7 -8.0 8
8 -10.0 10
9 -10.0 10
10 -12.0 12
11 -7.0 7
12 -7.0 7
13 -13.0 13
0 -50.0 50
1 -50.0 50
2 -24.0 24
3 -50.0 50
4 -50.0 50
5 -50.0 50
6 -23.0 23
7 -21.0 21
8 -19.0 19
9 -10.0 10
10 -16.0 16
11 -12.0 12
12 -7.0 7
13 -7.0 7
0 -50.0 50
1 -50.0 50
2 -29.0 29
3 -50.0 50
4 -50.0 50
5 -50.0 50
6 -17.0 17
7 -18.0 18
8 -15.0 15
9 -10.0 10
10 -14.0 14
11 -16.0 16
12 -21.0 21
13 -14.0 14
0 -50.0 50
1 -50.0 50
2 -50.0 50
3 -25.0 25
4 -24.0 24
5 -44.0 44
6 -50.0 50
7 -12.0 12
8 -19.0 19
9 -22.0 22
10 -22.0 22
11 -20.0 20
12 -9.0 9
13 -7.0 7
0 -50.0 50
1 -50.0 50
2 -50.0 50
3 -24.0 24
4 -30.0 30
5 -24.0 24
6 -36.0 36
7 -23.0 23
8 -24.0 24
9 -50.0 50
10 -31.0 31
11 -50.0 50
12 -12.0 12
13 -12.0 12
0 -50.0 50
1 -50.0 50
2 -50.0 50
3 -17.0 17
4 -28.0 28
5 -47.0 47
6 -44.0 44
7 -25.0 25
8 -50.0 50
9 -31.0 31
10 -13.0 13
11 -9.0 9
12 -9.0 9
13 -15.0 15
0 -50.0 50
1 -43.0 43
2 -50.0 50
3 -50.0 50
4 -42.0 42
5 -27.0 27
6 -50.0 50
7 -16.0 16
8 -14.0 14
9 -14.0 14
10 -11.0 11
11 -11.0 11
12 -9.0 9
13 -10.0 10
0 -50.0 50
1 -39.0 39
2 -50.0 50
3 -50.0 50
4 -30.0 30
5 -50.0 50
6 -13.0 13
7 -8.0 8
8 -8.0 8
9 -7.0 7
10 -10.0 10
11 -10.0 10
12 -7.0 7
13 -9.0 9
0 -30.0 30
1 -50.0 50
2 -50.0 50
3 -34.0 34
4 -50.0 50
5 -50.0 50
6 -32.0 32
7 -18.0 18
8 -16.0 16
9 -18.0 18
10 -13.0 13
11 -11.0 11
12 -8.0 8
13 -7.0 7
0 -50.0 50
1 -50.0 50
2 -50.0 50
3 -50.0 50
4 -28.0 28
5 -35.0 35
6 -48.0 48
7 -10.0 10
8 -10.0 10
9 -12.0 12
10 -10.0 10
11 -8.0 8
12 -9.0 9
13 -12.0 12
0 -36.0 36
1 -50.0 50
2 -50.0 50
3 -50.0 50
4 -49.0 49
5 -41.0 41
6 -20.0 20
7 -50.0 50
8 -50.0 50
9 -13.0 13
10 -7.0 7
11 -7.0 7
12 -8.0 8
13 -7.0 7
0 -50.0 50
1 -50.0 50
2 -50.0 50
3 -42.0 42
4 -50.0 50
5 -13.0 13
6 -21.0 21
7 -13.0 13
8 -37.0 37
9 -26.0 26
10 -15.0 15
11 -10.0 10
12 -7.0 7
13 -7.0 7
0 -50.0 50
1 -50.0 50
2 -23.0 23
3 -50.0 50
4 -28.0 28
5 -50.0 50
6 -32.0 32
7 -50.0 50
8 -12.0 12
9 -10.0 10
10 -9.0 9
11 -8.0 8
12 -8.0 8
13 -9.0 9
0 -50.0 50
1 -50.0 50
2 -27.0 27
3 -50.0 50
4 -47.0 47
5 -50.0 50
6 -29.0 29
7 -13.0 13
8 -12.0 12
9 -10.0 10
10 -9.0 9
11 -8.0 8
12 -9.0 9
13 -12.0 12
0 -35.0 35
1 -50.0 50
2 -50.0 50
3 -50.0 50
4 -12.0 12
5 -18.0 18
6 -50.0 50
7 -50.0 50
8 -45.0 45
9 -20.0 20
10 -12.0 12
11 -12.0 12
12 -7.0 7
13 -7.0 7
0 -50.0 50
1 -44.0 44
2 -36.0 36
3 -50.0 50
4 -49.0 49
5 -39.0 39
6 -50.0 50
7 -20.0 20
8 -16.0 16
9 -11.0 11
10 -17.0 17
11 -14.0 14
12 -11.0 11
13 -7.0 7
0 -42.0 42
1 -50.0 50
2 -50.0 50
3 -15.0 15
4 -33.0 33
5 -50.0 50
6 -50.0 50
7 -40.0 40
8 -25.0 25
9 -7.0 7
10 -9.0 9
11 -7.0 7
12 -32.0 32
13 -7.0 7
0 -50.0 50
1 -50.0 50
2 -33.0 33
3 -50.0 50
4 -28.0 28
5 -34.0 34
6 -27.0 27
7 -13.0 13
8 -50.0 50
9 -50.0 50
10 -23.0 23
11 -34.0 34
12 -13.0 13
13 -10.0 10
0 -50.0 50
1 -35.0 35
2 -50.0 50
3 -50.0 50
4 -50.0 50
5 -30.0 30
6 -28.0 28
7 -50.0 50
8 -14.0 14
9 -10.0 10
10 -9.0 9
11 -10.0 10
12 -11.0 11
13 -13.0 13
0 -50.0 50
1 -50.0 50
2 -50.0 50
3 -41.0 41
4 -29.0 29
5 -36.0 36
6 -50.0 50
7 -26.0 26
8 -20.0 20
9 -18.0 18
10 -16.0 16
11 -49.0 49
12 -18.0 18
13 -7.0 7
0 -50.0 50
1 -50.0 50
2 -50.0 50
3 -23.0 23
4 -24.0 24
5 -50.0 50
6 -28.0 28
7 -50.0 50
8 -15.0 15
9 -7.0 7
10 -8.0 8
11 -11.0 11
12 -8.0 8
13 -16.0 16
0 -50.0 50
1 -50.0 50
2 -44.0 44
3 -50.0 50
4 -50.0 50
5 -26.0 26
6 -47.0 47
7 -21.0 21
8 -12.0 12
9 -11.0 11
10 -12.0 12
11 -7.0 7
12 -7.0 7
13 -7.0 7
0 -50.0 50
1 -50.0 50
2 -38.0 38
3 -49.0 49
4 -42.0 42
5 -25.0 25
6 -50.0 50
7 -50.0 50
8 -23.0 23
9 -13.0 13
10 -12.0 12
11 -11.0 11
12 -11.0 11
13 -10.0 10
0 -31.0 31
1 -50.0 50
2 -50.0 50
3 -50.0 50
4 -27.0 27
5 -50.0 50
6 -47.0 47
7 -40.0 40
8 -21.0 21
9 -8.0 8
10 -12.0 12
11 -10.0 10
12 -8.0 8
13 -7.0 7
0 -50.0 50
1 -50.0 50
2 -29.0 29
3 -50.0 50
4 -35.0 35
5 -50.0 50
6 -17.0 17
7 -19.0 19
8 -28.0 28
9 -50.0 50
10 -30.0 30
11 -12.0 12
12 -12.0 12
13 -12.0 12
0 -50.0 50
1 -50.0 50
2 -50.0 50
3 -13.0 13
4 -50.0 50
5 -50.0 50
6 -24.0 24
7 -13.0 13
8 -20.0 20
9 -44.0 44
10 -9.0 9
11 -10.0 10
12 -7.0 7
13 -7.0 7
0 -50.0 50
1 -50.0 50
2 -50.0 50
3 -50.0 50
4 -29.0 29
5 -50.0 50
6 -24.0 24
7 -15.0 15
8 -31.0 31
9 -27.0 27
10 -27.0 27
11 -7.0 7
12 -7.0 7
13 -8.0 8
0 -50.0 50
1 -37.0 37
2 -50.0 50
3 -50.0 50
4 -50.0 50
5 -50.0 50
6 -13.0 13
7 -10.0 10
8 -13.0 13
9 -14.0 14
10 -12.0 12
11 -7.0 7
12 -8.0 8
13 -7.0 7
0 -50.0 50
1 -50.0 50
2 -10.0 10
3 -50.0 50
4 -50.0 50
5 -19.0 19
6 -50.0 50
7 -7.0 7
8 -29.0 29
9 -20.0 20
10 -20.0 20
11 -20.0 20
12 -9.0 9
13 -7.0 7
0 -50.0 50
1 -50.0 50
2 -50.0 50
3 -32.0 32
4 -50.0 50
5 -22.0 22
6 -24.0 24
7 -50.0 50
8 -25.0 25
9 -21.0 21
10 -17.0 17
11 -10.0 10
12 -7.0 7
13 -7.0 7
0 -50.0 50
1 -50.0 50
2 -14.0 14
3 -13.0 13
4 -31.0 31
5 -50.0 50
6 -50.0 50
7 -50.0 50
8 -30.0 30
9 -50.0 50
10 -9.0 9
11 -10.0 10
12 -7.0 7
13 -7.0 7
0 -30.0 30
1 -50.0 50
2 -50.0 50
3 -50.0 50
4 -50.0 50
5 -7.0 7
6 -39.0 39
7 -37.0 37
8 -44.0 44
9 -10.0 10
10 -7.0 7
11 -7.0 7
12 -8.0 8
13 -8.0 8
0 -43.0 43
1 -50.0 50
2 -50.0 50
3 -28.0 28
4 -50.0 50
5 -50.0 50
6 -50.0 50
7 -19.0 19
8 -17.0 17
9 -24.0 24
10 -16.0 16
11 -50.0 50
12 -9.0 9
13 -8.0 8
0 -40.0 40
1 -50.0 50
2 -50.0 50
3 -50.0 50
4 -13.0 13
5 -23.0 23
6 -50.0 50
7 -24.0 24
8 -22.0 22
9 -42.0 42
10 -50.0 50
11 -11.0 11
12 -18.0 18
13 -21.0 21
0 -25.0 25
1 -50.0 50
2 -50.0 50
3 -50.0 50
4 -35.0 35
5 -50.0 50
6 -41.0 41
7 -50.0 50
8 -15.0 15
9 -12.0 12
10 -8.0 8
11 -7.0 7
12 -9.0 9
13 -14.0 14
0 -50.0 50
1 -30.0 30
2 -50.0 50
3 -50.0 50
4 -50.0 50
5 -50.0 50
6 -12.0 12
7 -25.0 25
8 -22.0 22
9 -31.0 31
10 -33.0 33
11 -12.0 12
12 -13.0 13
13 -11.0 11
0 -50.0 50
1 -50.0 50
2 -49.0 49
3 -50.0 50
4 -24.0 24
5 -50.0 50
6 -32.0 32
7 -16.0 16
8 -13.0 13
9 -16.0 16
10 -12.0 12
11 -10.0 10
12 -9.0 9
13 -50.0 50
0 -50.0 50
1 -45.0 45
2 -40.0 40
3 -40.0 40
4 -46.0 46
5 -28.0 28
6 -50.0 50
7 -16.0 16
8 -43.0 43
9 -22.0 22
10 -10.0 10
11 -7.0 7
12 -7.0 7
13 -27.0 27
0 -50.0 50
1 -50.0 50
2 -24.0 24
3 -39.0 39
4 -50.0 50
5 -50.0 50
6 -32.0 32
7 -26.0 26
8 -7.0 7
9 -7.0 7
10 -10.0 10
11 -11.0 11
12 -17.0 17
13 -7.0 7
0 -50.0 50
1 -50.0 50
2 -50.0 50
3 -50.0 50
4 -50.0 50
5 -29.0 29
6 -7.0 7
7 -9.0 9
8 -8.0 8
9 -14.0 14
10 -24.0 24
11 -16.0 16
12 -11.0 11
13 -10.0 10
0 -29.0 29
1 -50.0 50
2 -50.0 50
3 -27.0 27
4 -50.0 50
5 -50.0 50
6 -50.0 50
7 -50.0 50
8 -13.0 13
9 -17.0 17
10 -11.0 11
11 -10.0 10
12 -9.0 9
13 -10.0 10
0 -50.0 50
1 -50.0 50
2 -50.0 50
3 -50.0 50
4 -21.0 21
5 -50.0 50
6 -32.0 32
7 -18.0 18
8 -7.0 7
9 -19.0 19
10 -18.0 18
11 -15.0 15
12 -13.0 13
13 -10.0 10
0 -50.0 50
1 -50.0 50
2 -28.0 28
3 -45.0 45
4 -50.0 50
5 -26.0 26
6 -16.0 16
7 -27.0 27
8 -50.0 50
9 -36.0 36
10 -15.0 15
11 -7.0 7
12 -11.0 11
13 -12.0 12
0 -50.0 50
1 -50.0 50
2 -46.0 46
3 -50.0 50
4 -14.0 14
5 -18.0 18
6 -28.0 28
7 -50.0 50
8 -29.0 29
9 -36.0 36
10 -24.0 24
11 -8.0 8
12 -7.0 7
13 -7.0 7
0 -50.0 50
1 -50.0 50
2 -44.0 44
3 -50.0 50
4 -50.0 50
5 -50.0 50
6 -12.0 12
7 -16.0 16
8 -7.0 7
9 -13.0 13
10 -18.0 18
11 -7.0 7
12 -10.0 10
13 -9.0 9
0 -50.0 50
1 -45.0 45
2 -50.0 50
3 -50.0 50
4 -50.0 50
5 -15.0 15
6 -29.0 29
7 -17.0 17
8 -9.0 9
9 -15.0 15
10 -12.0 12
11 -10.0 10
12 -13.0 13
13 -9.0 9
0 -50.0 50
1 -50.0 50
2 -31.0 31
3 -40.0 40
4 -50.0 50
5 -50.0 50
6 -50.0 50
7 -11.0 11
8 -15.0 15
9 -12.0 12
10 -15.0 15
11 -7.0 7
12 -15.0 15
13 -18.0 18
0 -50.0 50
1 -27.0 27
2 -50.0 50
3 -22.0 22
4 -50.0 50
5 -32.0 32
6 -27.0 27
7 -14.0 14
8 -50.0 50
9 -50.0 50
10 -23.0 23
11 -10.0 10
12 -10.0 10
13 -7.0 7
0 -50.0 50
1 -50.0 50
2 -50.0 50
3 -30.0 30
4 -27.0 27
5 -49.0 49
6 -28.0 28
7 -50.0 50
8 -33.0 33
9 -19.0 19
10 -16.0 16
11 -11.0 11
12 -7.0 7
13 -7.0 7
0 -50.0 50
1 -50.0 50
2 -50.0 50
3 -26.0 26
4 -50.0 50
5 -48.0 48
6 -50.0 50
7 -28.0 28
8 -9.0 9
9 -8.0 8
10 -9.0 9
11 -7.0 7
12 -8.0 8
13 -7.0 7
0 -23.0 23
1 -50.0 50
2 -50.0 50
3 -45.0 45
4 -50.0 50
5 -50.0 50
6 -7.0 7
7 -13.0 13
8 -11.0 11
9 -13.0 13
10 -10.0 10
11 -20.0 20
12 -9.0 9
13 -35.0 35
0 -50.0 50
1 -50.0 50
2 -50.0 50
3 -50.0 50
4 -48.0 48
5 -17.0 17
6 -50.0 50
7 -25.0 25
8 -21.0 21
9 -11.0 11
10 -10.0 10
11 -8.0 8
12 -9.0 9
13 -7.0 7
0 -36.0 36
1 -50.0 50
2 -50.0 50
3 -50.0 50
4 -50.0 50
5 -20.0 20
6 -10.0 10
7 -19.0 19
8 -11.0 11
9 -9.0 9
10 -16.0 16
11 -11.0 11
12 -14.0 14
13 -16.0 16
0 -50.0 50
1 -50.0 50
2 -50.0 50
3 -50.0 50
4 -16.0 16
5 -22.0 22
6 -21.0 21
7 -10.0 10
8 -10.0 10
9 -11.0 11
10 -9.0 9
11 -9.0 9
12 -38.0 38
13 -25.0 25
0 -31.0 31
1 -50.0 50
2 -50.0 50
3 -40.0 40
4 -50.0 50
5 -50.0 50
6 -26.0 26
7 -30.0 30
8 -10.0 10
9 -9.0 9
10 -12.0 12
11 -9.0 9
12 -8.0 8
13 -44.0 44
0 -50.0 50
1 -50.0 50
2 -50.0 50
3 -22.0 22
4 -28.0 28
5 -36.0 36
6 -50.0 50
7 -50.0 50
8 -16.0 16
9 -7.0 7
10 -10.0 10
11 -9.0 9
12 -9.0 9
13 -17.0 17
0 -25.0 25
1 -50.0 50
2 -50.0 50
3 -50.0 50
4 -50.0 50
5 -22.0 22
6 -30.0 30
7 -25.0 25
8 -21.0 21
9 -20.0 20
10 -19.0 19
11 -9.0 9
12 -11.0 11
13 -7.0 7
0 -20.0 20
1 -50.0 50
2 -50.0 50
3 -50.0 50
4 -50.0 50
5 -50.0 50
6 -22.0 22
7 -13.0 13
8 -15.0 15
9 -16.0 16
10 -44.0 44
11 -26.0 26
12 -7.0 7
13 -7.0 7
0 -50.0 50
1 -42.0 42
2 -50.0 50
3 -50.0 50
4 -50.0 50
5 -50.0 50
6 -29.0 29
7 -25.0 25
8 -21.0 21
9 -32.0 32
10 -16.0 16
11 -7.0 7
12 -7.0 7
13 -12.0 12
0 -24.0 24
1 -50.0 50
2 -50.0 50
3 -47.0 47
4 -50.0 50
5 -50.0 50
6 -35.0 35
7 -25.0 25
8 -14.0 14
9 -43.0 43
10 -24.0 24
11 -13.0 13
12 -7.0 7
13 -7.0 7
0 -50.0 50
1 -50.0 50
2 -50.0 50
3 -37.0 37
4 -50.0 50
5 -19.0 19
6 -15.0 15
7 -25.0 25
8 -42.0 42
9 -10.0 10
10 -24.0 24
11 -20.0 20
12 -12.0 12
13 -7.0 7
0 -50.0 50
1 -50.0 50
2 -50.0 50
3 -26.0 26
4 -32.0 32
5 -50.0 50
6 -50.0 50
7 -31.0 31
8 -27.0 27
9 -23.0 23
10 -8.0 8
11 -10.0 10
12 -9.0 9
13 -49.0 49
0 -40.0 40
1 -50.0 50
2 -40.0 40
3 -50.0 50
4 -50.0 50
5 -50.0 50
6 -38.0 38
7 -28.0 28
8 -10.0 10
9 -40.0 40
10 -13.0 13
11 -11.0 11
12 -16.0 16
13 -10.0 10
0 -50.0 50
1 -50.0 50
2 -50.0 50
3 -50.0 50
4 -22.0 22
5 -50.0 50
6 -24.0 24
7 -34.0 34
8 -28.0 28
9 -9.0 9
10 -7.0 7
11 -7.0 7
12 -7.0 7
13 -7.0 7
0 -50.0 50
1 -50.0 50
2 -50.0 50
3 -42.0 42
4 -35.0 35
5 -16.0 16
6 -25.0 25
7 -40.0 40
8 -13.0 13
9 -25.0 25
10 -18.0 18
11 -21.0 21
12 -25.0 25
13 -10.0 10
0 -50.0 50
1 -50.0 50
2 -50.0 50
3 -29.0 29
4 -50.0 50
5 -39.0 39
6 -23.0 23
7 -10.0 10
8 -27.0 27
9 -24.0 24
10 -14.0 14
11 -9.0 9
12 -10.0 10
13 -7.0 7
0 -19.0 19
1 -50.0 50
2 -50.0 50
3 -36.0 36
4 -50.0 50
5 -43.0 43
6 -50.0 50
7 -15.0 15
8 -50.0 50
9 -18.0 18
10 -7.0 7
11 -8.0 8
12 -7.0 7
13 -7.0 7
0 -50.0 50
1 -50.0 50
2 -50.0 50
3 -50.0 50
4 -43.0 43
5 -14.0 14
6 -26.0 26
7 -50.0 50
8 -18.0 18
9 -9.0 9
10 -12.0 12
11 -9.0 9
12 -7.0 7
13 -7.0 7
0 -36.0 36
1 -50.0 50
2 -50.0 50
3 -50.0 50
4 -50.0 50
5 -21.0 21
6 -34.0 34
7 -10.0 10
8 -9.0 9
9 -9.0 9
10 -21.0 21
11 -14.0 14
12 -13.0 13
13 -7.0 7
0 -50.0 50
1 -22.0 22
2 -50.0 50
3 -50.0 50
4 -38.0 38
5 -50.0 50
6 -28.0 28
7 -50.0 50
8 -34.0 34
9 -44.0 44
10 -12.0 12
11 -10.0 10
12 -10.0 10
13 -9.0 9
0 -50.0 50
1 -34.0 34
2 -50.0 50
3 -49.0 49
4 -49.0 49
5 -23.0 23
6 -38.0 38
7 -29.0 29
8 -29.0 29
9 -27.0 27
10 -28.0 28
11 -26.0 26
12 -17.0 17
13 -50.0 50
0 -33.0 33
1 -50.0 50
2 -50.0 50
3 -50.0 50
4 -50.0 50
5 -50.0 50
6 -34.0 34
7 -32.0 32
8 -7.0 7
9 -8.0 8
10 -8.0 8
11 -8.0 8
12 -7.0 7
13 -7.0 7
0 -49.0 49
1 -50.0 50
2 -50.0 50
3 -50.0 50
4 -39.0 39
5 -50.0 50
6 -50.0 50
7 -15.0 15
8 -7.0 7
9 -8.0 8
10 -8.0 8
11 -9.0 9
12 -7.0 7
13 -7.0 7
0 -50.0 50
1 -50.0 50
2 -24.0 24
3 -50.0 50
4 -15.0 15
5 -43.0 43
6 -50.0 50
7 -49.0 49
8 -19.0 19
9 -17.0 17
10 -11.0 11
11 -7.0 7
12 -9.0 9
13 -15.0 15
0 -50.0 50
1 -39.0 39
2 -50.0 50
3 -50.0 50
4 -33.0 33
5 -28.0 28
6 -23.0 23
7 -50.0 50
8 -31.0 31
9 -45.0 45
10 -50.0 50
11 -18.0 18
12 -17.0 17
13 -15.0 15
