0 -50.0 50
1 -11.0 11
2 -50.0 50
3 -36.0 36
4 -50.0 50
5 -50.0 50
0 -50.0 50
1 -30.0 30
2 -50.0 50
3 -50.0 50
4 -50.0 50
5 -29.0 29
0 -50.0 50
1 -50.0 50
2 -32.0 32
3 -19.0 19
4 -50.0 50
5 -50.0 50
0 -50.0 50
1 -36.0 36
2 -50.0 50
3 -36.0 36
4 -50.0 50
5 -17.0 17
0 -50.0 50
1 -31.0 31
2 -50.0 50
3 -50.0 50
4 -50.0 50
5 -19.0 19
0 -42.0 42
1 -50.0 50
2 -50.0 50
3 -50.0 50
4 -37.0 37
5 -50.0 50
0 -50.0 50
1 -50.0 50
2 -50.0 50
3 -14.0 14
4 -50.0 50
5 -50.0 50
0 -40.0 40
1 -50.0 50
2 -42.0 42
3 -50.0 50
4 -50.0 50
5 -47.0 47
0 -50.0 50
1 -50.0 50
2 -17.0 17
3 -50.0 50
4 -14.0 14
5 -50.0 50
0 -50.0 50
1 -24.0 24
2 -50.0 50
3 -50.0 50
4 -50.0 50
5 -47.0 47
0 -50.0 50
1 -50.0 50
2 -50.0 50
3 -50.0 50
4 -20.0 20
5 -14.0 14
0 -50.0 50
1 -50.0 50
2 -50.0 50
3 -43.0 43
4 -50.0 50
5 -50.0 50
0 -50.0 50
1 -50.0 50
2 -39.0 39
3 -50.0 50
4 -49.0 49
5 -49.0 49
0 -50.0 50
1 -47.0 47
2 -50.0 50
3 -50.0 50
4 -10.0 10
5 -50.0 50
0 -50.0 50
1 -50.0 50
2 -50.0 50
3 -50.0 50
4 -50.0 50
5 -46.0 46
0 -50.0 50
1 -50.0 50
2 -29.0 29
3 -50.0 50
4 -50.0 50
5 -22.0 22
0 -50.0 50
1 -50.0 50
2 -35.0 35
3 -50.0 50
4 -32.0 32
5 -50.0 50
0 -50.0 50
1 -50.0 50
2 -38.0 38
3 -24.0 24
4 -50.0 50
5 -37.0 37
0 -50.0 50
1 -34.0 34
2 -39.0 39
3 -50.0 50
4 -50.0 50
5 -50.0 50
0 -50.0 50
1 -50.0 50
2 -21.0 21
3 -18.0 18
4 -50.0 50
5 -45.0 45
0 -29.0 29
1 -50.0 50
2 -50.0 50
3 -50.0 50
4 -27.0 27
5 -50.0 50
0 -50.0 50
1 -50.0 50
2 -50.0 50
3 -14.0 14
4 -45.0 45
5 -32.0 32
0 -50.0 50
1 -23.0 23
2 -50.0 50
3 -18.0 18
4 -50.0 50
5 -44.0 44
0 -50.0 50
1 -30.0 30
2 -50.0 50
3 -47.0 47
4 -50.0 50
5 -48.0 48
0 -50.0 50
1 -50.0 50
2 -26.0 26
3 -37.0 37
4 -50.0 50
5 -50.0 50
0 -40.0 40
1 -50.0 50
2 -50.0 50
3 -26.0 26
4 -50.0 50
5 -23.0 23
0 -50.0 50
1 -44.0 44
2 -50.0 50
3 -50.0 50
4 -49.0 49
5 -50.0 50
0 -50.0 50
1 -42.0 42
2 -50.0 50
3 -48.0 48
4 -50.0 50
5 -50.0 50
0 -33.0 33
1 -50.0 50
2 -50.0 50
3 -45.0 45
4 -50.0 50
5 -29.0 29
0 -50.0 50
1 -44.0 44
2 -50.0 50
3 -50.0 50
4 -25.0 25
5 -50.0 50
0 -50.0 50
1 -39.0 39
2 -50.0 50
3 -30.0 30
4 -43.0 43
5 -50.0 50
0 -28.0 28
1 -50.0 50
2 -50.0 50
3 -50.0 50
4 -50.0 50
5 -49.0 49
0 -37.0 37
1 -50.0 50
2 -50.0 50
3 -50.0 50
4 -49.0 49
5 -50.0 50
0 -50.0 50
1 -22.0 22
2 -50.0 50
3 -29.0 29
4 -50.0 50
5 -26.0 26
0 -50.0 50
1 -50.0 50
2 -50.0 50
3 -30.0 30
4 -34.0 34
5 -50.0 50
0 -50.0 50
1 -31.0 31
2 -50.0 50
3 -50.0 50
4 -28.0 28
5 -20.0 20
0 -50.0 50
1 -50.0 50
2 -41.0 41
3 -50.0 50
4 -50.0 50
5 -49.0 49
0 -26.0 26
1 -50.0 50
2 -30.0 30
3 -50.0 50
4 -41.0 41
5 -50.0 50
0 -50.0 50
1 -50.0 50
2 -50.0 50
3 -19.0 19
4 -19.0 19
5 -50.0 50
0 -50.0 50
1 -50.0 50
2 -50.0 50
3 -26.0 26
4 -50.0 50
5 -37.0 37
0 -50.0 50
1 -50.0 50
2 -50.0 50
3 -33.0 33
4 -50.0 50
5 -50.0 50
0 -50.0 50
1 -28.0 28
2 -47.0 47
3 -50.0 50
4 -50.0 50
5 -20.0 20
0 -50.0 50
1 -44.0 44
2 -50.0 50
3 -50.0 50
4 -50.0 50
5 -25.0 25
0 -50.0 50
1 -50.0 50
2 -50.0 50
3 -36.0 36
4 -50.0 50
5 -26.0 26
0 -40.0 40
1 -50.0 50
2 -50.0 50
3 -43.0 43
4 -45.0 45
5 -50.0 50
0 -50.0 50
1 -33.0 33
2 -50.0 50
3 -17.0 17
4 -50.0 50
5 -44.0 44
0 -50.0 50
1 -50.0 50
2 -50.0 50
3 -50.0 50
4 -21.0 21
5 -15.0 15
0 -50.0 50
1 -50.0 50
2 -50.0 50
3 -50.0 50
4 -28.0 28
5 -23.0 23
0 -31.0 31
1 -50.0 50
2 -50.0 50
3 -41.0 41
4 -50.0 50
5 -50.0 50
0 -34.0 34
1 -50.0 50
2 -37.0 37
3 -50.0 50
4 -42.0 42
5 -50.0 50
0 -23.0 23
1 -50.0 50
2 -50.0 50
3 -28.0 28
4 -50.0 50
5 -42.0 42
0 -50.0 50
1 -50.0 50
2 -35.0 35
3 -17.0 17
4 -50.0 50
5 -50.0 50
0 -50.0 50
1 -43.0 43
2 -50.0 50
3 -29.0 29
4 -50.0 50
5 -50.0 50
0 -50.0 50
1 -50.0 50
2 -50.0 50
3 -30.0 30
4 -37.0 37
5 -50.0 50
0 -35.0 35
1 -50.0 50
2 -29.0 29
3 -50.0 50
4 -50.0 50
5 -29.0 29
