
0 -50.0 50
10 -7.0 7
11 -7.0 7
0 -50.0 50
10 -7.0 7
11 -7.0 7
0 -50.0 50
10 -7.0 7
11 -7.0 7
0 -50.0 50
10 -7.0 7
11 -7.0 7
0 -50.0 50
10 -7.0 7
11 -7.0 7
0 -50.0 50
10 -7.0 7
11 -7.0 7
0 -50.0 50
10 -7.0 7
11 -7.0 7
0 -50.0 50
10 -7.0 7
11 -7.0 7
0 -50.0 50
10 -7.0 7
11 -7.0 7
0 -50.0 50
10 -7.0 7
11 -7.0 7
0 -50.0 50
10 -7.0 7
11 -7.0 7
0 -50.0 50
10 -50.0 50
11 -50.0 50
0 -50.0 50
10 -50.0 50
11 -7.0 7
0 -50.0 50
10 -7.0 7
11 -7.0 7
0 -50.0 50
10 -7.0 7
11 -7.0 7
0 -50.0 50
10 -7.0 7
11 -7.0 7
0 -50.0 50
10 -7.0 7
11 -7.0 7
0 -50.0 50
10 -7.0 7
11 -7.0 7
0 -50.0 50
10 -50.0 50
11 -50.0 50
0 -50.0 50
10 -7.0 7
11 -7.0 7
0 -50.0 50
10 -7.0 7
11 -7.0 7
0 -50.0 50
10 -7.0 7
11 -7.0 7
0 -50.0 50
10 -7.0 7
11 -7.0 7
0 -50.0 50
10 -7.0 7
11 -7.0 7
0 -50.0 50
10 -7.0 7
11 -7.0 7
0 -50.0 50
10 -7.0 7
11 -7.0 7
0 -50.0 50
10 -7.0 7
11 -7.0 7
0 -50.0 50
10 -50.0 50
11 -7.0 7
0 -50.0 50
10 -7.0 7
11 -7.0 7
0 -50.0 50
10 -7.0 7
11 -7.0 7
0 -50.0 50
10 -50.0 50
11 -7.0 7
0 -50.0 50
10 -50.0 50
11 -7.0 7
0 -50.0 50
10 -7.0 7
11 -7.0 7
0 -50.0 50
10 -7.0 7
11 -7.0 7
0 -50.0 50
10 -7.0 7
11 -7.0 7
0 -50.0 50
10 -7.0 7
11 -7.0 7
0 -50.0 50
10 -7.0 7
11 -7.0 7
0 -50.0 50
10 -7.0 7
11 -7.0 7
0 -50.0 50
10 -7.0 7
11 -7.0 7
0 -50.0 50
10 -7.0 7
11 -7.0 7