0 -50.0 50
1 -50.0 50
2 -50.0 50
3 -22.0 22
4 -50.0 50
5 -42.0 42
6 -50.0 50
7 -50.0 50
8 -50.0 50
9 -11.0 11
10 -8.0 8
11 -10.0 10
12 -29.0 29
13 -9.0 9
14 -8.0 8
15 -12.0 12
16 -9.0 9
17 -7.0 7
18 -7.0 7
19 -10.0 10
20 -7.0 7
21 -7.0 7
22 -7.0 7
23 -7.0 7
24 -7.0 7
25 -7.0 7
0 -50.0 50
1 -50.0 50
2 -50.0 50
3 -22.0 22
4 -50.0 50
5 -19.0 19
6 -50.0 50
7 -42.0 42
8 -23.0 23
9 -27.0 27
10 -13.0 13
11 -18.0 18
12 -25.0 25
13 -8.0 8
14 -8.0 8
15 -8.0 8
16 -8.0 8
17 -7.0 7
18 -7.0 7
19 -8.0 8
20 -10.0 10
21 -15.0 15
22 -12.0 12
23 -7.0 7
24 -7.0 7
25 -7.0 7
0 -50.0 50
1 -16.0 16
2 -39.0 39
3 -50.0 50
4 -50.0 50
5 -50.0 50
6 -50.0 50
7 -48.0 48
8 -20.0 20
9 -11.0 11
10 -7.0 7
11 -7.0 7
12 -10.0 10
13 -9.0 9
14 -9.0 9
15 -8.0 8
16 -7.0 7
17 -8.0 8
18 -7.0 7
19 -10.0 10
20 -12.0 12
21 -9.0 9
22 -8.0 8
23 -7.0 7
24 -7.0 7
25 -7.0 7
0 -50.0 50
1 -32.0 32
2 -50.0 50
3 -50.0 50
4 -21.0 21
5 -44.0 44
6 -15.0 15
7 -18.0 18
8 -14.0 14
9 -9.0 9
10 -50.0 50
11 -50.0 50
12 -34.0 34
13 -16.0 16
14 -7.0 7
15 -7.0 7
16 -14.0 14
17 -14.0 14
18 -7.0 7
19 -9.0 9
20 -7.0 7
21 -9.0 9
22 -7.0 7
23 -7.0 7
24 -7.0 7
25 -7.0 7
0 -17.0 17
1 -50.0 50
2 -31.0 31
3 -50.0 50
4 -50.0 50
5 -50.0 50
6 -40.0 40
7 -50.0 50
8 -50.0 50
9 -10.0 10
10 -9.0 9
11 -8.0 8
12 -11.0 11
13 -8.0 8
14 -13.0 13
15 -16.0 16
16 -12.0 12
17 -7.0 7
18 -8.0 8
19 -7.0 7
20 -7.0 7
21 -7.0 7
22 -7.0 7
23 -7.0 7
24 -7.0 7
25 -7.0 7
0 -39.0 39
1 -50.0 50
2 -50.0 50
3 -50.0 50
4 -31.0 31
5 -36.0 36
6 -50.0 50
7 -13.0 13
8 -25.0 25
9 -13.0 13
10 -8.0 8
11 -7.0 7
12 -8.0 8
13 -13.0 13
14 -8.0 8
15 -7.0 7
16 -20.0 20
17 -18.0 18
18 -8.0 8
19 -7.0 7
20 -9.0 9
21 -7.0 7
22 -7.0 7
23 -8.0 8
24 -11.0 11
25 -11.0 11
0 -50.0 50
1 -50.0 50
2 -17.0 17
3 -50.0 50
4 -29.0 29
5 -50.0 50
6 -34.0 34
7 -46.0 46
8 -50.0 50
9 -50.0 50
10 -17.0 17
11 -14.0 14
12 -14.0 14
13 -10.0 10
14 -11.0 11
15 -17.0 17
16 -9.0 9
17 -7.0 7
18 -8.0 8
19 -7.0 7
20 -15.0 15
21 -10.0 10
22 -9.0 9
23 -7.0 7
24 -7.0 7
25 -7.0 7
0 -48.0 48
1 -50.0 50
2 -50.0 50
3 -50.0 50
4 -21.0 21
5 -38.0 38
6 -35.0 35
7 -32.0 32
8 -24.0 24
9 -11.0 11
10 -25.0 25
11 -26.0 26
12 -9.0 9
13 -7.0 7
14 -7.0 7
15 -7.0 7
16 -7.0 7
17 -7.0 7
18 -8.0 8
19 -8.0 8
20 -7.0 7
21 -7.0 7
22 -8.0 8
23 -7.0 7
24 -7.0 7
25 -7.0 7
0 -50.0 50
1 -33.0 33
2 -50.0 50
3 -44.0 44
4 -20.0 20
5 -50.0 50
6 -50.0 50
7 -26.0 26
8 -11.0 11
9 -7.0 7
10 -9.0 9
11 -8.0 8
12 -17.0 17
13 -18.0 18
14 -21.0 21
15 -11.0 11
16 -9.0 9
17 -9.0 9
18 -8.0 8
19 -7.0 7
20 -8.0 8
21 -7.0 7
22 -7.0 7
23 -7.0 7
24 -7.0 7
25 -7.0 7
0 -50.0 50
1 -30.0 30
2 -50.0 50
3 -43.0 43
4 -50.0 50
5 -48.0 48
6 -47.0 47
7 -19.0 19
8 -13.0 13
9 -12.0 12
10 -29.0 29
11 -11.0 11
12 -7.0 7
13 -9.0 9
14 -17.0 17
15 -7.0 7
16 -8.0 8
17 -9.0 9
18 -13.0 13
19 -10.0 10
20 -11.0 11
21 -7.0 7
22 -7.0 7
23 -7.0 7
24 -7.0 7
25 -7.0 7
0 -50.0 50
1 -50.0 50
2 -47.0 47
3 -50.0 50
4 -50.0 50
5 -50.0 50
6 -42.0 42
7 -41.0 41
8 -12.0 12
9 -12.0 12
10 -20.0 20
11 -10.0 10
12 -13.0 13
13 -12.0 12
14 -19.0 19
15 -9.0 9
16 -7.0 7
17 -8.0 8
18 -7.0 7
19 -9.0 9
20 -7.0 7
21 -9.0 9
22 -7.0 7
23 -7.0 7
24 -7.0 7
25 -7.0 7
0 -50.0 50
1 -45.0 45
2 -48.0 48
3 -50.0 50
4 -47.0 47
5 -50.0 50
6 -14.0 14
7 -29.0 29
8 -7.0 7
9 -7.0 7
10 -50.0 50
11 -9.0 9
12 -8.0 8
13 -10.0 10
14 -11.0 11
15 -9.0 9
16 -7.0 7
17 -8.0 8
18 -7.0 7
19 -7.0 7
20 -7.0 7
21 -7.0 7
22 -7.0 7
23 -9.0 9
24 -7.0 7
25 -7.0 7
0 -50.0 50
1 -50.0 50
2 -28.0 28
3 -24.0 24
4 -50.0 50
5 -28.0 28
6 -50.0 50
7 -50.0 50
8 -20.0 20
9 -43.0 43
10 -31.0 31
11 -12.0 12
12 -22.0 22
13 -14.0 14
14 -7.0 7
15 -7.0 7
16 -7.0 7
17 -9.0 9
18 -10.0 10
19 -7.0 7
20 -8.0 8
21 -9.0 9
22 -10.0 10
23 -7.0 7
24 -7.0 7
25 -7.0 7
0 -50.0 50
1 -41.0 41
2 -29.0 29
3 -50.0 50
4 -50.0 50
5 -50.0 50
6 -17.0 17
7 -26.0 26
8 -43.0 43
9 -9.0 9
10 -10.0 10
11 -11.0 11
12 -8.0 8
13 -8.0 8
14 -7.0 7
15 -8.0 8
16 -17.0 17
17 -8.0 8
18 -9.0 9
19 -15.0 15
20 -20.0 20
21 -7.0 7
22 -7.0 7
23 -7.0 7
24 -7.0 7
25 -7.0 7
0 -50.0 50
1 -50.0 50
2 -50.0 50
3 -50.0 50
4 -39.0 39
5 -14.0 14
6 -11.0 11
7 -12.0 12
8 -17.0 17
9 -21.0 21
10 -37.0 37
11 -16.0 16
12 -7.0 7
13 -9.0 9
14 -10.0 10
15 -7.0 7
16 -7.0 7
17 -7.0 7
18 -7.0 7
19 -7.0 7
20 -7.0 7
21 -7.0 7
22 -7.0 7
23 -7.0 7
24 -7.0 7
25 -7.0 7
0 -45.0 45
1 -50.0 50
2 -50.0 50
3 -50.0 50
4 -27.0 27
5 -49.0 49
6 -12.0 12
7 -10.0 10
8 -29.0 29
9 -20.0 20
10 -23.0 23
11 -15.0 15
12 -15.0 15
13 -14.0 14
14 -14.0 14
15 -11.0 11
16 -10.0 10
17 -39.0 39
18 -15.0 15
19 -12.0 12
20 -8.0 8
21 -8.0 8
22 -7.0 7
23 -7.0 7
24 -7.0 7
25 -7.0 7
0 -50.0 50
1 -42.0 42
2 -50.0 50
3 -50.0 50
4 -10.0 10
5 -50.0 50
6 -50.0 50
7 -50.0 50
8 -28.0 28
9 -11.0 11
10 -31.0 31
11 -17.0 17
12 -7.0 7
13 -12.0 12
14 -11.0 11
15 -11.0 11
16 -13.0 13
17 -7.0 7
18 -8.0 8
19 -7.0 7
20 -7.0 7
21 -8.0 8
22 -7.0 7
23 -7.0 7
24 -7.0 7
25 -7.0 7
0 -50.0 50
1 -47.0 47
2 -50.0 50
3 -50.0 50
4 -41.0 41
5 -28.0 28
6 -16.0 16
7 -10.0 10
8 -18.0 18
9 -47.0 47
10 -50.0 50
11 -17.0 17
12 -50.0 50
13 -35.0 35
14 -10.0 10
15 -16.0 16
16 -10.0 10
17 -9.0 9
18 -7.0 7
19 -8.0 8
20 -7.0 7
21 -7.0 7
22 -7.0 7
23 -7.0 7
24 -7.0 7
25 -7.0 7
0 -50.0 50
1 -50.0 50
2 -50.0 50
3 -36.0 36
4 -40.0 40
5 -27.0 27
6 -50.0 50
7 -7.0 7
8 -12.0 12
9 -22.0 22
10 -18.0 18
11 -8.0 8
12 -8.0 8
13 -9.0 9
14 -10.0 10
15 -43.0 43
16 -39.0 39
17 -20.0 20
18 -9.0 9
19 -7.0 7
20 -7.0 7
21 -7.0 7
22 -7.0 7
23 -7.0 7
24 -7.0 7
25 -7.0 7
0 -50.0 50
1 -50.0 50
2 -50.0 50
3 -50.0 50
4 -19.0 19
5 -14.0 14
6 -20.0 20
7 -50.0 50
8 -34.0 34
9 -27.0 27
10 -32.0 32
11 -23.0 23
12 -9.0 9
13 -7.0 7
14 -12.0 12
15 -18.0 18
16 -8.0 8
17 -7.0 7
18 -8.0 8
19 -7.0 7
20 -7.0 7
21 -7.0 7
22 -7.0 7
23 -7.0 7
24 -7.0 7
25 -7.0 7
