0 -24.0 24
1 -50.0 50
2 -50.0 50
3 -39.0 39
4 -50.0 50
5 -50.0 50
6 -31.0 31
7 -48.0 48
8 -9.0 9
9 -21.0 21
0 -50.0 50
1 -50.0 50
2 -50.0 50
3 -50.0 50
4 -15.0 15
5 -18.0 18
6 -50.0 50
7 -32.0 32
8 -18.0 18
9 -14.0 14
0 -50.0 50
1 -50.0 50
2 -50.0 50
3 -35.0 35
4 -42.0 42
5 -49.0 49
6 -18.0 18
7 -15.0 15
8 -14.0 14
9 -35.0 35
0 -35.0 35
1 -50.0 50
2 -50.0 50
3 -50.0 50
4 -50.0 50
5 -24.0 24
6 -50.0 50
7 -12.0 12
8 -31.0 31
9 -19.0 19
0 -50.0 50
1 -14.0 14
2 -50.0 50
3 -49.0 49
4 -32.0 32
5 -50.0 50
6 -27.0 27
7 -13.0 13
8 -15.0 15
9 -46.0 46
0 -50.0 50
1 -50.0 50
2 -31.0 31
3 -50.0 50
4 -50.0 50
5 -50.0 50
6 -22.0 22
7 -18.0 18
8 -29.0 29
9 -50.0 50
0 -36.0 36
1 -50.0 50
2 -50.0 50
3 -46.0 46
4 -50.0 50
5 -50.0 50
6 -39.0 39
7 -24.0 24
8 -9.0 9
9 -8.0 8
0 -50.0 50
1 -28.0 28
2 -50.0 50
3 -50.0 50
4 -47.0 47
5 -27.0 27
6 -13.0 13
7 -26.0 26
8 -50.0 50
9 -42.0 42
0 -42.0 42
1 -42.0 42
2 -50.0 50
3 -50.0 50
4 -50.0 50
5 -36.0 36
6 -16.0 16
7 -21.0 21
8 -13.0 13
9 -7.0 7
0 -50.0 50
1 -50.0 50
2 -32.0 32
3 -50.0 50
4 -27.0 27
5 -42.0 42
6 -35.0 35
7 -25.0 25
8 -10.0 10
9 -12.0 12
0 -50.0 50
1 -16.0 16
2 -50.0 50
3 -50.0 50
4 -50.0 50
5 -24.0 24
6 -27.0 27
7 -36.0 36
8 -35.0 35
9 -38.0 38
0 -50.0 50
1 -50.0 50
2 -50.0 50
3 -26.0 26
4 -21.0 21
5 -21.0 21
6 -45.0 45
7 -50.0 50
8 -16.0 16
9 -23.0 23
0 -50.0 50
1 -50.0 50
2 -50.0 50
3 -50.0 50
4 -28.0 28
5 -36.0 36
6 -35.0 35
7 -23.0 23
8 -13.0 13
9 -50.0 50
0 -50.0 50
1 -50.0 50
2 -29.0 29
3 -21.0 21
4 -50.0 50
5 -50.0 50
6 -36.0 36
7 -16.0 16
8 -31.0 31
9 -19.0 19
0 -50.0 50
1 -50.0 50
2 -36.0 36
3 -50.0 50
4 -19.0 19
5 -33.0 33
6 -40.0 40
7 -41.0 41
8 -19.0 19
9 -23.0 23
0 -50.0 50
1 -25.0 25
2 -50.0 50
3 -50.0 50
4 -50.0 50
5 -33.0 33
6 -50.0 50
7 -35.0 35
8 -9.0 9
9 -7.0 7
0 -50.0 50
1 -50.0 50
2 -50.0 50
3 -50.0 50
4 -46.0 46
5 -20.0 20
6 -10.0 10
7 -13.0 13
8 -50.0 50
9 -28.0 28
0 -50.0 50
1 -50.0 50
2 -13.0 13
3 -50.0 50
4 -14.0 14
5 -50.0 50
6 -47.0 47
7 -43.0 43
8 -22.0 22
9 -40.0 40
0 -50.0 50
1 -50.0 50
2 -46.0 46
3 -50.0 50
4 -41.0 41
5 -40.0 40
6 -20.0 20
7 -27.0 27
8 -36.0 36
9 -30.0 30
0 -50.0 50
1 -50.0 50
2 -25.0 25
3 -31.0 31
4 -50.0 50
5 -36.0 36
6 -22.0 22
7 -38.0 38
8 -50.0 50
9 -35.0 35
0 -50.0 50
1 -35.0 35
2 -50.0 50
3 -50.0 50
4 -22.0 22
5 -17.0 17
6 -50.0 50
7 -50.0 50
8 -50.0 50
9 -10.0 10
0 -50.0 50
1 -35.0 35
2 -50.0 50
3 -40.0 40
4 -36.0 36
5 -50.0 50
6 -26.0 26
7 -16.0 16
8 -18.0 18
9 -26.0 26
0 -50.0 50
1 -50.0 50
2 -27.0 27
3 -50.0 50
4 -50.0 50
5 -18.0 18
6 -20.0 20
7 -17.0 17
8 -35.0 35
9 -49.0 49
0 -34.0 34
1 -50.0 50
2 -50.0 50
3 -50.0 50
4 -50.0 50
5 -36.0 36
6 -50.0 50
7 -18.0 18
8 -13.0 13
9 -18.0 18
0 -50.0 50
1 -27.0 27
2 -50.0 50
3 -50.0 50
4 -50.0 50
5 -45.0 45
6 -32.0 32
7 -24.0 24
8 -50.0 50
9 -50.0 50
0 -50.0 50
1 -50.0 50
2 -43.0 43
3 -37.0 37
4 -50.0 50
5 -47.0 47
6 -44.0 44
7 -32.0 32
8 -25.0 25
9 -7.0 7
0 -50.0 50
1 -50.0 50
2 -34.0 34
3 -38.0 38
4 -50.0 50
5 -50.0 50
6 -38.0 38
7 -50.0 50
8 -45.0 45
9 -32.0 32
0 -30.0 30
1 -50.0 50
2 -50.0 50
3 -39.0 39
4 -50.0 50
5 -41.0 41
6 -19.0 19
7 -29.0 29
8 -40.0 40
9 -7.0 7
0 -50.0 50
1 -50.0 50
2 -50.0 50
3 -50.0 50
4 -20.0 20
5 -21.0 21
6 -13.0 13
7 -49.0 49
8 -24.0 24
9 -23.0 23
0 -50.0 50
1 -31.0 31
2 -49.0 49
3 -50.0 50
4 -31.0 31
5 -50.0 50
6 -50.0 50
7 -46.0 46
8 -18.0 18
9 -11.0 11
0 -50.0 50
1 -50.0 50
2 -16.0 16
3 -50.0 50
4 -42.0 42
5 -36.0 36
6 -50.0 50
7 -50.0 50
8 -14.0 14
9 -11.0 11
0 -50.0 50
1 -50.0 50
2 -32.0 32
3 -50.0 50
4 -24.0 24
5 -28.0 28
6 -23.0 23
7 -33.0 33
8 -50.0 50
9 -22.0 22
0 -50.0 50
1 -50.0 50
2 -15.0 15
3 -50.0 50
4 -50.0 50
5 -35.0 35
6 -24.0 24
7 -30.0 30
8 -50.0 50
9 -9.0 9
0 -50.0 50
1 -40.0 40
2 -49.0 49
3 -50.0 50
4 -50.0 50
5 -50.0 50
6 -31.0 31
7 -23.0 23
8 -10.0 10
9 -8.0 8
0 -50.0 50
1 -19.0 19
2 -50.0 50
3 -50.0 50
4 -50.0 50
5 -50.0 50
6 -36.0 36
7 -50.0 50
8 -16.0 16
9 -11.0 11
0 -50.0 50
1 -50.0 50
2 -41.0 41
3 -50.0 50
4 -33.0 33
5 -50.0 50
6 -24.0 24
7 -15.0 15
8 -13.0 13
9 -7.0 7
0 -50.0 50
1 -50.0 50
2 -50.0 50
3 -31.0 31
4 -50.0 50
5 -50.0 50
6 -29.0 29
7 -33.0 33
8 -21.0 21
9 -11.0 11
0 -46.0 46
1 -50.0 50
2 -50.0 50
3 -37.0 37
4 -50.0 50
5 -50.0 50
6 -29.0 29
7 -9.0 9
8 -7.0 7
9 -10.0 10
0 -50.0 50
1 -50.0 50
2 -41.0 41
3 -50.0 50
4 -50.0 50
5 -36.0 36
6 -26.0 26
7 -30.0 30
8 -42.0 42
9 -11.0 11
0 -50.0 50
1 -24.0 24
2 -50.0 50
3 -50.0 50
4 -50.0 50
5 -45.0 45
6 -43.0 43
7 -24.0 24
8 -36.0 36
9 -39.0 39
