0 -21.0 21
1 -50.0 50
2 -50.0 50
3 -50.0 50
4 -50.0 50
5 -50.0 50
6 -25.0 25
7 -25.0 25
8 -26.0 26
9 -22.0 22
10 -16.0 16
11 -15.0 15
12 -50.0 50
13 -12.0 12
0 -50.0 50
1 -50.0 50
2 -26.0 26
3 -50.0 50
4 -38.0 38
5 -36.0 36
6 -50.0 50
7 -22.0 22
8 -17.0 17
9 -7.0 7
10 -11.0 11
11 -11.0 11
12 -7.0 7
13 -7.0 7
0 -35.0 35
1 -50.0 50
2 -50.0 50
3 -46.0 46
4 -50.0 50
5 -24.0 24
6 -50.0 50
7 -15.0 15
8 -14.0 14
9 -25.0 25
10 -16.0 16
11 -50.0 50
12 -22.0 22
13 -9.0 9
0 -50.0 50
1 -50.0 50
2 -48.0 48
3 -44.0 44
4 -50.0 50
5 -41.0 41
6 -19.0 19
7 -21.0 21
8 -10.0 10
9 -10.0 10
10 -50.0 50
11 -18.0 18
12 -8.0 8
13 -7.0 7
0 -50.0 50
1 -50.0 50
2 -29.0 29
3 -50.0 50
4 -25.0 25
5 -18.0 18
6 -41.0 41
7 -32.0 32
8 -38.0 38
9 -14.0 14
10 -11.0 11
11 -22.0 22
12 -10.0 10
13 -7.0 7
0 -34.0 34
1 -50.0 50
2 -50.0 50
3 -50.0 50
4 -42.0 42
5 -21.0 21
6 -50.0 50
7 -50.0 50
8 -20.0 20
9 -31.0 31
10 -10.0 10
11 -10.0 10
12 -10.0 10
13 -9.0 9
0 -50.0 50
1 -50.0 50
2 -50.0 50
3 -26.0 26
4 -31.0 31
5 -22.0 22
6 -50.0 50
7 -23.0 23
8 -20.0 20
9 -11.0 11
10 -8.0 8
11 -18.0 18
12 -14.0 14
13 -7.0 7
0 -50.0 50
1 -45.0 45
2 -50.0 50
3 -50.0 50
4 -35.0 35
5 -40.0 40
6 -50.0 50
7 -22.0 22
8 -13.0 13
9 -10.0 10
10 -9.0 9
11 -8.0 8
12 -10.0 10
13 -7.0 7
0 -35.0 35
1 -50.0 50
2 -50.0 50
3 -50.0 50
4 -50.0 50
5 -41.0 41
6 -37.0 37
7 -14.0 14
8 -15.0 15
9 -15.0 15
10 -26.0 26
11 -16.0 16
12 -7.0 7
13 -7.0 7
0 -50.0 50
1 -50.0 50
2 -41.0 41
3 -26.0 26
4 -50.0 50
5 -28.0 28
6 -45.0 45
7 -18.0 18
8 -30.0 30
9 -27.0 27
10 -9.0 9
11 -7.0 7
12 -13.0 13
13 -13.0 13
0 -50.0 50
1 -50.0 50
2 -50.0 50
3 -39.0 39
4 -46.0 46
5 -16.0 16
6 -15.0 15
7 -36.0 36
8 -16.0 16
9 -10.0 10
10 -22.0 22
11 -42.0 42
12 -13.0 13
13 -14.0 14
0 -50.0 50
1 -50.0 50
2 -50.0 50
3 -21.0 21
4 -39.0 39
5 -50.0 50
6 -46.0 46
7 -16.0 16
8 -13.0 13
9 -13.0 13
10 -50.0 50
11 -22.0 22
12 -21.0 21
13 -11.0 11
0 -50.0 50
1 -50.0 50
2 -50.0 50
3 -50.0 50
4 -40.0 40
5 -12.0 12
6 -30.0 30
7 -23.0 23
8 -47.0 47
9 -9.0 9
10 -7.0 7
11 -9.0 9
12 -11.0 11
13 -18.0 18
0 -50.0 50
1 -50.0 50
2 -26.0 26
3 -33.0 33
4 -50.0 50
5 -28.0 28
6 -27.0 27
7 -50.0 50
8 -17.0 17
9 -14.0 14
10 -11.0 11
11 -21.0 21
12 -7.0 7
13 -7.0 7
0 -20.0 20
1 -50.0 50
2 -50.0 50
3 -50.0 50
4 -50.0 50
5 -30.0 30
6 -22.0 22
7 -16.0 16
8 -14.0 14
9 -50.0 50
10 -18.0 18
11 -13.0 13
12 -7.0 7
13 -12.0 12
0 -50.0 50
1 -46.0 46
2 -50.0 50
3 -41.0 41
4 -50.0 50
5 -50.0 50
6 -46.0 46
7 -19.0 19
8 -11.0 11
9 -9.0 9
10 -9.0 9
11 -10.0 10
12 -7.0 7
13 -7.0 7
0 -50.0 50
1 -50.0 50
2 -50.0 50
3 -23.0 23
4 -35.0 35
5 -50.0 50
6 -29.0 29
7 -50.0 50
8 -13.0 13
9 -8.0 8
10 -8.0 8
11 -19.0 19
12 -10.0 10
13 -16.0 16
0 -50.0 50
1 -50.0 50
2 -50.0 50
3 -31.0 31
4 -35.0 35
5 -50.0 50
6 -10.0 10
7 -29.0 29
8 -34.0 34
9 -17.0 17
10 -8.0 8
11 -9.0 9
12 -8.0 8
13 -7.0 7
0 -50.0 50
1 -50.0 50
2 -50.0 50
3 -27.0 27
4 -50.0 50
5 -30.0 30
6 -50.0 50
7 -21.0 21
8 -9.0 9
9 -21.0 21
10 -30.0 30
11 -10.0 10
12 -10.0 10
13 -7.0 7
0 -50.0 50
1 -31.0 31
2 -50.0 50
3 -50.0 50
4 -50.0 50
5 -50.0 50
6 -19.0 19
7 -8.0 8
8 -10.0 10
9 -12.0 12
10 -20.0 20
11 -13.0 13
12 -8.0 8
13 -7.0 7
0 -50.0 50
1 -50.0 50
2 -50.0 50
3 -50.0 50
4 -21.0 21
5 -50.0 50
6 -50.0 50
7 -16.0 16
8 -8.0 8
9 -8.0 8
10 -10.0 10
11 -12.0 12
12 -7.0 7
13 -11.0 11
0 -50.0 50
1 -50.0 50
2 -28.0 28
3 -50.0 50
4 -31.0 31
5 -19.0 19
6 -18.0 18
7 -32.0 32
8 -20.0 20
9 -24.0 24
10 -23.0 23
11 -36.0 36
12 -21.0 21
13 -11.0 11
0 -50.0 50
1 -50.0 50
2 -37.0 37
3 -50.0 50
4 -50.0 50
5 -50.0 50
6 -20.0 20
7 -22.0 22
8 -19.0 19
9 -15.0 15
10 -12.0 12
11 -17.0 17
12 -13.0 13
13 -7.0 7
0 -50.0 50
1 -50.0 50
2 -50.0 50
3 -48.0 48
4 -28.0 28
5 -10.0 10
6 -15.0 15
7 -39.0 39
8 -24.0 24
9 -14.0 14
10 -50.0 50
11 -10.0 10
12 -9.0 9
13 -8.0 8
0 -50.0 50
1 -50.0 50
2 -50.0 50
3 -20.0 20
4 -17.0 17
5 -50.0 50
6 -50.0 50
7 -19.0 19
8 -11.0 11
9 -9.0 9
10 -7.0 7
11 -7.0 7
12 -7.0 7
13 -7.0 7
0 -44.0 44
1 -50.0 50
2 -50.0 50
3 -48.0 48
4 -50.0 50
5 -50.0 50
6 -9.0 9
7 -13.0 13
8 -50.0 50
9 -50.0 50
10 -12.0 12
11 -7.0 7
12 -7.0 7
13 -7.0 7
0 -50.0 50
1 -50.0 50
2 -40.0 40
3 -50.0 50
4 -35.0 35
5 -50.0 50
6 -23.0 23
7 -19.0 19
8 -50.0 50
9 -14.0 14
10 -9.0 9
11 -14.0 14
12 -7.0 7
13 -30.0 30
0 -50.0 50
1 -50.0 50
2 -50.0 50
3 -50.0 50
4 -22.0 22
5 -40.0 40
6 -41.0 41
7 -15.0 15
8 -27.0 27
9 -31.0 31
10 -11.0 11
11 -49.0 49
12 -50.0 50
13 -12.0 12
0 -50.0 50
1 -50.0 50
2 -50.0 50
3 -22.0 22
4 -29.0 29
5 -50.0 50
6 -11.0 11
7 -13.0 13
8 -7.0 7
9 -14.0 14
10 -8.0 8
11 -43.0 43
12 -33.0 33
13 -12.0 12
0 -21.0 21
1 -50.0 50
2 -50.0 50
3 -50.0 50
4 -50.0 50
5 -50.0 50
6 -50.0 50
7 -7.0 7
8 -8.0 8
9 -7.0 7
10 -7.0 7
11 -7.0 7
12 -11.0 11
13 -7.0 7
0 -50.0 50
1 -50.0 50
2 -14.0 14
3 -50.0 50
4 -50.0 50
5 -50.0 50
6 -21.0 21
7 -11.0 11
8 -10.0 10
9 -13.0 13
10 -32.0 32
11 -26.0 26
12 -7.0 7
13 -7.0 7
0 -50.0 50
1 -50.0 50
2 -50.0 50
3 -50.0 50
4 -28.0 28
5 -19.0 19
6 -16.0 16
7 -50.0 50
8 -28.0 28
9 -38.0 38
10 -10.0 10
11 -13.0 13
12 -7.0 7
13 -7.0 7
0 -50.0 50
1 -50.0 50
2 -50.0 50
3 -34.0 34
4 -50.0 50
5 -24.0 24
6 -14.0 14
7 -50.0 50
8 -50.0 50
9 -16.0 16
10 -11.0 11
11 -13.0 13
12 -11.0 11
13 -12.0 12
0 -14.0 14
1 -50.0 50
2 -50.0 50
3 -50.0 50
4 -26.0 26
5 -50.0 50
6 -38.0 38
7 -50.0 50
8 -10.0 10
9 -50.0 50
10 -31.0 31
11 -9.0 9
12 -9.0 9
13 -7.0 7
0 -29.0 29
1 -50.0 50
2 -50.0 50
3 -36.0 36
4 -50.0 50
5 -43.0 43
6 -13.0 13
7 -47.0 47
8 -20.0 20
9 -28.0 28
10 -15.0 15
11 -24.0 24
12 -15.0 15
13 -16.0 16
0 -50.0 50
1 -50.0 50
2 -50.0 50
3 -50.0 50
4 -29.0 29
5 -10.0 10
6 -33.0 33
7 -50.0 50
8 -50.0 50
9 -12.0 12
10 -7.0 7
11 -11.0 11
12 -12.0 12
13 -7.0 7
0 -50.0 50
1 -50.0 50
2 -50.0 50
3 -36.0 36
4 -48.0 48
5 -50.0 50
6 -17.0 17
7 -8.0 8
8 -8.0 8
9 -9.0 9
10 -31.0 31
11 -10.0 10
12 -8.0 8
13 -7.0 7
0 -37.0 37
1 -50.0 50
2 -50.0 50
3 -50.0 50
4 -19.0 19
5 -50.0 50
6 -50.0 50
7 -50.0 50
8 -15.0 15
9 -8.0 8
10 -11.0 11
11 -8.0 8
12 -7.0 7
13 -7.0 7
0 -50.0 50
1 -50.0 50
2 -47.0 47
3 -50.0 50
4 -50.0 50
5 -50.0 50
6 -23.0 23
7 -16.0 16
8 -12.0 12
9 -10.0 10
10 -8.0 8
11 -10.0 10
12 -7.0 7
13 -7.0 7
0 -50.0 50
1 -29.0 29
2 -50.0 50
3 -14.0 14
4 -50.0 50
5 -50.0 50
6 -40.0 40
7 -50.0 50
8 -26.0 26
9 -12.0 12
10 -7.0 7
11 -9.0 9
12 -8.0 8
13 -7.0 7
