
0 -50.0 50
10 -50.0 50
20 -7.0 7
30 -7.0 7
40 -7.0 7
50 -7.0 7
60 -7.0 7
70 -7.0 7
80 -7.0 7
90 -7.0 7
100 -7.0 7
110 -7.0 7
120 -7.0 7
130 -7.0 7
140 -7.0 7
150 -7.0 7
160 -7.0 7
170 -7.0 7
180 -7.0 7
190 -7.0 7
199 -7.0 7
0 -50.0 50
10 -50.0 50
20 -50.0 50
30 -7.0 7
40 -7.0 7
50 -7.0 7
60 -7.0 7
70 -7.0 7
80 -7.0 7
90 -7.0 7
100 -7.0 7
110 -7.0 7
120 -7.0 7
130 -7.0 7
140 -7.0 7
150 -7.0 7
160 -7.0 7
170 -7.0 7
180 -7.0 7
190 -7.0 7
199 -7.0 7
0 -50.0 50
10 -50.0 50
20 -50.0 50
30 -7.0 7
40 -7.0 7
50 -7.0 7
60 -7.0 7
70 -7.0 7
80 -7.0 7
90 -7.0 7
100 -7.0 7
110 -7.0 7
120 -7.0 7
130 -7.0 7
140 -7.0 7
150 -7.0 7
160 -7.0 7
170 -7.0 7
180 -7.0 7
190 -7.0 7
199 -7.0 7
0 -50.0 50
10 -50.0 50
20 -7.0 7
30 -7.0 7
40 -7.0 7
50 -7.0 7
60 -7.0 7
70 -7.0 7
80 -7.0 7
90 -7.0 7
100 -7.0 7
110 -7.0 7
120 -7.0 7
130 -7.0 7
140 -7.0 7
150 -7.0 7
160 -7.0 7
170 -7.0 7
180 -7.0 7
190 -7.0 7
199 -7.0 7
0 -50.0 50
10 -50.0 50
20 -7.0 7
30 -7.0 7
40 -7.0 7
50 -7.0 7
60 -7.0 7
70 -7.0 7
80 -7.0 7
90 -7.0 7
100 -7.0 7
110 -7.0 7
120 -7.0 7
130 -7.0 7
140 -7.0 7
150 -7.0 7
160 -7.0 7
170 -7.0 7
180 -7.0 7
190 -7.0 7
199 -7.0 7
0 -50.0 50
10 -50.0 50
20 -7.0 7
30 -7.0 7
40 -7.0 7
50 -7.0 7
60 -7.0 7
70 -7.0 7
80 -7.0 7
90 -7.0 7
100 -7.0 7
110 -7.0 7
120 -7.0 7
130 -7.0 7
140 -7.0 7
150 -7.0 7
160 -7.0 7
170 -7.0 7
180 -7.0 7
190 -7.0 7
199 -7.0 7
0 -50.0 50
10 -50.0 50
20 -7.0 7
30 -7.0 7
40 -7.0 7
50 -7.0 7
60 -7.0 7
70 -50.0 50
80 -7.0 7
90 -7.0 7
100 -7.0 7
110 -7.0 7
120 -7.0 7
130 -7.0 7
140 -7.0 7
150 -7.0 7
160 -7.0 7
170 -7.0 7
180 -7.0 7
190 -7.0 7
199 -7.0 7
0 -50.0 50
10 -50.0 50
20 -7.0 7
30 -7.0 7
40 -7.0 7
50 -7.0 7
60 -7.0 7
70 -7.0 7
80 -7.0 7
90 -7.0 7
100 -7.0 7
110 -7.0 7
120 -7.0 7
130 -7.0 7
140 -7.0 7
150 -7.0 7
160 -7.0 7
170 -7.0 7
180 -7.0 7
190 -7.0 7
199 -7.0 7
0 -50.0 50
10 -7.0 7
20 -7.0 7
30 -7.0 7
40 -7.0 7
50 -7.0 7
60 -7.0 7
70 -7.0 7
80 -7.0 7
90 -7.0 7
100 -7.0 7
110 -7.0 7
120 -7.0 7
130 -7.0 7
140 -7.0 7
150 -7.0 7
160 -7.0 7
170 -7.0 7
180 -7.0 7
190 -7.0 7
199 -7.0 7
0 -50.0 50
10 -7.0 7
20 -7.0 7
30 -7.0 7
40 -7.0 7
50 -7.0 7
60 -7.0 7
70 -7.0 7
80 -7.0 7
90 -7.0 7
100 -7.0 7
110 -7.0 7
120 -7.0 7
130 -7.0 7
140 -7.0 7
150 -7.0 7
160 -7.0 7
170 -7.0 7
180 -7.0 7
190 -7.0 7
199 -7.0 7
0 -50.0 50
10 -50.0 50
20 -50.0 50
30 -7.0 7
40 -7.0 7
50 -7.0 7
60 -7.0 7
70 -7.0 7
80 -7.0 7
90 -7.0 7
100 -7.0 7
110 -7.0 7
120 -7.0 7
130 -7.0 7
140 -7.0 7
150 -7.0 7
160 -7.0 7
170 -7.0 7
180 -7.0 7
190 -7.0 7
199 -7.0 7
0 -50.0 50
10 -50.0 50
20 -7.0 7
30 -7.0 7
40 -7.0 7
50 -7.0 7
60 -7.0 7
70 -7.0 7
80 -7.0 7
90 -7.0 7
100 -7.0 7
110 -7.0 7
120 -7.0 7
130 -7.0 7
140 -7.0 7
150 -7.0 7
160 -7.0 7
170 -7.0 7
180 -7.0 7
190 -7.0 7
199 -7.0 7
0 -50.0 50
10 -50.0 50
20 -7.0 7
30 -7.0 7
40 -7.0 7
50 -7.0 7
60 -7.0 7
70 -7.0 7
80 -7.0 7
90 -7.0 7
100 -7.0 7
110 -7.0 7
120 -7.0 7
130 -7.0 7
140 -7.0 7
150 -7.0 7
160 -7.0 7
170 -7.0 7
180 -7.0 7
190 -7.0 7
199 -7.0 7
0 -50.0 50
10 -50.0 50
20 -7.0 7
30 -7.0 7
40 -7.0 7
50 -7.0 7
60 -7.0 7
70 -7.0 7
80 -7.0 7
90 -7.0 7
100 -7.0 7
110 -7.0 7
120 -7.0 7
130 -7.0 7
140 -7.0 7
150 -7.0 7
160 -7.0 7
170 -7.0 7
180 -7.0 7
190 -7.0 7
199 -7.0 7
0 -50.0 50
10 -50.0 50
20 -50.0 50
30 -7.0 7
40 -7.0 7
50 -7.0 7
60 -7.0 7
70 -7.0 7
80 -7.0 7
90 -7.0 7
100 -7.0 7
110 -7.0 7
120 -7.0 7
130 -7.0 7
140 -7.0 7
150 -7.0 7
160 -7.0 7
170 -7.0 7
180 -7.0 7
190 -7.0 7
199 -7.0 7
0 -50.0 50
10 -50.0 50
20 -7.0 7
30 -7.0 7
40 -7.0 7
50 -7.0 7
60 -7.0 7
70 -7.0 7
80 -7.0 7
90 -7.0 7
100 -7.0 7
110 -7.0 7
120 -7.0 7
130 -7.0 7
140 -7.0 7
150 -7.0 7
160 -7.0 7
170 -7.0 7
180 -7.0 7
190 -7.0 7
199 -7.0 7
0 -50.0 50
10 -50.0 50
20 -50.0 50
30 -7.0 7
40 -7.0 7
50 -7.0 7
60 -7.0 7
70 -7.0 7
80 -7.0 7
90 -7.0 7
100 -7.0 7
110 -7.0 7
120 -7.0 7
130 -7.0 7
140 -7.0 7
150 -7.0 7
160 -7.0 7
170 -7.0 7
180 -7.0 7
190 -7.0 7
199 -7.0 7
0 -50.0 50
10 -50.0 50
20 -50.0 50
30 -7.0 7
40 -7.0 7
50 -7.0 7
60 -7.0 7
70 -7.0 7
80 -7.0 7
90 -7.0 7
100 -7.0 7
110 -7.0 7
120 -7.0 7
130 -7.0 7
140 -7.0 7
150 -7.0 7
160 -7.0 7
170 -7.0 7
180 -7.0 7
190 -7.0 7
199 -7.0 7
0 -50.0 50
10 -7.0 7
20 -7.0 7
30 -7.0 7
40 -7.0 7
50 -7.0 7
60 -7.0 7
70 -7.0 7
80 -7.0 7
90 -7.0 7
100 -7.0 7
110 -7.0 7
120 -7.0 7
130 -7.0 7
140 -7.0 7
150 -7.0 7
160 -7.0 7
170 -7.0 7
180 -7.0 7
190 -7.0 7
199 -7.0 7
0 -50.0 50
10 -50.0 50
20 -7.0 7
30 -7.0 7
40 -7.0 7
50 -7.0 7
60 -7.0 7
70 -7.0 7
80 -7.0 7
90 -7.0 7
100 -7.0 7
110 -7.0 7
120 -7.0 7
130 -7.0 7
140 -7.0 7
150 -7.0 7
160 -7.0 7
170 -7.0 7
180 -7.0 7
190 -7.0 7
199 -7.0 7