0 -50.0 50
1 -50.0 50
2 -47.0 47
3 -49.0 49
4 -50.0 50
5 -35.0 35
6 -50.0 50
7 -10.0 10
8 -7.0 7
9 -7.0 7
10 -9.0 9
11 -17.0 17
12 -11.0 11
13 -10.0 10
14 -7.0 7
15 -7.0 7
16 -7.0 7
17 -11.0 11
18 -7.0 7
19 -9.0 9
20 -7.0 7
21 -7.0 7
22 -9.0 9
23 -12.0 12
24 -7.0 7
25 -7.0 7
26 -7.0 7
27 -7.0 7
28 -8.0 8
29 -7.0 7
30 -7.0 7
31 -8.0 8
32 -7.0 7
33 -12.0 12
34 -8.0 8
35 -10.0 10
36 -7.0 7
37 -9.0 9
38 -7.0 7
39 -9.0 9
40 -10.0 10
41 -8.0 8
42 -10.0 10
43 -7.0 7
44 -7.0 7
45 -8.0 8
46 -7.0 7
47 -9.0 9
48 -7.0 7
49 -9.0 9
50 -7.0 7
51 -8.0 8
52 -7.0 7
53 -8.0 8
54 -7.0 7
55 -7.0 7
56 -7.0 7
57 -10.0 10
58 -8.0 8
59 -7.0 7
60 -7.0 7
61 -7.0 7
62 -7.0 7
63 -11.0 11
64 -7.0 7
65 -8.0 8
66 -7.0 7
67 -9.0 9
68 -8.0 8
69 -8.0 8
70 -7.0 7
71 -7.0 7
72 -7.0 7
73 -7.0 7
74 -7.0 7
75 -8.0 8
76 -8.0 8
77 -8.0 8
78 -8.0 8
79 -7.0 7
80 -7.0 7
81 -10.0 10
82 -7.0 7
83 -9.0 9
84 -7.0 7
85 -7.0 7
86 -8.0 8
87 -8.0 8
88 -7.0 7
89 -10.0 10
90 -10.0 10
91 -8.0 8
92 -7.0 7
93 -7.0 7
94 -9.0 9
95 -8.0 8
96 -8.0 8
97 -7.0 7
98 -7.0 7
99 -10.0 10
100 -8.0 8
101 -7.0 7
102 -7.0 7
103 -7.0 7
104 -7.0 7
105 -7.0 7
106 -7.0 7
107 -7.0 7
108 -9.0 9
109 -7.0 7
110 -7.0 7
111 -8.0 8
112 -7.0 7
113 -9.0 9
114 -8.0 8
115 -7.0 7
116 -8.0 8
117 -12.0 12
118 -9.0 9
119 -8.0 8
120 -7.0 7
121 -7.0 7
122 -7.0 7
123 -8.0 8
124 -7.0 7
125 -7.0 7
126 -10.0 10
127 -8.0 8
128 -7.0 7
129 -7.0 7
130 -7.0 7
131 -7.0 7
132 -7.0 7
133 -8.0 8
134 -8.0 8
135 -11.0 11
136 -7.0 7
137 -8.0 8
138 -8.0 8
139 -8.0 8
140 -9.0 9
141 -7.0 7
142 -7.0 7
143 -7.0 7
144 -9.0 9
145 -7.0 7
146 -7.0 7
147 -7.0 7
148 -8.0 8
149 -9.0 9
150 -11.0 11
151 -9.0 9
152 -7.0 7
153 -7.0 7
154 -7.0 7
155 -8.0 8
156 -7.0 7
157 -7.0 7
158 -7.0 7
159 -7.0 7
160 -7.0 7
161 -7.0 7
162 -7.0 7
163 -7.0 7
164 -7.0 7
165 -7.0 7
166 -7.0 7
167 -7.0 7
168 -7.0 7
169 -7.0 7
170 -7.0 7
171 -7.0 7
172 -7.0 7
173 -7.0 7
174 -7.0 7
175 -7.0 7
176 -7.0 7
177 -7.0 7
178 -7.0 7
179 -7.0 7
180 -7.0 7
181 -7.0 7
182 -7.0 7
183 -7.0 7
184 -7.0 7
185 -7.0 7
186 -7.0 7
187 -7.0 7
188 -7.0 7
189 -7.0 7
190 -7.0 7
191 -7.0 7
192 -7.0 7
193 -7.0 7
194 -7.0 7
195 -7.0 7
196 -7.0 7
197 -7.0 7
198 -7.0 7
199 -7.0 7
0 -50.0 50
1 -50.0 50
2 -50.0 50
3 -50.0 50
4 -37.0 37
5 -19.0 19
6 -47.0 47
7 -10.0 10
8 -19.0 19
9 -18.0 18
10 -11.0 11
11 -11.0 11
12 -14.0 14
13 -9.0 9
14 -12.0 12
15 -11.0 11
16 -10.0 10
17 -8.0 8
18 -9.0 9
19 -7.0 7
20 -10.0 10
21 -13.0 13
22 -7.0 7
23 -8.0 8
24 -11.0 11
25 -9.0 9
26 -14.0 14
27 -12.0 12
28 -9.0 9
29 -7.0 7
30 -7.0 7
31 -12.0 12
32 -16.0 16
33 -19.0 19
34 -13.0 13
35 -7.0 7
36 -7.0 7
37 -7.0 7
38 -8.0 8
39 -8.0 8
40 -9.0 9
41 -7.0 7
42 -9.0 9
43 -8.0 8
44 -7.0 7
45 -14.0 14
46 -7.0 7
47 -7.0 7
48 -8.0 8
49 -7.0 7
50 -10.0 10
51 -7.0 7
52 -7.0 7
53 -8.0 8
54 -9.0 9
55 -7.0 7
56 -7.0 7
57 -9.0 9
58 -8.0 8
59 -8.0 8
60 -8.0 8
61 -8.0 8
62 -7.0 7
63 -7.0 7
64 -7.0 7
65 -7.0 7
66 -7.0 7
67 -9.0 9
68 -10.0 10
69 -7.0 7
70 -7.0 7
71 -8.0 8
72 -7.0 7
73 -8.0 8
74 -7.0 7
75 -7.0 7
76 -8.0 8
77 -7.0 7
78 -7.0 7
79 -9.0 9
80 -7.0 7
81 -8.0 8
82 -7.0 7
83 -7.0 7
84 -7.0 7
85 -9.0 9
86 -7.0 7
87 -7.0 7
88 -8.0 8
89 -7.0 7
90 -7.0 7
91 -9.0 9
92 -7.0 7
93 -8.0 8
94 -7.0 7
95 -13.0 13
96 -7.0 7
97 -7.0 7
98 -10.0 10
99 -7.0 7
100 -8.0 8
101 -7.0 7
102 -7.0 7
103 -7.0 7
104 -8.0 8
105 -7.0 7
106 -7.0 7
107 -12.0 12
108 -9.0 9
109 -7.0 7
110 -9.0 9
111 -8.0 8
112 -7.0 7
113 -9.0 9
114 -7.0 7
115 -7.0 7
116 -9.0 9
117 -7.0 7
118 -10.0 10
119 -7.0 7
120 -7.0 7
121 -8.0 8
122 -7.0 7
123 -7.0 7
124 -7.0 7
125 -8.0 8
126 -8.0 8
127 -7.0 7
128 -7.0 7
129 -7.0 7
130 -7.0 7
131 -7.0 7
132 -7.0 7
133 -14.0 14
134 -7.0 7
135 -8.0 8
136 -9.0 9
137 -7.0 7
138 -8.0 8
139 -8.0 8
140 -7.0 7
141 -7.0 7
142 -9.0 9
143 -7.0 7
144 -7.0 7
145 -10.0 10
146 -10.0 10
147 -7.0 7
148 -8.0 8
149 -7.0 7
150 -8.0 8
151 -8.0 8
152 -9.0 9
153 -7.0 7
154 -7.0 7
155 -7.0 7
156 -7.0 7
157 -8.0 8
158 -7.0 7
159 -7.0 7
160 -8.0 8
161 -7.0 7
162 -7.0 7
163 -7.0 7
164 -7.0 7
165 -7.0 7
166 -7.0 7
167 -7.0 7
168 -7.0 7
169 -7.0 7
170 -7.0 7
171 -7.0 7
172 -7.0 7
173 -7.0 7
174 -7.0 7
175 -7.0 7
176 -7.0 7
177 -7.0 7
178 -7.0 7
179 -7.0 7
180 -7.0 7
181 -7.0 7
182 -7.0 7
183 -7.0 7
184 -7.0 7
185 -7.0 7
186 -7.0 7
187 -7.0 7
188 -7.0 7
189 -7.0 7
190 -7.0 7
191 -7.0 7
192 -7.0 7
193 -7.0 7
194 -7.0 7
195 -7.0 7
196 -7.0 7
197 -7.0 7
198 -7.0 7
199 -7.0 7
0 -50.0 50
1 -50.0 50
2 -50.0 50
3 -14.0 14
4 -50.0 50
5 -50.0 50
6 -20.0 20
7 -19.0 19
8 -50.0 50
9 -15.0 15
10 -14.0 14
11 -11.0 11
12 -7.0 7
13 -9.0 9
14 -7.0 7
15 -7.0 7
16 -9.0 9
17 -9.0 9
18 -8.0 8
19 -19.0 19
20 -8.0 8
21 -10.0 10
22 -14.0 14
23 -9.0 9
24 -7.0 7
25 -7.0 7
26 -9.0 9
27 -12.0 12
28 -7.0 7
29 -8.0 8
30 -7.0 7
31 -7.0 7
32 -8.0 8
33 -7.0 7
34 -7.0 7
35 -8.0 8
36 -7.0 7
37 -9.0 9
38 -7.0 7
39 -8.0 8
40 -7.0 7
41 -7.0 7
42 -7.0 7
43 -8.0 8
44 -7.0 7
45 -8.0 8
46 -7.0 7
47 -7.0 7
48 -7.0 7
49 -7.0 7
50 -7.0 7
51 -7.0 7
52 -7.0 7
53 -7.0 7
54 -7.0 7
55 -7.0 7
56 -7.0 7
57 -13.0 13
58 -12.0 12
59 -8.0 8
60 -7.0 7
61 -7.0 7
62 -8.0 8
63 -9.0 9
64 -7.0 7
65 -7.0 7
66 -7.0 7
67 -7.0 7
68 -8.0 8
69 -7.0 7
70 -8.0 8
71 -7.0 7
72 -7.0 7
73 -8.0 8
74 -8.0 8
75 -8.0 8
76 -7.0 7
77 -9.0 9
78 -10.0 10
79 -7.0 7
80 -8.0 8
81 -7.0 7
82 -9.0 9
83 -8.0 8
84 -9.0 9
85 -8.0 8
86 -9.0 9
87 -9.0 9
88 -10.0 10
89 -7.0 7
90 -7.0 7
91 -10.0 10
92 -20.0 20
93 -13.0 13
94 -9.0 9
95 -8.0 8
96 -8.0 8
97 -7.0 7
98 -9.0 9
99 -7.0 7
100 -7.0 7
101 -10.0 10
102 -7.0 7
103 -7.0 7
104 -8.0 8
105 -7.0 7
106 -9.0 9
107 -9.0 9
108 -7.0 7
109 -7.0 7
110 -7.0 7
111 -15.0 15
112 -7.0 7
113 -7.0 7
114 -8.0 8
115 -7.0 7
116 -8.0 8
117 -8.0 8
118 -9.0 9
119 -7.0 7
120 -7.0 7
121 -8.0 8
122 -8.0 8
123 -8.0 8
124 -8.0 8
125 -9.0 9
126 -7.0 7
127 -11.0 11
128 -9.0 9
129 -8.0 8
130 -8.0 8
131 -7.0 7
132 -7.0 7
133 -8.0 8
134 -10.0 10
135 -7.0 7
136 -7.0 7
137 -7.0 7
138 -11.0 11
139 -7.0 7
140 -8.0 8
141 -7.0 7
142 -9.0 9
143 -7.0 7
144 -7.0 7
145 -7.0 7
146 -8.0 8
147 -7.0 7
148 -8.0 8
149 -7.0 7
150 -8.0 8
151 -7.0 7
152 -8.0 8
153 -7.0 7
154 -7.0 7
155 -7.0 7
156 -10.0 10
157 -8.0 8
158 -7.0 7
159 -7.0 7
160 -8.0 8
161 -7.0 7
162 -7.0 7
163 -7.0 7
164 -7.0 7
165 -7.0 7
166 -7.0 7
167 -7.0 7
168 -7.0 7
169 -7.0 7
170 -7.0 7
171 -7.0 7
172 -7.0 7
173 -7.0 7
174 -7.0 7
175 -7.0 7
176 -7.0 7
177 -7.0 7
178 -7.0 7
179 -7.0 7
180 -7.0 7
181 -7.0 7
182 -7.0 7
183 -7.0 7
184 -7.0 7
185 -7.0 7
186 -7.0 7
187 -7.0 7
188 -7.0 7
189 -7.0 7
190 -7.0 7
191 -7.0 7
192 -7.0 7
193 -7.0 7
194 -7.0 7
195 -7.0 7
196 -7.0 7
197 -7.0 7
198 -7.0 7
199 -7.0 7
0 -50.0 50
1 -50.0 50
2 -24.0 24
3 -50.0 50
4 -50.0 50
5 -24.0 24
6 -14.0 14
7 -10.0 10
8 -50.0 50
9 -50.0 50
10 -13.0 13
11 -10.0 10
12 -12.0 12
13 -8.0 8
14 -10.0 10
15 -16.0 16
16 -16.0 16
17 -14.0 14
18 -14.0 14
19 -11.0 11
20 -7.0 7
21 -8.0 8
22 -7.0 7
23 -8.0 8
24 -10.0 10
25 -7.0 7
26 -8.0 8
27 -8.0 8
28 -7.0 7
29 -8.0 8
30 -7.0 7
31 -7.0 7
32 -7.0 7
33 -7.0 7
34 -8.0 8
35 -8.0 8
36 -7.0 7
37 -8.0 8
38 -7.0 7
39 -7.0 7
40 -8.0 8
41 -7.0 7
42 -7.0 7
43 -8.0 8
44 -7.0 7
45 -9.0 9
46 -7.0 7
47 -7.0 7
48 -8.0 8
49 -8.0 8
50 -8.0 8
51 -8.0 8
52 -7.0 7
53 -8.0 8
54 -8.0 8
55 -7.0 7
56 -7.0 7
57 -7.0 7
58 -8.0 8
59 -7.0 7
60 -9.0 9
61 -7.0 7
62 -7.0 7
63 -7.0 7
64 -7.0 7
65 -7.0 7
66 -7.0 7
67 -8.0 8
68 -7.0 7
69 -7.0 7
70 -9.0 9
71 -8.0 8
72 -7.0 7
73 -7.0 7
74 -8.0 8
75 -7.0 7
76 -7.0 7
77 -8.0 8
78 -7.0 7
79 -7.0 7
80 -12.0 12
81 -7.0 7
82 -7.0 7
83 -7.0 7
84 -7.0 7
85 -7.0 7
86 -7.0 7
87 -8.0 8
88 -7.0 7
89 -11.0 11
90 -7.0 7
91 -8.0 8
92 -9.0 9
93 -7.0 7
94 -10.0 10
95 -10.0 10
96 -7.0 7
97 -7.0 7
98 -9.0 9
99 -8.0 8
100 -7.0 7
101 -7.0 7
102 -7.0 7
103 -8.0 8
104 -7.0 7
105 -8.0 8
106 -9.0 9
107 -8.0 8
108 -7.0 7
109 -8.0 8
110 -9.0 9
111 -9.0 9
112 -7.0 7
113 -8.0 8
114 -7.0 7
115 -8.0 8
116 -7.0 7
117 -7.0 7
118 -9.0 9
119 -9.0 9
120 -7.0 7
121 -7.0 7
122 -7.0 7
123 -7.0 7
124 -7.0 7
125 -7.0 7
126 -7.0 7
127 -9.0 9
128 -7.0 7
129 -8.0 8
130 -7.0 7
131 -8.0 8
132 -9.0 9
133 -8.0 8
134 -7.0 7
135 -8.0 8
136 -8.0 8
137 -8.0 8
138 -7.0 7
139 -8.0 8
140 -8.0 8
141 -7.0 7
142 -7.0 7
143 -8.0 8
144 -8.0 8
145 -10.0 10
146 -7.0 7
147 -22.0 22
148 -7.0 7
149 -7.0 7
150 -7.0 7
151 -8.0 8
152 -7.0 7
153 -9.0 9
154 -7.0 7
155 -7.0 7
156 -7.0 7
157 -7.0 7
158 -7.0 7
159 -7.0 7
160 -7.0 7
161 -7.0 7
162 -7.0 7
163 -7.0 7
164 -7.0 7
165 -7.0 7
166 -7.0 7
167 -7.0 7
168 -7.0 7
169 -7.0 7
170 -7.0 7
171 -7.0 7
172 -7.0 7
173 -7.0 7
174 -7.0 7
175 -7.0 7
176 -7.0 7
177 -7.0 7
178 -7.0 7
179 -7.0 7
180 -7.0 7
181 -7.0 7
182 -7.0 7
183 -7.0 7
184 -7.0 7
185 -7.0 7
186 -7.0 7
187 -7.0 7
188 -7.0 7
189 -7.0 7
190 -7.0 7
191 -7.0 7
192 -7.0 7
193 -7.0 7
194 -7.0 7
195 -7.0 7
196 -7.0 7
197 -7.0 7
198 -7.0 7
199 -7.0 7
0 -50.0 50
1 -50.0 50
2 -50.0 50
3 -43.0 43
4 -50.0 50
5 -14.0 14
6 -16.0 16
7 -17.0 17
8 -12.0 12
9 -15.0 15
10 -13.0 13
11 -9.0 9
12 -9.0 9
13 -11.0 11
14 -25.0 25
15 -32.0 32
16 -29.0 29
17 -8.0 8
18 -7.0 7
19 -7.0 7
20 -8.0 8
21 -13.0 13
22 -16.0 16
23 -8.0 8
24 -10.0 10
25 -8.0 8
26 -7.0 7
27 -8.0 8
28 -7.0 7
29 -8.0 8
30 -7.0 7
31 -10.0 10
32 -11.0 11
33 -16.0 16
34 -8.0 8
35 -8.0 8
36 -10.0 10
37 -7.0 7
38 -7.0 7
39 -7.0 7
40 -8.0 8
41 -8.0 8
42 -8.0 8
43 -10.0 10
44 -7.0 7
45 -8.0 8
46 -7.0 7
47 -7.0 7
48 -9.0 9
49 -8.0 8
50 -7.0 7
51 -8.0 8
52 -7.0 7
53 -9.0 9
54 -7.0 7
55 -7.0 7
56 -7.0 7
57 -7.0 7
58 -7.0 7
59 -7.0 7
60 -7.0 7
61 -9.0 9
62 -7.0 7
63 -10.0 10
64 -9.0 9
65 -8.0 8
66 -7.0 7
67 -7.0 7
68 -7.0 7
69 -7.0 7
70 -9.0 9
71 -8.0 8
72 -7.0 7
73 -8.0 8
74 -8.0 8
75 -10.0 10
76 -7.0 7
77 -7.0 7
78 -7.0 7
79 -8.0 8
80 -7.0 7
81 -8.0 8
82 -7.0 7
83 -13.0 13
84 -7.0 7
85 -7.0 7
86 -8.0 8
87 -7.0 7
88 -7.0 7
89 -9.0 9
90 -7.0 7
91 -7.0 7
92 -7.0 7
93 -7.0 7
94 -7.0 7
95 -8.0 8
96 -7.0 7
97 -8.0 8
98 -7.0 7
99 -7.0 7
100 -7.0 7
101 -8.0 8
102 -8.0 8
103 -8.0 8
104 -7.0 7
105 -7.0 7
106 -7.0 7
107 -7.0 7
108 -7.0 7
109 -8.0 8
110 -9.0 9
111 -9.0 9
112 -9.0 9
113 -7.0 7
114 -7.0 7
115 -7.0 7
116 -8.0 8
117 -8.0 8
118 -7.0 7
119 -8.0 8
120 -8.0 8
121 -8.0 8
122 -8.0 8
123 -7.0 7
124 -7.0 7
125 -10.0 10
126 -7.0 7
127 -7.0 7
128 -10.0 10
129 -7.0 7
130 -7.0 7
131 -8.0 8
132 -7.0 7
133 -7.0 7
134 -7.0 7
135 -8.0 8
136 -11.0 11
137 -8.0 8
138 -8.0 8
139 -8.0 8
140 -7.0 7
141 -9.0 9
142 -9.0 9
143 -7.0 7
144 -8.0 8
145 -7.0 7
146 -7.0 7
147 -7.0 7
148 -9.0 9
149 -8.0 8
150 -7.0 7
151 -7.0 7
152 -8.0 8
153 -7.0 7
154 -7.0 7
155 -8.0 8
156 -7.0 7
157 -7.0 7
158 -8.0 8
159 -7.0 7
160 -7.0 7
161 -7.0 7
162 -7.0 7
163 -7.0 7
164 -7.0 7
165 -7.0 7
166 -7.0 7
167 -7.0 7
168 -7.0 7
169 -7.0 7
170 -7.0 7
171 -7.0 7
172 -7.0 7
173 -7.0 7
174 -7.0 7
175 -7.0 7
176 -7.0 7
177 -7.0 7
178 -7.0 7
179 -7.0 7
180 -7.0 7
181 -7.0 7
182 -7.0 7
183 -7.0 7
184 -7.0 7
185 -7.0 7
186 -7.0 7
187 -7.0 7
188 -7.0 7
189 -7.0 7
190 -7.0 7
191 -7.0 7
192 -7.0 7
193 -7.0 7
194 -7.0 7
195 -7.0 7
196 -7.0 7
197 -7.0 7
198 -7.0 7
199 -7.0 7
0 -50.0 50
1 -50.0 50
2 -50.0 50
3 -50.0 50
4 -35.0 35
5 -38.0 38
6 -22.0 22
7 -32.0 32
8 -17.0 17
9 -8.0 8
10 -8.0 8
11 -12.0 12
12 -17.0 17
13 -11.0 11
14 -9.0 9
15 -7.0 7
16 -7.0 7
17 -13.0 13
18 -14.0 14
19 -8.0 8
20 -8.0 8
21 -10.0 10
22 -7.0 7
23 -7.0 7
24 -11.0 11
25 -7.0 7
26 -7.0 7
27 -9.0 9
28 -8.0 8
29 -7.0 7
30 -8.0 8
31 -7.0 7
32 -7.0 7
33 -10.0 10
34 -16.0 16
35 -7.0 7
36 -7.0 7
37 -8.0 8
38 -9.0 9
39 -7.0 7
40 -7.0 7
41 -7.0 7
42 -7.0 7
43 -8.0 8
44 -7.0 7
45 -7.0 7
46 -7.0 7
47 -7.0 7
48 -7.0 7
49 -7.0 7
50 -8.0 8
51 -7.0 7
52 -9.0 9
53 -7.0 7
54 -7.0 7
55 -7.0 7
56 -7.0 7
57 -8.0 8
58 -11.0 11
59 -8.0 8
60 -7.0 7
61 -8.0 8
62 -7.0 7
63 -8.0 8
64 -8.0 8
65 -8.0 8
66 -7.0 7
67 -7.0 7
68 -7.0 7
69 -7.0 7
70 -10.0 10
71 -11.0 11
72 -7.0 7
73 -9.0 9
74 -12.0 12
75 -10.0 10
76 -7.0 7
77 -7.0 7
78 -7.0 7
79 -8.0 8
80 -7.0 7
81 -9.0 9
82 -8.0 8
83 -7.0 7
84 -7.0 7
85 -8.0 8
86 -7.0 7
87 -7.0 7
88 -7.0 7
89 -10.0 10
90 -8.0 8
91 -7.0 7
92 -7.0 7
93 -7.0 7
94 -7.0 7
95 -8.0 8
96 -7.0 7
97 -7.0 7
98 -7.0 7
99 -7.0 7
100 -7.0 7
101 -10.0 10
102 -9.0 9
103 -9.0 9
104 -7.0 7
105 -7.0 7
106 -8.0 8
107 -7.0 7
108 -7.0 7
109 -12.0 12
110 -8.0 8
111 -7.0 7
112 -7.0 7
113 -7.0 7
114 -7.0 7
115 -7.0 7
116 -8.0 8
117 -8.0 8
118 -7.0 7
119 -7.0 7
120 -8.0 8
121 -7.0 7
122 -7.0 7
123 -7.0 7
124 -8.0 8
125 -7.0 7
126 -7.0 7
127 -7.0 7
128 -7.0 7
129 -8.0 8
130 -7.0 7
131 -7.0 7
132 -9.0 9
133 -7.0 7
134 -7.0 7
135 -8.0 8
136 -8.0 8
137 -7.0 7
138 -7.0 7
139 -7.0 7
140 -7.0 7
141 -7.0 7
142 -7.0 7
143 -8.0 8
144 -7.0 7
145 -7.0 7
146 -7.0 7
147 -7.0 7
148 -7.0 7
149 -7.0 7
150 -7.0 7
151 -7.0 7
152 -7.0 7
153 -7.0 7
154 -8.0 8
155 -7.0 7
156 -7.0 7
157 -7.0 7
158 -7.0 7
159 -7.0 7
160 -9.0 9
161 -7.0 7
162 -7.0 7
163 -7.0 7
164 -7.0 7
165 -7.0 7
166 -7.0 7
167 -7.0 7
168 -7.0 7
169 -7.0 7
170 -7.0 7
171 -7.0 7
172 -7.0 7
173 -7.0 7
174 -7.0 7
175 -7.0 7
176 -7.0 7
177 -7.0 7
178 -7.0 7
179 -7.0 7
180 -7.0 7
181 -7.0 7
182 -7.0 7
183 -7.0 7
184 -7.0 7
185 -7.0 7
186 -7.0 7
187 -7.0 7
188 -7.0 7
189 -7.0 7
190 -7.0 7
191 -7.0 7
192 -7.0 7
193 -7.0 7
194 -7.0 7
195 -7.0 7
196 -7.0 7
197 -7.0 7
198 -7.0 7
199 -7.0 7
0 -50.0 50
1 -50.0 50
2 -50.0 50
3 -7.0 7
4 -12.0 12
5 -50.0 50
6 -31.0 31
7 -39.0 39
8 -50.0 50
9 -31.0 31
10 -25.0 25
11 -25.0 25
12 -12.0 12
13 -21.0 21
14 -14.0 14
15 -9.0 9
16 -11.0 11
17 -7.0 7
18 -9.0 9
19 -9.0 9
20 -7.0 7
21 -8.0 8
22 -7.0 7
23 -7.0 7
24 -8.0 8
25 -8.0 8
26 -7.0 7
27 -8.0 8
28 -8.0 8
29 -8.0 8
30 -9.0 9
31 -7.0 7
32 -7.0 7
33 -9.0 9
34 -9.0 9
35 -8.0 8
36 -7.0 7
37 -9.0 9
38 -7.0 7
39 -7.0 7
40 -9.0 9
41 -7.0 7
42 -9.0 9
43 -11.0 11
44 -9.0 9
45 -7.0 7
46 -7.0 7
47 -7.0 7
48 -9.0 9
49 -8.0 8
50 -8.0 8
51 -7.0 7
52 -15.0 15
53 -10.0 10
54 -7.0 7
55 -7.0 7
56 -9.0 9
57 -8.0 8
58 -10.0 10
59 -7.0 7
60 -8.0 8
61 -7.0 7
62 -7.0 7
63 -7.0 7
64 -7.0 7
65 -7.0 7
66 -7.0 7
67 -9.0 9
68 -7.0 7
69 -9.0 9
70 -10.0 10
71 -31.0 31
72 -8.0 8
73 -7.0 7
74 -11.0 11
75 -8.0 8
76 -12.0 12
77 -7.0 7
78 -7.0 7
79 -7.0 7
80 -7.0 7
81 -7.0 7
82 -7.0 7
83 -8.0 8
84 -8.0 8
85 -7.0 7
86 -8.0 8
87 -10.0 10
88 -7.0 7
89 -8.0 8
90 -7.0 7
91 -8.0 8
92 -7.0 7
93 -8.0 8
94 -7.0 7
95 -9.0 9
96 -7.0 7
97 -9.0 9
98 -8.0 8
99 -7.0 7
100 -8.0 8
101 -7.0 7
102 -7.0 7
103 -9.0 9
104 -9.0 9
105 -7.0 7
106 -7.0 7
107 -13.0 13
108 -8.0 8
109 -7.0 7
110 -8.0 8
111 -7.0 7
112 -7.0 7
113 -7.0 7
114 -8.0 8
115 -7.0 7
116 -7.0 7
117 -8.0 8
118 -8.0 8
119 -8.0 8
120 -10.0 10
121 -7.0 7
122 -7.0 7
123 -7.0 7
124 -7.0 7
125 -7.0 7
126 -8.0 8
127 -7.0 7
128 -7.0 7
129 -7.0 7
130 -8.0 8
131 -7.0 7
132 -7.0 7
133 -7.0 7
134 -7.0 7
135 -7.0 7
136 -9.0 9
137 -9.0 9
138 -7.0 7
139 -7.0 7
140 -7.0 7
141 -7.0 7
142 -7.0 7
143 -7.0 7
144 -7.0 7
145 -7.0 7
146 -7.0 7
147 -7.0 7
148 -7.0 7
149 -7.0 7
150 -10.0 10
151 -10.0 10
152 -7.0 7
153 -7.0 7
154 -7.0 7
155 -8.0 8
156 -7.0 7
157 -7.0 7
158 -7.0 7
159 -7.0 7
160 -8.0 8
161 -8.0 8
162 -7.0 7
163 -7.0 7
164 -7.0 7
165 -7.0 7
166 -7.0 7
167 -7.0 7
168 -7.0 7
169 -7.0 7
170 -7.0 7
171 -7.0 7
172 -7.0 7
173 -7.0 7
174 -7.0 7
175 -7.0 7
176 -7.0 7
177 -7.0 7
178 -7.0 7
179 -7.0 7
180 -7.0 7
181 -7.0 7
182 -7.0 7
183 -7.0 7
184 -7.0 7
185 -7.0 7
186 -7.0 7
187 -7.0 7
188 -7.0 7
189 -7.0 7
190 -7.0 7
191 -7.0 7
192 -7.0 7
193 -7.0 7
194 -7.0 7
195 -7.0 7
196 -7.0 7
197 -7.0 7
198 -7.0 7
199 -7.0 7
0 -50.0 50
1 -45.0 45
2 -50.0 50
3 -35.0 35
4 -23.0 23
5 -32.0 32
6 -43.0 43
7 -11.0 11
8 -7.0 7
9 -16.0 16
10 -50.0 50
11 -30.0 30
12 -9.0 9
13 -9.0 9
14 -50.0 50
15 -20.0 20
16 -7.0 7
17 -9.0 9
18 -10.0 10
19 -14.0 14
20 -7.0 7
21 -7.0 7
22 -8.0 8
23 -7.0 7
24 -15.0 15
25 -8.0 8
26 -7.0 7
27 -7.0 7
28 -7.0 7
29 -7.0 7
30 -8.0 8
31 -7.0 7
32 -7.0 7
33 -7.0 7
34 -10.0 10
35 -7.0 7
36 -9.0 9
37 -7.0 7
38 -14.0 14
39 -8.0 8
40 -7.0 7
41 -8.0 8
42 -7.0 7
43 -9.0 9
44 -7.0 7
45 -10.0 10
46 -11.0 11
47 -7.0 7
48 -9.0 9
49 -7.0 7
50 -11.0 11
51 -7.0 7
52 -13.0 13
53 -8.0 8
54 -8.0 8
55 -7.0 7
56 -8.0 8
57 -8.0 8
58 -8.0 8
59 -8.0 8
60 -7.0 7
61 -8.0 8
62 -7.0 7
63 -8.0 8
64 -8.0 8
65 -13.0 13
66 -7.0 7
67 -14.0 14
68 -7.0 7
69 -7.0 7
70 -10.0 10
71 -7.0 7
72 -8.0 8
73 -7.0 7
74 -7.0 7
75 -7.0 7
76 -7.0 7
77 -8.0 8
78 -7.0 7
79 -8.0 8
80 -9.0 9
81 -7.0 7
82 -7.0 7
83 -7.0 7
84 -7.0 7
85 -8.0 8
86 -7.0 7
87 -8.0 8
88 -7.0 7
89 -7.0 7
90 -10.0 10
91 -7.0 7
92 -8.0 8
93 -8.0 8
94 -7.0 7
95 -8.0 8
96 -7.0 7
97 -10.0 10
98 -7.0 7
99 -7.0 7
100 -8.0 8
101 -7.0 7
102 -8.0 8
103 -7.0 7
104 -7.0 7
105 -8.0 8
106 -10.0 10
107 -8.0 8
108 -8.0 8
109 -8.0 8
110 -8.0 8
111 -10.0 10
112 -8.0 8
113 -7.0 7
114 -7.0 7
115 -8.0 8
116 -7.0 7
117 -7.0 7
118 -10.0 10
119 -7.0 7
120 -7.0 7
121 -7.0 7
122 -7.0 7
123 -7.0 7
124 -7.0 7
125 -7.0 7
126 -9.0 9
127 -7.0 7
128 -7.0 7
129 -7.0 7
130 -8.0 8
131 -7.0 7
132 -9.0 9
133 -10.0 10
134 -7.0 7
135 -7.0 7
136 -9.0 9
137 -11.0 11
138 -8.0 8
139 -8.0 8
140 -7.0 7
141 -7.0 7
142 -7.0 7
143 -7.0 7
144 -7.0 7
145 -7.0 7
146 -7.0 7
147 -10.0 10
148 -7.0 7
149 -7.0 7
150 -9.0 9
151 -7.0 7
152 -7.0 7
153 -7.0 7
154 -7.0 7
155 -7.0 7
156 -10.0 10
157 -7.0 7
158 -7.0 7
159 -7.0 7
160 -7.0 7
161 -7.0 7
162 -7.0 7
163 -7.0 7
164 -7.0 7
165 -7.0 7
166 -7.0 7
167 -7.0 7
168 -7.0 7
169 -7.0 7
170 -7.0 7
171 -7.0 7
172 -7.0 7
173 -7.0 7
174 -7.0 7
175 -7.0 7
176 -7.0 7
177 -7.0 7
178 -7.0 7
179 -7.0 7
180 -7.0 7
181 -7.0 7
182 -7.0 7
183 -7.0 7
184 -7.0 7
185 -7.0 7
186 -7.0 7
187 -7.0 7
188 -7.0 7
189 -7.0 7
190 -7.0 7
191 -7.0 7
192 -7.0 7
193 -7.0 7
194 -7.0 7
195 -7.0 7
196 -7.0 7
197 -7.0 7
198 -7.0 7
199 -7.0 7
0 -27.0 27
1 -50.0 50
2 -50.0 50
3 -50.0 50
4 -49.0 49
5 -19.0 19
6 -50.0 50
7 -23.0 23
8 -13.0 13
9 -9.0 9
10 -9.0 9
11 -7.0 7
12 -8.0 8
13 -7.0 7
14 -10.0 10
15 -9.0 9
16 -7.0 7
17 -9.0 9
18 -11.0 11
19 -8.0 8
20 -7.0 7
21 -7.0 7
22 -10.0 10
23 -8.0 8
24 -10.0 10
25 -8.0 8
26 -7.0 7
27 -8.0 8
28 -19.0 19
29 -10.0 10
30 -9.0 9
31 -8.0 8
32 -7.0 7
33 -7.0 7
34 -7.0 7
35 -9.0 9
36 -7.0 7
37 -12.0 12
38 -8.0 8
39 -9.0 9
40 -9.0 9
41 -7.0 7
42 -8.0 8
43 -7.0 7
44 -7.0 7
45 -7.0 7
46 -7.0 7
47 -8.0 8
48 -10.0 10
49 -12.0 12
50 -7.0 7
51 -8.0 8
52 -8.0 8
53 -11.0 11
54 -7.0 7
55 -7.0 7
56 -10.0 10
57 -7.0 7
58 -7.0 7
59 -7.0 7
60 -7.0 7
61 -7.0 7
62 -8.0 8
63 -8.0 8
64 -7.0 7
65 -7.0 7
66 -8.0 8
67 -8.0 8
68 -7.0 7
69 -7.0 7
70 -7.0 7
71 -7.0 7
72 -7.0 7
73 -7.0 7
74 -8.0 8
75 -7.0 7
76 -7.0 7
77 -8.0 8
78 -7.0 7
79 -7.0 7
80 -9.0 9
81 -8.0 8
82 -9.0 9
83 -7.0 7
84 -7.0 7
85 -9.0 9
86 -8.0 8
87 -7.0 7
88 -8.0 8
89 -7.0 7
90 -7.0 7
91 -7.0 7
92 -8.0 8
93 -7.0 7
94 -7.0 7
95 -10.0 10
96 -7.0 7
97 -7.0 7
98 -7.0 7
99 -9.0 9
100 -7.0 7
101 -7.0 7
102 -9.0 9
103 -8.0 8
104 -8.0 8
105 -7.0 7
106 -10.0 10
107 -7.0 7
108 -7.0 7
109 -7.0 7
110 -8.0 8
111 -7.0 7
112 -7.0 7
113 -7.0 7
114 -8.0 8
115 -8.0 8
116 -8.0 8
117 -9.0 9
118 -7.0 7
119 -9.0 9
120 -7.0 7
121 -7.0 7
122 -7.0 7
123 -7.0 7
124 -7.0 7
125 -7.0 7
126 -7.0 7
127 -8.0 8
128 -9.0 9
129 -13.0 13
130 -7.0 7
131 -10.0 10
132 -7.0 7
133 -7.0 7
134 -8.0 8
135 -7.0 7
136 -10.0 10
137 -7.0 7
138 -7.0 7
139 -7.0 7
140 -11.0 11
141 -7.0 7
142 -7.0 7
143 -7.0 7
144 -7.0 7
145 -7.0 7
146 -8.0 8
147 -8.0 8
148 -7.0 7
149 -11.0 11
150 -8.0 8
151 -7.0 7
152 -7.0 7
153 -7.0 7
154 -7.0 7
155 -8.0 8
156 -8.0 8
157 -7.0 7
158 -7.0 7
159 -7.0 7
160 -8.0 8
161 -7.0 7
162 -7.0 7
163 -7.0 7
164 -7.0 7
165 -7.0 7
166 -7.0 7
167 -7.0 7
168 -7.0 7
169 -7.0 7
170 -7.0 7
171 -7.0 7
172 -7.0 7
173 -7.0 7
174 -7.0 7
175 -7.0 7
176 -7.0 7
177 -7.0 7
178 -7.0 7
179 -7.0 7
180 -7.0 7
181 -7.0 7
182 -7.0 7
183 -7.0 7
184 -7.0 7
185 -7.0 7
186 -7.0 7
187 -7.0 7
188 -7.0 7
189 -7.0 7
190 -7.0 7
191 -7.0 7
192 -7.0 7
193 -7.0 7
194 -7.0 7
195 -7.0 7
196 -7.0 7
197 -7.0 7
198 -7.0 7
199 -7.0 7
0 -50.0 50
1 -50.0 50
2 -50.0 50
3 -50.0 50
4 -19.0 19
5 -50.0 50
6 -26.0 26
7 -9.0 9
8 -17.0 17
9 -11.0 11
10 -10.0 10
11 -8.0 8
12 -9.0 9
13 -20.0 20
14 -15.0 15
15 -13.0 13
16 -50.0 50
17 -23.0 23
18 -9.0 9
19 -7.0 7
20 -7.0 7
21 -8.0 8
22 -8.0 8
23 -8.0 8
24 -9.0 9
25 -7.0 7
26 -7.0 7
27 -7.0 7
28 -7.0 7
29 -7.0 7
30 -7.0 7
31 -7.0 7
32 -7.0 7
33 -7.0 7
34 -8.0 8
35 -7.0 7
36 -7.0 7
37 -8.0 8
38 -8.0 8
39 -9.0 9
40 -10.0 10
41 -7.0 7
42 -8.0 8
43 -10.0 10
44 -31.0 31
45 -9.0 9
46 -8.0 8
47 -7.0 7
48 -8.0 8
49 -8.0 8
50 -8.0 8
51 -9.0 9
52 -7.0 7
53 -8.0 8
54 -8.0 8
55 -7.0 7
56 -8.0 8
57 -8.0 8
58 -9.0 9
59 -7.0 7
60 -8.0 8
61 -8.0 8
62 -7.0 7
63 -9.0 9
64 -7.0 7
65 -7.0 7
66 -7.0 7
67 -7.0 7
68 -8.0 8
69 -7.0 7
70 -7.0 7
71 -7.0 7
72 -7.0 7
73 -7.0 7
74 -8.0 8
75 -7.0 7
76 -8.0 8
77 -7.0 7
78 -8.0 8
79 -7.0 7
80 -9.0 9
81 -12.0 12
82 -8.0 8
83 -7.0 7
84 -7.0 7
85 -8.0 8
86 -7.0 7
87 -8.0 8
88 -7.0 7
89 -7.0 7
90 -7.0 7
91 -8.0 8
92 -10.0 10
93 -9.0 9
94 -7.0 7
95 -7.0 7
96 -8.0 8
97 -8.0 8
98 -9.0 9
99 -7.0 7
100 -7.0 7
101 -7.0 7
102 -8.0 8
103 -7.0 7
104 -8.0 8
105 -10.0 10
106 -9.0 9
107 -9.0 9
108 -8.0 8
109 -8.0 8
110 -9.0 9
111 -7.0 7
112 -7.0 7
113 -7.0 7
114 -7.0 7
115 -7.0 7
116 -8.0 8
117 -7.0 7
118 -7.0 7
119 -8.0 8
120 -7.0 7
121 -8.0 8
122 -8.0 8
123 -7.0 7
124 -9.0 9
125 -7.0 7
126 -8.0 8
127 -8.0 8
128 -7.0 7
129 -8.0 8
130 -8.0 8
131 -7.0 7
132 -7.0 7
133 -7.0 7
134 -8.0 8
135 -8.0 8
136 -7.0 7
137 -7.0 7
138 -11.0 11
139 -8.0 8
140 -9.0 9
141 -9.0 9
142 -7.0 7
143 -7.0 7
144 -9.0 9
145 -7.0 7
146 -7.0 7
147 -7.0 7
148 -8.0 8
149 -7.0 7
150 -7.0 7
151 -10.0 10
152 -7.0 7
153 -8.0 8
154 -7.0 7
155 -7.0 7
156 -7.0 7
157 -7.0 7
158 -7.0 7
159 -7.0 7
160 -7.0 7
161 -7.0 7
162 -7.0 7
163 -7.0 7
164 -7.0 7
165 -7.0 7
166 -7.0 7
167 -7.0 7
168 -7.0 7
169 -7.0 7
170 -7.0 7
171 -7.0 7
172 -7.0 7
173 -7.0 7
174 -7.0 7
175 -7.0 7
176 -7.0 7
177 -7.0 7
178 -7.0 7
179 -7.0 7
180 -7.0 7
181 -7.0 7
182 -7.0 7
183 -7.0 7
184 -7.0 7
185 -7.0 7
186 -7.0 7
187 -7.0 7
188 -7.0 7
189 -7.0 7
190 -7.0 7
191 -7.0 7
192 -7.0 7
193 -7.0 7
194 -7.0 7
195 -7.0 7
196 -7.0 7
197 -7.0 7
198 -7.0 7
199 -7.0 7
0 -50.0 50
1 -43.0 43
2 -50.0 50
3 -30.0 30
4 -50.0 50
5 -50.0 50
6 -46.0 46
7 -31.0 31
8 -25.0 25
9 -24.0 24
10 -11.0 11
11 -11.0 11
12 -13.0 13
13 -19.0 19
14 -10.0 10
15 -7.0 7
16 -8.0 8
17 -9.0 9
18 -7.0 7
19 -11.0 11
20 -8.0 8
21 -9.0 9
22 -7.0 7
23 -7.0 7
24 -7.0 7
25 -7.0 7
26 -8.0 8
27 -9.0 9
28 -7.0 7
29 -7.0 7
30 -7.0 7
31 -9.0 9
32 -7.0 7
33 -7.0 7
34 -8.0 8
35 -10.0 10
36 -7.0 7
37 -7.0 7
38 -8.0 8
39 -7.0 7
40 -7.0 7
41 -9.0 9
42 -7.0 7
43 -8.0 8
44 -7.0 7
45 -8.0 8
46 -8.0 8
47 -9.0 9
48 -8.0 8
49 -7.0 7
50 -7.0 7
51 -8.0 8
52 -21.0 21
53 -10.0 10
54 -11.0 11
55 -10.0 10
56 -8.0 8
57 -7.0 7
58 -7.0 7
59 -7.0 7
60 -7.0 7
61 -7.0 7
62 -9.0 9
63 -10.0 10
64 -7.0 7
65 -10.0 10
66 -7.0 7
67 -7.0 7
68 -8.0 8
69 -8.0 8
70 -7.0 7
71 -7.0 7
72 -7.0 7
73 -7.0 7
74 -7.0 7
75 -7.0 7
76 -11.0 11
77 -7.0 7
78 -10.0 10
79 -8.0 8
80 -7.0 7
81 -8.0 8
82 -8.0 8
83 -7.0 7
84 -7.0 7
85 -8.0 8
86 -7.0 7
87 -7.0 7
88 -7.0 7
89 -7.0 7
90 -7.0 7
91 -8.0 8
92 -7.0 7
93 -7.0 7
94 -8.0 8
95 -7.0 7
96 -11.0 11
97 -9.0 9
98 -7.0 7
99 -8.0 8
100 -7.0 7
101 -7.0 7
102 -8.0 8
103 -8.0 8
104 -8.0 8
105 -7.0 7
106 -7.0 7
107 -8.0 8
108 -8.0 8
109 -8.0 8
110 -7.0 7
111 -7.0 7
112 -8.0 8
113 -9.0 9
114 -8.0 8
115 -7.0 7
116 -7.0 7
117 -7.0 7
118 -8.0 8
119 -7.0 7
120 -7.0 7
121 -7.0 7
122 -9.0 9
123 -7.0 7
124 -7.0 7
125 -7.0 7
126 -10.0 10
127 -7.0 7
128 -7.0 7
129 -7.0 7
130 -9.0 9
131 -7.0 7
132 -7.0 7
133 -7.0 7
134 -7.0 7
135 -7.0 7
136 -8.0 8
137 -8.0 8
138 -8.0 8
139 -8.0 8
140 -7.0 7
141 -8.0 8
142 -7.0 7
143 -8.0 8
144 -10.0 10
145 -7.0 7
146 -7.0 7
147 -10.0 10
148 -8.0 8
149 -7.0 7
150 -10.0 10
151 -7.0 7
152 -7.0 7
153 -11.0 11
154 -7.0 7
155 -7.0 7
156 -7.0 7
157 -7.0 7
158 -7.0 7
159 -7.0 7
160 -7.0 7
161 -8.0 8
162 -7.0 7
163 -7.0 7
164 -7.0 7
165 -7.0 7
166 -7.0 7
167 -7.0 7
168 -7.0 7
169 -7.0 7
170 -7.0 7
171 -7.0 7
172 -7.0 7
173 -7.0 7
174 -7.0 7
175 -7.0 7
176 -7.0 7
177 -7.0 7
178 -7.0 7
179 -7.0 7
180 -7.0 7
181 -7.0 7
182 -7.0 7
183 -7.0 7
184 -7.0 7
185 -7.0 7
186 -7.0 7
187 -7.0 7
188 -7.0 7
189 -7.0 7
190 -7.0 7
191 -7.0 7
192 -7.0 7
193 -7.0 7
194 -7.0 7
195 -7.0 7
196 -7.0 7
197 -7.0 7
198 -7.0 7
199 -7.0 7
0 -50.0 50
1 -32.0 32
2 -50.0 50
3 -50.0 50
4 -30.0 30
5 -45.0 45
6 -28.0 28
7 -50.0 50
8 -17.0 17
9 -17.0 17
10 -50.0 50
11 -22.0 22
12 -11.0 11
13 -9.0 9
14 -8.0 8
15 -7.0 7
16 -7.0 7
17 -7.0 7
18 -8.0 8
19 -7.0 7
20 -8.0 8
21 -8.0 8
22 -8.0 8
23 -9.0 9
24 -7.0 7
25 -7.0 7
26 -7.0 7
27 -7.0 7
28 -8.0 8
29 -8.0 8
30 -8.0 8
31 -9.0 9
32 -8.0 8
33 -8.0 8
34 -8.0 8
35 -7.0 7
36 -8.0 8
37 -7.0 7
38 -7.0 7
39 -9.0 9
40 -7.0 7
41 -10.0 10
42 -7.0 7
43 -7.0 7
44 -7.0 7
45 -7.0 7
46 -7.0 7
47 -7.0 7
48 -9.0 9
49 -7.0 7
50 -7.0 7
51 -7.0 7
52 -7.0 7
53 -9.0 9
54 -7.0 7
55 -7.0 7
56 -7.0 7
57 -8.0 8
58 -7.0 7
59 -7.0 7
60 -7.0 7
61 -7.0 7
62 -8.0 8
63 -7.0 7
64 -7.0 7
65 -8.0 8
66 -9.0 9
67 -11.0 11
68 -8.0 8
69 -11.0 11
70 -7.0 7
71 -7.0 7
72 -7.0 7
73 -7.0 7
74 -9.0 9
75 -9.0 9
76 -7.0 7
77 -8.0 8
78 -8.0 8
79 -8.0 8
80 -7.0 7
81 -7.0 7
82 -7.0 7
83 -7.0 7
84 -7.0 7
85 -7.0 7
86 -9.0 9
87 -8.0 8
88 -7.0 7
89 -7.0 7
90 -9.0 9
91 -7.0 7
92 -7.0 7
93 -7.0 7
94 -7.0 7
95 -8.0 8
96 -8.0 8
97 -8.0 8
98 -11.0 11
99 -7.0 7
100 -7.0 7
101 -8.0 8
102 -8.0 8
103 -7.0 7
104 -8.0 8
105 -11.0 11
106 -8.0 8
107 -8.0 8
108 -7.0 7
109 -9.0 9
110 -8.0 8
111 -7.0 7
112 -8.0 8
113 -8.0 8
114 -7.0 7
115 -7.0 7
116 -9.0 9
117 -7.0 7
118 -7.0 7
119 -7.0 7
120 -9.0 9
121 -8.0 8
122 -7.0 7
123 -7.0 7
124 -10.0 10
125 -7.0 7
126 -7.0 7
127 -7.0 7
128 -7.0 7
129 -11.0 11
130 -8.0 8
131 -7.0 7
132 -9.0 9
133 -7.0 7
134 -8.0 8
135 -7.0 7
136 -7.0 7
137 -7.0 7
138 -11.0 11
139 -8.0 8
140 -7.0 7
141 -8.0 8
142 -7.0 7
143 -8.0 8
144 -7.0 7
145 -7.0 7
146 -9.0 9
147 -7.0 7
148 -10.0 10
149 -7.0 7
150 -7.0 7
151 -7.0 7
152 -9.0 9
153 -7.0 7
154 -10.0 10
155 -7.0 7
156 -7.0 7
157 -7.0 7
158 -7.0 7
159 -7.0 7
160 -7.0 7
161 -7.0 7
162 -7.0 7
163 -7.0 7
164 -7.0 7
165 -7.0 7
166 -7.0 7
167 -7.0 7
168 -7.0 7
169 -7.0 7
170 -7.0 7
171 -7.0 7
172 -7.0 7
173 -7.0 7
174 -7.0 7
175 -7.0 7
176 -7.0 7
177 -7.0 7
178 -7.0 7
179 -7.0 7
180 -7.0 7
181 -7.0 7
182 -7.0 7
183 -7.0 7
184 -7.0 7
185 -7.0 7
186 -7.0 7
187 -7.0 7
188 -7.0 7
189 -7.0 7
190 -7.0 7
191 -7.0 7
192 -7.0 7
193 -7.0 7
194 -7.0 7
195 -7.0 7
196 -7.0 7
197 -7.0 7
198 -7.0 7
199 -7.0 7
0 -50.0 50
1 -44.0 44
2 -50.0 50
3 -38.0 38
4 -28.0 28
5 -50.0 50
6 -20.0 20
7 -14.0 14
8 -20.0 20
9 -50.0 50
10 -22.0 22
11 -50.0 50
12 -14.0 14
13 -12.0 12
14 -8.0 8
15 -8.0 8
16 -7.0 7
17 -20.0 20
18 -13.0 13
19 -9.0 9
20 -12.0 12
21 -7.0 7
22 -7.0 7
23 -9.0 9
24 -8.0 8
25 -11.0 11
26 -8.0 8
27 -7.0 7
28 -7.0 7
29 -7.0 7
30 -9.0 9
31 -15.0 15
32 -7.0 7
33 -10.0 10
34 -7.0 7
35 -9.0 9
36 -7.0 7
37 -7.0 7
38 -7.0 7
39 -7.0 7
40 -8.0 8
41 -9.0 9
42 -9.0 9
43 -8.0 8
44 -7.0 7
45 -7.0 7
46 -7.0 7
47 -9.0 9
48 -9.0 9
49 -7.0 7
50 -9.0 9
51 -11.0 11
52 -7.0 7
53 -8.0 8
54 -7.0 7
55 -9.0 9
56 -7.0 7
57 -10.0 10
58 -7.0 7
59 -7.0 7
60 -8.0 8
61 -8.0 8
62 -7.0 7
63 -8.0 8
64 -9.0 9
65 -7.0 7
66 -7.0 7
67 -8.0 8
68 -7.0 7
69 -9.0 9
70 -7.0 7
71 -8.0 8
72 -8.0 8
73 -7.0 7
74 -8.0 8
75 -8.0 8
76 -9.0 9
77 -9.0 9
78 -8.0 8
79 -7.0 7
80 -9.0 9
81 -7.0 7
82 -7.0 7
83 -8.0 8
84 -8.0 8
85 -7.0 7
86 -8.0 8
87 -7.0 7
88 -7.0 7
89 -9.0 9
90 -7.0 7
91 -7.0 7
92 -8.0 8
93 -7.0 7
94 -7.0 7
95 -9.0 9
96 -7.0 7
97 -7.0 7
98 -7.0 7
99 -7.0 7
100 -7.0 7
101 -7.0 7
102 -8.0 8
103 -9.0 9
104 -7.0 7
105 -7.0 7
106 -8.0 8
107 -9.0 9
108 -7.0 7
109 -8.0 8
110 -7.0 7
111 -8.0 8
112 -8.0 8
113 -7.0 7
114 -7.0 7
115 -8.0 8
116 -7.0 7
117 -7.0 7
118 -7.0 7
119 -7.0 7
120 -7.0 7
121 -7.0 7
122 -7.0 7
123 -7.0 7
124 -8.0 8
125 -7.0 7
126 -7.0 7
127 -9.0 9
128 -10.0 10
129 -9.0 9
130 -7.0 7
131 -8.0 8
132 -7.0 7
133 -8.0 8
134 -9.0 9
135 -8.0 8
136 -7.0 7
137 -9.0 9
138 -7.0 7
139 -7.0 7
140 -7.0 7
141 -7.0 7
142 -7.0 7
143 -7.0 7
144 -7.0 7
145 -9.0 9
146 -10.0 10
147 -8.0 8
148 -8.0 8
149 -7.0 7
150 -8.0 8
151 -7.0 7
152 -8.0 8
153 -7.0 7
154 -7.0 7
155 -9.0 9
156 -7.0 7
157 -7.0 7
158 -7.0 7
159 -7.0 7
160 -7.0 7
161 -7.0 7
162 -7.0 7
163 -7.0 7
164 -7.0 7
165 -7.0 7
166 -7.0 7
167 -7.0 7
168 -7.0 7
169 -7.0 7
170 -7.0 7
171 -7.0 7
172 -7.0 7
173 -7.0 7
174 -7.0 7
175 -7.0 7
176 -7.0 7
177 -7.0 7
178 -7.0 7
179 -7.0 7
180 -7.0 7
181 -7.0 7
182 -7.0 7
183 -7.0 7
184 -7.0 7
185 -7.0 7
186 -7.0 7
187 -7.0 7
188 -7.0 7
189 -7.0 7
190 -7.0 7
191 -7.0 7
192 -7.0 7
193 -7.0 7
194 -7.0 7
195 -7.0 7
196 -7.0 7
197 -7.0 7
198 -7.0 7
199 -7.0 7
0 -50.0 50
1 -50.0 50
2 -50.0 50
3 -33.0 33
4 -50.0 50
5 -21.0 21
6 -15.0 15
7 -18.0 18
8 -44.0 44
9 -28.0 28
10 -18.0 18
11 -34.0 34
12 -16.0 16
13 -16.0 16
14 -8.0 8
15 -32.0 32
16 -18.0 18
17 -9.0 9
18 -7.0 7
19 -7.0 7
20 -7.0 7
21 -7.0 7
22 -7.0 7
23 -9.0 9
24 -7.0 7
25 -10.0 10
26 -7.0 7
27 -8.0 8
28 -8.0 8
29 -10.0 10
30 -10.0 10
31 -7.0 7
32 -8.0 8
33 -8.0 8
34 -8.0 8
35 -10.0 10
36 -8.0 8
37 -7.0 7
38 -7.0 7
39 -7.0 7
40 -12.0 12
41 -8.0 8
42 -12.0 12
43 -9.0 9
44 -8.0 8
45 -8.0 8
46 -7.0 7
47 -11.0 11
48 -7.0 7
49 -7.0 7
50 -7.0 7
51 -7.0 7
52 -7.0 7
53 -8.0 8
54 -8.0 8
55 -9.0 9
56 -7.0 7
57 -9.0 9
58 -7.0 7
59 -12.0 12
60 -9.0 9
61 -8.0 8
62 -8.0 8
63 -9.0 9
64 -8.0 8
65 -7.0 7
66 -7.0 7
67 -8.0 8
68 -8.0 8
69 -8.0 8
70 -7.0 7
71 -7.0 7
72 -7.0 7
73 -7.0 7
74 -7.0 7
75 -8.0 8
76 -7.0 7
77 -8.0 8
78 -7.0 7
79 -8.0 8
80 -7.0 7
81 -9.0 9
82 -7.0 7
83 -7.0 7
84 -7.0 7
85 -7.0 7
86 -10.0 10
87 -9.0 9
88 -9.0 9
89 -7.0 7
90 -7.0 7
91 -7.0 7
92 -8.0 8
93 -9.0 9
94 -13.0 13
95 -10.0 10
96 -10.0 10
97 -7.0 7
98 -10.0 10
99 -9.0 9
100 -7.0 7
101 -7.0 7
102 -8.0 8
103 -9.0 9
104 -7.0 7
105 -7.0 7
106 -7.0 7
107 -8.0 8
108 -7.0 7
109 -7.0 7
110 -9.0 9
111 -9.0 9
112 -7.0 7
113 -8.0 8
114 -9.0 9
115 -9.0 9
116 -8.0 8
117 -7.0 7
118 -9.0 9
119 -8.0 8
120 -10.0 10
121 -7.0 7
122 -7.0 7
123 -7.0 7
124 -8.0 8
125 -9.0 9
126 -7.0 7
127 -8.0 8
128 -7.0 7
129 -8.0 8
130 -7.0 7
131 -8.0 8
132 -11.0 11
133 -7.0 7
134 -8.0 8
135 -8.0 8
136 -7.0 7
137 -8.0 8
138 -7.0 7
139 -7.0 7
140 -7.0 7
141 -8.0 8
142 -7.0 7
143 -7.0 7
144 -8.0 8
145 -7.0 7
146 -7.0 7
147 -7.0 7
148 -7.0 7
149 -7.0 7
150 -7.0 7
151 -10.0 10
152 -7.0 7
153 -7.0 7
154 -7.0 7
155 -7.0 7
156 -7.0 7
157 -7.0 7
158 -7.0 7
159 -7.0 7
160 -7.0 7
161 -7.0 7
162 -7.0 7
163 -7.0 7
164 -7.0 7
165 -7.0 7
166 -7.0 7
167 -7.0 7
168 -7.0 7
169 -7.0 7
170 -7.0 7
171 -7.0 7
172 -7.0 7
173 -7.0 7
174 -7.0 7
175 -7.0 7
176 -7.0 7
177 -7.0 7
178 -7.0 7
179 -7.0 7
180 -7.0 7
181 -7.0 7
182 -7.0 7
183 -7.0 7
184 -7.0 7
185 -7.0 7
186 -7.0 7
187 -7.0 7
188 -7.0 7
189 -7.0 7
190 -7.0 7
191 -7.0 7
192 -7.0 7
193 -7.0 7
194 -7.0 7
195 -7.0 7
196 -7.0 7
197 -7.0 7
198 -7.0 7
199 -7.0 7
0 -50.0 50
1 -48.0 48
2 -42.0 42
3 -50.0 50
4 -50.0 50
5 -24.0 24
6 -27.0 27
7 -50.0 50
8 -29.0 29
9 -19.0 19
10 -16.0 16
11 -11.0 11
12 -11.0 11
13 -12.0 12
14 -8.0 8
15 -7.0 7
16 -7.0 7
17 -9.0 9
18 -11.0 11
19 -8.0 8
20 -10.0 10
21 -9.0 9
22 -7.0 7
23 -10.0 10
24 -8.0 8
25 -9.0 9
26 -7.0 7
27 -7.0 7
28 -20.0 20
29 -13.0 13
30 -8.0 8
31 -7.0 7
32 -7.0 7
33 -7.0 7
34 -9.0 9
35 -8.0 8
36 -11.0 11
37 -7.0 7
38 -7.0 7
39 -8.0 8
40 -7.0 7
41 -8.0 8
42 -7.0 7
43 -7.0 7
44 -7.0 7
45 -8.0 8
46 -7.0 7
47 -7.0 7
48 -7.0 7
49 -9.0 9
50 -7.0 7
51 -7.0 7
52 -7.0 7
53 -7.0 7
54 -7.0 7
55 -7.0 7
56 -9.0 9
57 -11.0 11
58 -8.0 8
59 -7.0 7
60 -7.0 7
61 -7.0 7
62 -7.0 7
63 -8.0 8
64 -7.0 7
65 -7.0 7
66 -8.0 8
67 -9.0 9
68 -8.0 8
69 -8.0 8
70 -7.0 7
71 -7.0 7
72 -7.0 7
73 -7.0 7
74 -7.0 7
75 -7.0 7
76 -8.0 8
77 -8.0 8
78 -7.0 7
79 -8.0 8
80 -12.0 12
81 -7.0 7
82 -9.0 9
83 -9.0 9
84 -7.0 7
85 -7.0 7
86 -9.0 9
87 -8.0 8
88 -7.0 7
89 -8.0 8
90 -8.0 8
91 -7.0 7
92 -7.0 7
93 -8.0 8
94 -13.0 13
95 -7.0 7
96 -7.0 7
97 -7.0 7
98 -7.0 7
99 -8.0 8
100 -7.0 7
101 -8.0 8
102 -7.0 7
103 -9.0 9
104 -7.0 7
105 -7.0 7
106 -14.0 14
107 -9.0 9
108 -8.0 8
109 -8.0 8
110 -7.0 7
111 -10.0 10
112 -8.0 8
113 -7.0 7
114 -8.0 8
115 -7.0 7
116 -7.0 7
117 -7.0 7
118 -9.0 9
119 -7.0 7
120 -8.0 8
121 -8.0 8
122 -7.0 7
123 -8.0 8
124 -9.0 9
125 -8.0 8
126 -8.0 8
127 -7.0 7
128 -7.0 7
129 -8.0 8
130 -8.0 8
131 -7.0 7
132 -8.0 8
133 -7.0 7
134 -7.0 7
135 -7.0 7
136 -7.0 7
137 -8.0 8
138 -7.0 7
139 -7.0 7
140 -8.0 8
141 -7.0 7
142 -7.0 7
143 -7.0 7
144 -9.0 9
145 -7.0 7
146 -7.0 7
147 -9.0 9
148 -7.0 7
149 -8.0 8
150 -7.0 7
151 -7.0 7
152 -9.0 9
153 -7.0 7
154 -7.0 7
155 -8.0 8
156 -7.0 7
157 -7.0 7
158 -7.0 7
159 -7.0 7
160 -7.0 7
161 -7.0 7
162 -7.0 7
163 -7.0 7
164 -7.0 7
165 -7.0 7
166 -7.0 7
167 -7.0 7
168 -7.0 7
169 -7.0 7
170 -7.0 7
171 -7.0 7
172 -7.0 7
173 -7.0 7
174 -7.0 7
175 -7.0 7
176 -7.0 7
177 -7.0 7
178 -7.0 7
179 -7.0 7
180 -7.0 7
181 -7.0 7
182 -7.0 7
183 -7.0 7
184 -7.0 7
185 -7.0 7
186 -7.0 7
187 -7.0 7
188 -7.0 7
189 -7.0 7
190 -7.0 7
191 -7.0 7
192 -7.0 7
193 -7.0 7
194 -7.0 7
195 -7.0 7
196 -7.0 7
197 -7.0 7
198 -7.0 7
199 -7.0 7
0 -50.0 50
1 -34.0 34
2 -50.0 50
3 -32.0 32
4 -50.0 50
5 -28.0 28
6 -50.0 50
7 -25.0 25
8 -24.0 24
9 -10.0 10
10 -43.0 43
11 -50.0 50
12 -26.0 26
13 -7.0 7
14 -12.0 12
15 -7.0 7
16 -7.0 7
17 -10.0 10
18 -8.0 8
19 -7.0 7
20 -10.0 10
21 -11.0 11
22 -7.0 7
23 -9.0 9
24 -7.0 7
25 -8.0 8
26 -7.0 7
27 -8.0 8
28 -7.0 7
29 -7.0 7
30 -10.0 10
31 -7.0 7
32 -8.0 8
33 -7.0 7
34 -7.0 7
35 -7.0 7
36 -8.0 8
37 -11.0 11
38 -7.0 7
39 -9.0 9
40 -7.0 7
41 -9.0 9
42 -7.0 7
43 -20.0 20
44 -8.0 8
45 -7.0 7
46 -8.0 8
47 -7.0 7
48 -7.0 7
49 -7.0 7
50 -8.0 8
51 -8.0 8
52 -7.0 7
53 -7.0 7
54 -7.0 7
55 -7.0 7
56 -7.0 7
57 -8.0 8
58 -7.0 7
59 -9.0 9
60 -10.0 10
61 -8.0 8
62 -11.0 11
63 -9.0 9
64 -7.0 7
65 -7.0 7
66 -12.0 12
67 -7.0 7
68 -7.0 7
69 -7.0 7
70 -9.0 9
71 -10.0 10
72 -8.0 8
73 -7.0 7
74 -7.0 7
75 -7.0 7
76 -7.0 7
77 -7.0 7
78 -8.0 8
79 -7.0 7
80 -7.0 7
81 -7.0 7
82 -9.0 9
83 -7.0 7
84 -7.0 7
85 -7.0 7
86 -7.0 7
87 -8.0 8
88 -9.0 9
89 -7.0 7
90 -7.0 7
91 -7.0 7
92 -7.0 7
93 -10.0 10
94 -7.0 7
95 -8.0 8
96 -7.0 7
97 -8.0 8
98 -7.0 7
99 -9.0 9
100 -7.0 7
101 -9.0 9
102 -7.0 7
103 -8.0 8
104 -7.0 7
105 -8.0 8
106 -7.0 7
107 -8.0 8
108 -11.0 11
109 -7.0 7
110 -7.0 7
111 -7.0 7
112 -12.0 12
113 -7.0 7
114 -9.0 9
115 -7.0 7
116 -7.0 7
117 -8.0 8
118 -7.0 7
119 -7.0 7
120 -8.0 8
121 -7.0 7
122 -10.0 10
123 -7.0 7
124 -7.0 7
125 -7.0 7
126 -7.0 7
127 -7.0 7
128 -8.0 8
129 -7.0 7
130 -7.0 7
131 -7.0 7
132 -8.0 8
133 -7.0 7
134 -9.0 9
135 -8.0 8
136 -8.0 8
137 -10.0 10
138 -8.0 8
139 -9.0 9
140 -7.0 7
141 -7.0 7
142 -7.0 7
143 -9.0 9
144 -7.0 7
145 -7.0 7
146 -8.0 8
147 -7.0 7
148 -7.0 7
149 -9.0 9
150 -8.0 8
151 -8.0 8
152 -7.0 7
153 -8.0 8
154 -7.0 7
155 -7.0 7
156 -8.0 8
157 -7.0 7
158 -7.0 7
159 -7.0 7
160 -7.0 7
161 -7.0 7
162 -7.0 7
163 -7.0 7
164 -7.0 7
165 -7.0 7
166 -7.0 7
167 -7.0 7
168 -7.0 7
169 -7.0 7
170 -7.0 7
171 -7.0 7
172 -7.0 7
173 -7.0 7
174 -7.0 7
175 -7.0 7
176 -7.0 7
177 -7.0 7
178 -7.0 7
179 -7.0 7
180 -7.0 7
181 -7.0 7
182 -7.0 7
183 -7.0 7
184 -7.0 7
185 -7.0 7
186 -7.0 7
187 -7.0 7
188 -7.0 7
189 -7.0 7
190 -7.0 7
191 -7.0 7
192 -7.0 7
193 -7.0 7
194 -7.0 7
195 -7.0 7
196 -7.0 7
197 -7.0 7
198 -7.0 7
199 -7.0 7
0 -50.0 50
1 -28.0 28
2 -50.0 50
3 -31.0 31
4 -50.0 50
5 -30.0 30
6 -30.0 30
7 -25.0 25
8 -15.0 15
9 -50.0 50
10 -50.0 50
11 -21.0 21
12 -8.0 8
13 -10.0 10
14 -7.0 7
15 -9.0 9
16 -11.0 11
17 -7.0 7
18 -7.0 7
19 -10.0 10
20 -7.0 7
21 -9.0 9
22 -8.0 8
23 -7.0 7
24 -10.0 10
25 -11.0 11
26 -7.0 7
27 -10.0 10
28 -7.0 7
29 -7.0 7
30 -7.0 7
31 -7.0 7
32 -7.0 7
33 -10.0 10
34 -7.0 7
35 -8.0 8
36 -8.0 8
37 -8.0 8
38 -7.0 7
39 -7.0 7
40 -8.0 8
41 -7.0 7
42 -8.0 8
43 -7.0 7
44 -8.0 8
45 -9.0 9
46 -10.0 10
47 -7.0 7
48 -8.0 8
49 -10.0 10
50 -7.0 7
51 -8.0 8
52 -7.0 7
53 -8.0 8
54 -7.0 7
55 -7.0 7
56 -7.0 7
57 -7.0 7
58 -12.0 12
59 -11.0 11
60 -7.0 7
61 -8.0 8
62 -9.0 9
63 -7.0 7
64 -9.0 9
65 -7.0 7
66 -10.0 10
67 -8.0 8
68 -8.0 8
69 -7.0 7
70 -7.0 7
71 -7.0 7
72 -7.0 7
73 -9.0 9
74 -11.0 11
75 -7.0 7
76 -7.0 7
77 -8.0 8
78 -8.0 8
79 -7.0 7
80 -8.0 8
81 -8.0 8
82 -7.0 7
83 -9.0 9
84 -7.0 7
85 -8.0 8
86 -9.0 9
87 -7.0 7
88 -9.0 9
89 -8.0 8
90 -10.0 10
91 -7.0 7
92 -8.0 8
93 -11.0 11
94 -9.0 9
95 -9.0 9
96 -7.0 7
97 -8.0 8
98 -7.0 7
99 -8.0 8
100 -7.0 7
101 -7.0 7
102 -8.0 8
103 -10.0 10
104 -7.0 7
105 -7.0 7
106 -10.0 10
107 -7.0 7
108 -9.0 9
109 -8.0 8
110 -9.0 9
111 -10.0 10
112 -7.0 7
113 -7.0 7
114 -7.0 7
115 -8.0 8
116 -7.0 7
117 -9.0 9
118 -7.0 7
119 -8.0 8
120 -7.0 7
121 -9.0 9
122 -8.0 8
123 -8.0 8
124 -8.0 8
125 -7.0 7
126 -7.0 7
127 -7.0 7
128 -8.0 8
129 -8.0 8
130 -7.0 7
131 -8.0 8
132 -7.0 7
133 -7.0 7
134 -7.0 7
135 -12.0 12
136 -8.0 8
137 -10.0 10
138 -8.0 8
139 -7.0 7
140 -7.0 7
141 -7.0 7
142 -7.0 7
143 -7.0 7
144 -10.0 10
145 -9.0 9
146 -8.0 8
147 -7.0 7
148 -8.0 8
149 -8.0 8
150 -8.0 8
151 -7.0 7
152 -10.0 10
153 -7.0 7
154 -7.0 7
155 -7.0 7
156 -8.0 8
157 -7.0 7
158 -7.0 7
159 -7.0 7
160 -7.0 7
161 -7.0 7
162 -7.0 7
163 -7.0 7
164 -7.0 7
165 -7.0 7
166 -7.0 7
167 -7.0 7
168 -7.0 7
169 -7.0 7
170 -7.0 7
171 -7.0 7
172 -7.0 7
173 -7.0 7
174 -7.0 7
175 -7.0 7
176 -7.0 7
177 -7.0 7
178 -7.0 7
179 -7.0 7
180 -7.0 7
181 -7.0 7
182 -7.0 7
183 -7.0 7
184 -7.0 7
185 -7.0 7
186 -7.0 7
187 -7.0 7
188 -7.0 7
189 -7.0 7
190 -7.0 7
191 -7.0 7
192 -7.0 7
193 -7.0 7
194 -7.0 7
195 -7.0 7
196 -7.0 7
197 -7.0 7
198 -7.0 7
199 -7.0 7
0 -50.0 50
1 -50.0 50
2 -50.0 50
3 -25.0 25
4 -31.0 31
5 -20.0 20
6 -15.0 15
7 -50.0 50
8 -50.0 50
9 -34.0 34
10 -19.0 19
11 -13.0 13
12 -13.0 13
13 -13.0 13
14 -24.0 24
15 -20.0 20
16 -10.0 10
17 -14.0 14
18 -10.0 10
19 -10.0 10
20 -11.0 11
21 -40.0 40
22 -9.0 9
23 -17.0 17
24 -7.0 7
25 -9.0 9
26 -7.0 7
27 -7.0 7
28 -7.0 7
29 -7.0 7
30 -9.0 9
31 -9.0 9
32 -9.0 9
33 -8.0 8
34 -8.0 8
35 -8.0 8
36 -11.0 11
37 -7.0 7
38 -7.0 7
39 -7.0 7
40 -7.0 7
41 -7.0 7
42 -7.0 7
43 -7.0 7
44 -7.0 7
45 -8.0 8
46 -7.0 7
47 -8.0 8
48 -7.0 7
49 -7.0 7
50 -7.0 7
51 -9.0 9
52 -7.0 7
53 -7.0 7
54 -8.0 8
55 -7.0 7
56 -7.0 7
57 -7.0 7
58 -9.0 9
59 -7.0 7
60 -7.0 7
61 -7.0 7
62 -7.0 7
63 -7.0 7
64 -8.0 8
65 -10.0 10
66 -7.0 7
67 -9.0 9
68 -9.0 9
69 -7.0 7
70 -10.0 10
71 -10.0 10
72 -9.0 9
73 -7.0 7
74 -7.0 7
75 -7.0 7
76 -8.0 8
77 -8.0 8
78 -8.0 8
79 -7.0 7
80 -10.0 10
81 -9.0 9
82 -7.0 7
83 -7.0 7
84 -8.0 8
85 -9.0 9
86 -10.0 10
87 -12.0 12
88 -7.0 7
89 -8.0 8
90 -8.0 8
91 -8.0 8
92 -7.0 7
93 -7.0 7
94 -7.0 7
95 -7.0 7
96 -7.0 7
97 -9.0 9
98 -8.0 8
99 -8.0 8
100 -10.0 10
101 -7.0 7
102 -8.0 8
103 -8.0 8
104 -8.0 8
105 -7.0 7
106 -8.0 8
107 -7.0 7
108 -7.0 7
109 -9.0 9
110 -8.0 8
111 -7.0 7
112 -7.0 7
113 -9.0 9
114 -10.0 10
115 -7.0 7
116 -8.0 8
117 -12.0 12
118 -8.0 8
119 -7.0 7
120 -8.0 8
121 -7.0 7
122 -8.0 8
123 -10.0 10
124 -7.0 7
125 -8.0 8
126 -7.0 7
127 -7.0 7
128 -8.0 8
129 -7.0 7
130 -7.0 7
131 -8.0 8
132 -10.0 10
133 -7.0 7
134 -7.0 7
135 -7.0 7
136 -8.0 8
137 -7.0 7
138 -8.0 8
139 -7.0 7
140 -7.0 7
141 -7.0 7
142 -7.0 7
143 -7.0 7
144 -7.0 7
145 -7.0 7
146 -7.0 7
147 -7.0 7
148 -7.0 7
149 -7.0 7
150 -9.0 9
151 -7.0 7
152 -7.0 7
153 -11.0 11
154 -7.0 7
155 -8.0 8
156 -7.0 7
157 -7.0 7
158 -7.0 7
159 -7.0 7
160 -7.0 7
161 -7.0 7
162 -7.0 7
163 -7.0 7
164 -7.0 7
165 -8.0 8
166 -7.0 7
167 -7.0 7
168 -7.0 7
169 -7.0 7
170 -7.0 7
171 -7.0 7
172 -7.0 7
173 -7.0 7
174 -7.0 7
175 -7.0 7
176 -7.0 7
177 -7.0 7
178 -7.0 7
179 -7.0 7
180 -7.0 7
181 -7.0 7
182 -7.0 7
183 -7.0 7
184 -7.0 7
185 -7.0 7
186 -7.0 7
187 -7.0 7
188 -7.0 7
189 -7.0 7
190 -7.0 7
191 -7.0 7
192 -7.0 7
193 -7.0 7
194 -7.0 7
195 -7.0 7
196 -7.0 7
197 -7.0 7
198 -7.0 7
199 -7.0 7
0 -50.0 50
1 -50.0 50
2 -43.0 43
3 -40.0 40
4 -30.0 30
5 -50.0 50
6 -17.0 17
7 -26.0 26
8 -23.0 23
9 -14.0 14
10 -10.0 10
11 -7.0 7
12 -14.0 14
13 -50.0 50
14 -17.0 17
15 -11.0 11
16 -8.0 8
17 -8.0 8
18 -8.0 8
19 -7.0 7
20 -8.0 8
21 -8.0 8
22 -7.0 7
23 -7.0 7
24 -8.0 8
25 -8.0 8
26 -7.0 7
27 -7.0 7
28 -8.0 8
29 -7.0 7
30 -7.0 7
31 -7.0 7
32 -10.0 10
33 -8.0 8
34 -7.0 7
35 -7.0 7
36 -8.0 8
37 -7.0 7
38 -7.0 7
39 -7.0 7
40 -8.0 8
41 -7.0 7
42 -7.0 7
43 -8.0 8
44 -10.0 10
45 -7.0 7
46 -7.0 7
47 -8.0 8
48 -7.0 7
49 -7.0 7
50 -7.0 7
51 -7.0 7
52 -13.0 13
53 -7.0 7
54 -7.0 7
55 -8.0 8
56 -7.0 7
57 -7.0 7
58 -7.0 7
59 -7.0 7
60 -7.0 7
61 -10.0 10
62 -9.0 9
63 -7.0 7
64 -8.0 8
65 -7.0 7
66 -7.0 7
67 -8.0 8
68 -9.0 9
69 -9.0 9
70 -7.0 7
71 -11.0 11
72 -7.0 7
73 -7.0 7
74 -7.0 7
75 -7.0 7
76 -7.0 7
77 -8.0 8
78 -7.0 7
79 -8.0 8
80 -7.0 7
81 -8.0 8
82 -7.0 7
83 -15.0 15
84 -7.0 7
85 -7.0 7
86 -8.0 8
87 -9.0 9
88 -7.0 7
89 -8.0 8
90 -8.0 8
91 -7.0 7
92 -8.0 8
93 -10.0 10
94 -8.0 8
95 -7.0 7
96 -8.0 8
97 -10.0 10
98 -10.0 10
99 -7.0 7
100 -7.0 7
101 -7.0 7
102 -7.0 7
103 -7.0 7
104 -8.0 8
105 -7.0 7
106 -10.0 10
107 -8.0 8
108 -7.0 7
109 -8.0 8
110 -8.0 8
111 -7.0 7
112 -7.0 7
113 -8.0 8
114 -7.0 7
115 -7.0 7
116 -7.0 7
117 -8.0 8
118 -10.0 10
119 -7.0 7
120 -8.0 8
121 -10.0 10
122 -8.0 8
123 -10.0 10
124 -7.0 7
125 -7.0 7
126 -9.0 9
127 -13.0 13
128 -7.0 7
129 -8.0 8
130 -7.0 7
131 -8.0 8
132 -8.0 8
133 -11.0 11
134 -7.0 7
135 -8.0 8
136 -8.0 8
137 -7.0 7
138 -7.0 7
139 -7.0 7
140 -7.0 7
141 -8.0 8
142 -9.0 9
143 -7.0 7
144 -7.0 7
145 -7.0 7
146 -7.0 7
147 -10.0 10
148 -7.0 7
149 -7.0 7
150 -10.0 10
151 -8.0 8
152 -11.0 11
153 -8.0 8
154 -8.0 8
155 -9.0 9
156 -8.0 8
157 -7.0 7
158 -7.0 7
159 -7.0 7
160 -7.0 7
161 -7.0 7
162 -7.0 7
163 -7.0 7
164 -7.0 7
165 -7.0 7
166 -7.0 7
167 -7.0 7
168 -7.0 7
169 -7.0 7
170 -7.0 7
171 -7.0 7
172 -7.0 7
173 -7.0 7
174 -7.0 7
175 -7.0 7
176 -7.0 7
177 -7.0 7
178 -7.0 7
179 -7.0 7
180 -7.0 7
181 -7.0 7
182 -7.0 7
183 -7.0 7
184 -7.0 7
185 -7.0 7
186 -7.0 7
187 -7.0 7
188 -7.0 7
189 -7.0 7
190 -7.0 7
191 -7.0 7
192 -7.0 7
193 -7.0 7
194 -7.0 7
195 -7.0 7
196 -7.0 7
197 -7.0 7
198 -7.0 7
199 -7.0 7
0 -50.0 50
1 -50.0 50
2 -50.0 50
3 -45.0 45
4 -33.0 33
5 -40.0 40
6 -16.0 16
7 -21.0 21
8 -27.0 27
9 -29.0 29
10 -36.0 36
11 -9.0 9
12 -9.0 9
13 -22.0 22
14 -14.0 14
15 -10.0 10
16 -11.0 11
17 -13.0 13
18 -18.0 18
19 -17.0 17
20 -8.0 8
21 -7.0 7
22 -7.0 7
23 -10.0 10
24 -14.0 14
25 -9.0 9
26 -15.0 15
27 -9.0 9
28 -7.0 7
29 -7.0 7
30 -7.0 7
31 -8.0 8
32 -7.0 7
33 -7.0 7
34 -9.0 9
35 -7.0 7
36 -8.0 8
37 -8.0 8
38 -7.0 7
39 -7.0 7
40 -7.0 7
41 -8.0 8
42 -11.0 11
43 -7.0 7
44 -7.0 7
45 -9.0 9
46 -7.0 7
47 -7.0 7
48 -8.0 8
49 -10.0 10
50 -7.0 7
51 -7.0 7
52 -7.0 7
53 -7.0 7
54 -7.0 7
55 -7.0 7
56 -7.0 7
57 -9.0 9
58 -10.0 10
59 -8.0 8
60 -8.0 8
61 -7.0 7
62 -8.0 8
63 -12.0 12
64 -7.0 7
65 -10.0 10
66 -7.0 7
67 -8.0 8
68 -7.0 7
69 -7.0 7
70 -8.0 8
71 -9.0 9
72 -8.0 8
73 -7.0 7
74 -7.0 7
75 -7.0 7
76 -9.0 9
77 -8.0 8
78 -8.0 8
79 -8.0 8
80 -7.0 7
81 -8.0 8
82 -7.0 7
83 -11.0 11
84 -8.0 8
85 -8.0 8
86 -7.0 7
87 -7.0 7
88 -7.0 7
89 -7.0 7
90 -8.0 8
91 -8.0 8
92 -7.0 7
93 -7.0 7
94 -7.0 7
95 -7.0 7
96 -7.0 7
97 -7.0 7
98 -8.0 8
99 -7.0 7
100 -9.0 9
101 -7.0 7
102 -8.0 8
103 -8.0 8
104 -7.0 7
105 -7.0 7
106 -10.0 10
107 -7.0 7
108 -7.0 7
109 -8.0 8
110 -7.0 7
111 -7.0 7
112 -7.0 7
113 -7.0 7
114 -8.0 8
115 -8.0 8
116 -7.0 7
117 -8.0 8
118 -7.0 7
119 -7.0 7
120 -8.0 8
121 -7.0 7
122 -8.0 8
123 -8.0 8
124 -7.0 7
125 -7.0 7
126 -7.0 7
127 -7.0 7
128 -7.0 7
129 -9.0 9
130 -7.0 7
131 -8.0 8
132 -7.0 7
133 -7.0 7
134 -8.0 8
135 -7.0 7
136 -12.0 12
137 -7.0 7
138 -9.0 9
139 -8.0 8
140 -7.0 7
141 -8.0 8
142 -8.0 8
143 -9.0 9
144 -17.0 17
145 -7.0 7
146 -7.0 7
147 -7.0 7
148 -7.0 7
149 -7.0 7
150 -9.0 9
151 -9.0 9
152 -7.0 7
153 -7.0 7
154 -9.0 9
155 -8.0 8
156 -7.0 7
157 -7.0 7
158 -7.0 7
159 -7.0 7
160 -7.0 7
161 -7.0 7
162 -7.0 7
163 -7.0 7
164 -7.0 7
165 -7.0 7
166 -7.0 7
167 -7.0 7
168 -7.0 7
169 -7.0 7
170 -7.0 7
171 -7.0 7
172 -7.0 7
173 -7.0 7
174 -7.0 7
175 -7.0 7
176 -7.0 7
177 -7.0 7
178 -7.0 7
179 -7.0 7
180 -7.0 7
181 -7.0 7
182 -7.0 7
183 -7.0 7
184 -7.0 7
185 -7.0 7
186 -7.0 7
187 -7.0 7
188 -7.0 7
189 -7.0 7
190 -7.0 7
191 -7.0 7
192 -7.0 7
193 -7.0 7
194 -7.0 7
195 -7.0 7
196 -7.0 7
197 -7.0 7
198 -7.0 7
199 -7.0 7
