
0 -50.0 50
5 -50.0 50
0 -50.0 50
5 -50.0 50
0 -50.0 50
5 -50.0 50
0 -50.0 50
5 -50.0 50
0 -50.0 50
5 -50.0 50
0 -50.0 50
5 -50.0 50
0 -50.0 50
5 -50.0 50
0 -50.0 50
5 -50.0 50
0 -50.0 50
5 -50.0 50
0 -50.0 50
5 -50.0 50
0 -50.0 50
5 -50.0 50
0 -50.0 50
5 -50.0 50
0 -50.0 50
5 -50.0 50
0 -50.0 50
5 -50.0 50
0 -50.0 50
5 -50.0 50
0 -50.0 50
5 -50.0 50
0 -50.0 50
5 -50.0 50
0 -50.0 50
5 -50.0 50
0 -50.0 50
5 -50.0 50
0 -50.0 50
5 -50.0 50
0 -50.0 50
5 -50.0 50
0 -50.0 50
5 -50.0 50
0 -50.0 50
5 -50.0 50
0 -50.0 50
5 -50.0 50
0 -50.0 50
5 -50.0 50
0 -50.0 50
5 -50.0 50
0 -50.0 50
5 -50.0 50
0 -50.0 50
5 -50.0 50
0 -50.0 50
5 -50.0 50
0 -50.0 50
5 -50.0 50
0 -50.0 50
5 -50.0 50
0 -50.0 50
5 -50.0 50
0 -50.0 50
5 -50.0 50
0 -50.0 50
5 -50.0 50
0 -50.0 50
5 -50.0 50
0 -50.0 50
5 -50.0 50
0 -50.0 50
5 -50.0 50
0 -50.0 50
5 -50.0 50
0 -50.0 50
5 -50.0 50
0 -50.0 50
5 -50.0 50