0 -50.0 50
1 -50.0 50
2 -50.0 50
3 -50.0 50
4 -50.0 50
5 -38.0 38
6 -50.0 50
7 -50.0 50
8 -50.0 50
9 -50.0 50
10 -50.0 50
11 -50.0 50
12 -50.0 50
13 -50.0 50
14 -50.0 50
15 -50.0 50
16 -50.0 50
17 -50.0 50
18 -50.0 50
19 -50.0 50
20 -50.0 50
21 -50.0 50
22 -50.0 50
23 -50.0 50
24 -50.0 50
25 -38.0 38
26 -50.0 50
27 -50.0 50
28 -50.0 50
29 -50.0 50
30 -50.0 50
31 -50.0 50
32 -50.0 50
33 -11.0 11
34 -49.0 49
35 -15.0 15
36 -15.0 15
37 -50.0 50
38 -50.0 50
39 -34.0 34
40 -50.0 50
41 -50.0 50
42 -50.0 50
43 -50.0 50
44 -50.0 50
45 -50.0 50
46 -50.0 50
47 -23.0 23
48 -50.0 50
49 -50.0 50
50 -15.0 15
51 -17.0 17
52 -9.0 9
53 -11.0 11
54 -10.0 10
55 -13.0 13
56 -22.0 22
57 -31.0 31
58 -50.0 50
59 -19.0 19
0 -50.0 50
1 -50.0 50
2 -50.0 50
3 -50.0 50
4 -50.0 50
5 -50.0 50
6 -50.0 50
7 -50.0 50
8 -50.0 50
9 -50.0 50
10 -50.0 50
11 -50.0 50
12 -50.0 50
13 -50.0 50
14 -34.0 34
15 -50.0 50
16 -50.0 50
17 -50.0 50
18 -50.0 50
19 -29.0 29
20 -50.0 50
21 -50.0 50
22 -50.0 50
23 -50.0 50
24 -50.0 50
25 -50.0 50
26 -50.0 50
27 -50.0 50
28 -50.0 50
29 -50.0 50
30 -50.0 50
31 -50.0 50
32 -50.0 50
33 -50.0 50
34 -50.0 50
35 -50.0 50
36 -37.0 37
37 -50.0 50
38 -15.0 15
39 -18.0 18
40 -50.0 50
41 -50.0 50
42 -50.0 50
43 -50.0 50
44 -41.0 41
45 -41.0 41
46 -36.0 36
47 -50.0 50
48 -50.0 50
49 -50.0 50
50 -50.0 50
51 -48.0 48
52 -50.0 50
53 -24.0 24
54 -15.0 15
55 -13.0 13
56 -12.0 12
57 -14.0 14
58 -12.0 12
59 -10.0 10
0 -50.0 50
1 -50.0 50
2 -50.0 50
3 -50.0 50
4 -50.0 50
5 -37.0 37
6 -50.0 50
7 -50.0 50
8 -50.0 50
9 -50.0 50
10 -50.0 50
11 -50.0 50
12 -50.0 50
13 -50.0 50
14 -50.0 50
15 -50.0 50
16 -50.0 50
17 -50.0 50
18 -50.0 50
19 -50.0 50
20 -50.0 50
21 -50.0 50
22 -50.0 50
23 -50.0 50
24 -50.0 50
25 -50.0 50
26 -50.0 50
27 -28.0 28
28 -50.0 50
29 -50.0 50
30 -50.0 50
31 -50.0 50
32 -41.0 41
33 -50.0 50
34 -50.0 50
35 -50.0 50
36 -50.0 50
37 -15.0 15
38 -50.0 50
39 -50.0 50
40 -20.0 20
41 -16.0 16
42 -13.0 13
43 -37.0 37
44 -50.0 50
45 -47.0 47
46 -50.0 50
47 -17.0 17
48 -21.0 21
49 -16.0 16
50 -19.0 19
51 -20.0 20
52 -9.0 9
53 -11.0 11
54 -12.0 12
55 -17.0 17
56 -21.0 21
57 -9.0 9
58 -9.0 9
59 -9.0 9
0 -50.0 50
1 -50.0 50
2 -50.0 50
3 -50.0 50
4 -50.0 50
5 -50.0 50
6 -37.0 37
7 -50.0 50
8 -50.0 50
9 -50.0 50
10 -50.0 50
11 -50.0 50
12 -50.0 50
13 -50.0 50
14 -50.0 50
15 -50.0 50
16 -35.0 35
17 -50.0 50
18 -50.0 50
19 -50.0 50
20 -50.0 50
21 -50.0 50
22 -50.0 50
23 -50.0 50
24 -50.0 50
25 -50.0 50
26 -50.0 50
27 -50.0 50
28 -50.0 50
29 -50.0 50
30 -50.0 50
31 -50.0 50
32 -50.0 50
33 -50.0 50
34 -50.0 50
35 -42.0 42
36 -39.0 39
37 -50.0 50
38 -24.0 24
39 -50.0 50
40 -50.0 50
41 -17.0 17
42 -16.0 16
43 -15.0 15
44 -10.0 10
45 -18.0 18
46 -49.0 49
47 -13.0 13
48 -15.0 15
49 -22.0 22
50 -21.0 21
51 -50.0 50
52 -50.0 50
53 -27.0 27
54 -38.0 38
55 -50.0 50
56 -34.0 34
57 -11.0 11
58 -9.0 9
59 -11.0 11
0 -50.0 50
1 -50.0 50
2 -50.0 50
3 -50.0 50
4 -50.0 50
5 -50.0 50
6 -50.0 50
7 -50.0 50
8 -50.0 50
9 -50.0 50
10 -50.0 50
11 -50.0 50
12 -50.0 50
13 -50.0 50
14 -50.0 50
15 -50.0 50
16 -50.0 50
17 -50.0 50
18 -50.0 50
19 -50.0 50
20 -50.0 50
21 -49.0 49
22 -50.0 50
23 -50.0 50
24 -50.0 50
25 -50.0 50
26 -50.0 50
27 -50.0 50
28 -50.0 50
29 -50.0 50
30 -50.0 50
31 -50.0 50
32 -50.0 50
33 -50.0 50
34 -50.0 50
35 -50.0 50
36 -13.0 13
37 -50.0 50
38 -15.0 15
39 -24.0 24
40 -50.0 50
41 -50.0 50
42 -50.0 50
43 -50.0 50
44 -50.0 50
45 -50.0 50
46 -50.0 50
47 -14.0 14
48 -10.0 10
49 -9.0 9
50 -11.0 11
51 -10.0 10
52 -13.0 13
53 -14.0 14
54 -18.0 18
55 -50.0 50
56 -25.0 25
57 -27.0 27
58 -29.0 29
59 -9.0 9
0 -50.0 50
1 -50.0 50
2 -50.0 50
3 -50.0 50
4 -50.0 50
5 -50.0 50
6 -50.0 50
7 -50.0 50
8 -50.0 50
9 -50.0 50
10 -50.0 50
11 -50.0 50
12 -30.0 30
13 -50.0 50
14 -50.0 50
15 -50.0 50
16 -50.0 50
17 -50.0 50
18 -50.0 50
19 -50.0 50
20 -50.0 50
21 -50.0 50
22 -50.0 50
23 -50.0 50
24 -37.0 37
25 -50.0 50
26 -50.0 50
27 -50.0 50
28 -50.0 50
29 -50.0 50
30 -47.0 47
31 -50.0 50
32 -50.0 50
33 -50.0 50
34 -50.0 50
35 -50.0 50
36 -50.0 50
37 -50.0 50
38 -50.0 50
39 -32.0 32
40 -50.0 50
41 -20.0 20
42 -14.0 14
43 -28.0 28
44 -50.0 50
45 -50.0 50
46 -50.0 50
47 -50.0 50
48 -18.0 18
49 -13.0 13
50 -11.0 11
51 -12.0 12
52 -12.0 12
53 -9.0 9
54 -9.0 9
55 -11.0 11
56 -9.0 9
57 -9.0 9
58 -11.0 11
59 -10.0 10
0 -50.0 50
1 -50.0 50
2 -50.0 50
3 -50.0 50
4 -50.0 50
5 -50.0 50
6 -50.0 50
7 -50.0 50
8 -50.0 50
9 -50.0 50
10 -50.0 50
11 -50.0 50
12 -50.0 50
13 -50.0 50
14 -50.0 50
15 -50.0 50
16 -50.0 50
17 -50.0 50
18 -50.0 50
19 -50.0 50
20 -50.0 50
21 -50.0 50
22 -50.0 50
23 -50.0 50
24 -50.0 50
25 -50.0 50
26 -50.0 50
27 -50.0 50
28 -42.0 42
29 -50.0 50
30 -50.0 50
31 -50.0 50
32 -50.0 50
33 -50.0 50
34 -41.0 41
35 -50.0 50
36 -50.0 50
37 -50.0 50
38 -50.0 50
39 -19.0 19
40 -12.0 12
41 -12.0 12
42 -19.0 19
43 -50.0 50
44 -20.0 20
45 -50.0 50
46 -49.0 49
47 -42.0 42
48 -13.0 13
49 -10.0 10
50 -10.0 10
51 -11.0 11
52 -26.0 26
53 -17.0 17
54 -36.0 36
55 -15.0 15
56 -9.0 9
57 -9.0 9
58 -11.0 11
59 -9.0 9
0 -50.0 50
1 -50.0 50
2 -50.0 50
3 -50.0 50
4 -50.0 50
5 -50.0 50
6 -50.0 50
7 -50.0 50
8 -50.0 50
9 -50.0 50
10 -50.0 50
11 -50.0 50
12 -50.0 50
13 -50.0 50
14 -30.0 30
15 -50.0 50
16 -50.0 50
17 -50.0 50
18 -50.0 50
19 -50.0 50
20 -50.0 50
21 -50.0 50
22 -50.0 50
23 -29.0 29
24 -50.0 50
25 -50.0 50
26 -50.0 50
27 -50.0 50
28 -30.0 30
29 -50.0 50
30 -50.0 50
31 -50.0 50
32 -50.0 50
33 -50.0 50
34 -50.0 50
35 -43.0 43
36 -50.0 50
37 -50.0 50
38 -50.0 50
39 -50.0 50
40 -50.0 50
41 -27.0 27
42 -50.0 50
43 -50.0 50
44 -45.0 45
45 -9.0 9
46 -14.0 14
47 -9.0 9
48 -9.0 9
49 -18.0 18
50 -15.0 15
51 -14.0 14
52 -38.0 38
53 -15.0 15
54 -21.0 21
55 -45.0 45
56 -9.0 9
57 -9.0 9
58 -9.0 9
59 -9.0 9
0 -50.0 50
1 -50.0 50
2 -50.0 50
3 -50.0 50
4 -50.0 50
5 -50.0 50
6 -49.0 49
7 -50.0 50
8 -50.0 50
9 -50.0 50
10 -50.0 50
11 -50.0 50
12 -50.0 50
13 -50.0 50
14 -50.0 50
15 -50.0 50
16 -50.0 50
17 -50.0 50
18 -50.0 50
19 -50.0 50
20 -50.0 50
21 -50.0 50
22 -50.0 50
23 -30.0 30
24 -50.0 50
25 -50.0 50
26 -50.0 50
27 -50.0 50
28 -50.0 50
29 -50.0 50
30 -50.0 50
31 -50.0 50
32 -50.0 50
33 -44.0 44
34 -14.0 14
35 -50.0 50
36 -50.0 50
37 -39.0 39
38 -20.0 20
39 -50.0 50
40 -50.0 50
41 -44.0 44
42 -50.0 50
43 -50.0 50
44 -22.0 22
45 -50.0 50
46 -50.0 50
47 -50.0 50
48 -50.0 50
49 -50.0 50
50 -26.0 26
51 -27.0 27
52 -9.0 9
53 -9.0 9
54 -10.0 10
55 -11.0 11
56 -10.0 10
57 -13.0 13
58 -17.0 17
59 -26.0 26
0 -50.0 50
1 -50.0 50
2 -50.0 50
3 -50.0 50
4 -50.0 50
5 -50.0 50
6 -50.0 50
7 -41.0 41
8 -50.0 50
9 -50.0 50
10 -50.0 50
11 -50.0 50
12 -50.0 50
13 -50.0 50
14 -50.0 50
15 -50.0 50
16 -50.0 50
17 -50.0 50
18 -50.0 50
19 -50.0 50
20 -50.0 50
21 -50.0 50
22 -50.0 50
23 -50.0 50
24 -50.0 50
25 -50.0 50
26 -50.0 50
27 -41.0 41
28 -50.0 50
29 -50.0 50
30 -50.0 50
31 -50.0 50
32 -50.0 50
33 -50.0 50
34 -50.0 50
35 -14.0 14
36 -20.0 20
37 -50.0 50
38 -50.0 50
39 -50.0 50
40 -50.0 50
41 -39.0 39
42 -50.0 50
43 -30.0 30
44 -15.0 15
45 -12.0 12
46 -21.0 21
47 -41.0 41
48 -50.0 50
49 -11.0 11
50 -12.0 12
51 -11.0 11
52 -9.0 9
53 -9.0 9
54 -9.0 9
55 -11.0 11
56 -12.0 12
57 -9.0 9
58 -11.0 11
59 -13.0 13
0 -50.0 50
1 -50.0 50
2 -50.0 50
3 -50.0 50
4 -50.0 50
5 -50.0 50
6 -50.0 50
7 -50.0 50
8 -50.0 50
9 -50.0 50
10 -39.0 39
11 -50.0 50
12 -50.0 50
13 -50.0 50
14 -50.0 50
15 -50.0 50
16 -50.0 50
17 -50.0 50
18 -50.0 50
19 -50.0 50
20 -50.0 50
21 -50.0 50
22 -50.0 50
23 -50.0 50
24 -50.0 50
25 -50.0 50
26 -50.0 50
27 -50.0 50
28 -50.0 50
29 -50.0 50
30 -50.0 50
31 -50.0 50
32 -50.0 50
33 -18.0 18
34 -32.0 32
35 -50.0 50
36 -50.0 50
37 -50.0 50
38 -50.0 50
39 -27.0 27
40 -50.0 50
41 -50.0 50
42 -44.0 44
43 -50.0 50
44 -50.0 50
45 -50.0 50
46 -50.0 50
47 -50.0 50
48 -50.0 50
49 -50.0 50
50 -50.0 50
51 -11.0 11
52 -10.0 10
53 -19.0 19
54 -9.0 9
55 -11.0 11
56 -10.0 10
57 -13.0 13
58 -14.0 14
59 -40.0 40
0 -50.0 50
1 -50.0 50
2 -50.0 50
3 -50.0 50
4 -50.0 50
5 -50.0 50
6 -50.0 50
7 -50.0 50
8 -50.0 50
9 -50.0 50
10 -50.0 50
11 -50.0 50
12 -50.0 50
13 -50.0 50
14 -50.0 50
15 -50.0 50
16 -50.0 50
17 -23.0 23
18 -50.0 50
19 -50.0 50
20 -50.0 50
21 -50.0 50
22 -50.0 50
23 -50.0 50
24 -21.0 21
25 -50.0 50
26 -50.0 50
27 -50.0 50
28 -50.0 50
29 -50.0 50
30 -50.0 50
31 -50.0 50
32 -50.0 50
33 -50.0 50
34 -50.0 50
35 -50.0 50
36 -50.0 50
37 -50.0 50
38 -50.0 50
39 -39.0 39
40 -50.0 50
41 -50.0 50
42 -50.0 50
43 -50.0 50
44 -43.0 43
45 -50.0 50
46 -50.0 50
47 -30.0 30
48 -50.0 50
49 -42.0 42
50 -9.0 9
51 -9.0 9
52 -10.0 10
53 -22.0 22
54 -12.0 12
55 -11.0 11
56 -9.0 9
57 -11.0 11
58 -10.0 10
59 -9.0 9
0 -50.0 50
1 -50.0 50
2 -50.0 50
3 -50.0 50
4 -49.0 49
5 -50.0 50
6 -50.0 50
7 -50.0 50
8 -50.0 50
9 -50.0 50
10 -50.0 50
11 -50.0 50
12 -50.0 50
13 -50.0 50
14 -50.0 50
15 -50.0 50
16 -50.0 50
17 -50.0 50
18 -50.0 50
19 -50.0 50
20 -50.0 50
21 -50.0 50
22 -50.0 50
23 -50.0 50
24 -50.0 50
25 -50.0 50
26 -50.0 50
27 -50.0 50
28 -50.0 50
29 -50.0 50
30 -27.0 27
31 -50.0 50
32 -50.0 50
33 -50.0 50
34 -50.0 50
35 -50.0 50
36 -50.0 50
37 -20.0 20
38 -50.0 50
39 -50.0 50
40 -50.0 50
41 -27.0 27
42 -50.0 50
43 -16.0 16
44 -11.0 11
45 -14.0 14
46 -18.0 18
47 -27.0 27
48 -41.0 41
49 -50.0 50
50 -32.0 32
51 -13.0 13
52 -17.0 17
53 -29.0 29
54 -43.0 43
55 -9.0 9
56 -9.0 9
57 -9.0 9
58 -11.0 11
59 -9.0 9
0 -50.0 50
1 -50.0 50
2 -50.0 50
3 -50.0 50
4 -50.0 50
5 -50.0 50
6 -50.0 50
7 -50.0 50
8 -50.0 50
9 -50.0 50
10 -50.0 50
11 -50.0 50
12 -50.0 50
13 -50.0 50
14 -50.0 50
15 -50.0 50
16 -50.0 50
17 -23.0 23
18 -50.0 50
19 -50.0 50
20 -50.0 50
21 -50.0 50
22 -50.0 50
23 -50.0 50
24 -50.0 50
25 -42.0 42
26 -50.0 50
27 -50.0 50
28 -50.0 50
29 -50.0 50
30 -50.0 50
31 -50.0 50
32 -37.0 37
33 -50.0 50
34 -50.0 50
35 -50.0 50
36 -50.0 50
37 -50.0 50
38 -13.0 13
39 -11.0 11
40 -17.0 17
41 -50.0 50
42 -11.0 11
43 -50.0 50
44 -50.0 50
45 -50.0 50
46 -50.0 50
47 -50.0 50
48 -50.0 50
49 -50.0 50
50 -24.0 24
51 -19.0 19
52 -14.0 14
53 -11.0 11
54 -12.0 12
55 -9.0 9
56 -9.0 9
57 -9.0 9
58 -12.0 12
59 -13.0 13
0 -50.0 50
1 -50.0 50
2 -50.0 50
3 -50.0 50
4 -50.0 50
5 -50.0 50
6 -50.0 50
7 -50.0 50
8 -50.0 50
9 -50.0 50
10 -50.0 50
11 -50.0 50
12 -50.0 50
13 -50.0 50
14 -50.0 50
15 -50.0 50
16 -50.0 50
17 -50.0 50
18 -16.0 16
19 -50.0 50
20 -50.0 50
21 -50.0 50
22 -50.0 50
23 -50.0 50
24 -50.0 50
25 -48.0 48
26 -50.0 50
27 -50.0 50
28 -50.0 50
29 -50.0 50
30 -50.0 50
31 -50.0 50
32 -50.0 50
33 -50.0 50
34 -50.0 50
35 -13.0 13
36 -48.0 48
37 -50.0 50
38 -50.0 50
39 -30.0 30
40 -50.0 50
41 -25.0 25
42 -19.0 19
43 -29.0 29
44 -13.0 13
45 -50.0 50
46 -50.0 50
47 -50.0 50
48 -50.0 50
49 -17.0 17
50 -13.0 13
51 -14.0 14
52 -9.0 9
53 -11.0 11
54 -11.0 11
55 -12.0 12
56 -11.0 11
57 -13.0 13
58 -14.0 14
59 -9.0 9
0 -50.0 50
1 -50.0 50
2 -50.0 50
3 -50.0 50
4 -50.0 50
5 -50.0 50
6 -50.0 50
7 -50.0 50
8 -50.0 50
9 -50.0 50
10 -50.0 50
11 -49.0 49
12 -50.0 50
13 -50.0 50
14 -50.0 50
15 -50.0 50
16 -50.0 50
17 -50.0 50
18 -50.0 50
19 -50.0 50
20 -50.0 50
21 -50.0 50
22 -50.0 50
23 -50.0 50
24 -50.0 50
25 -50.0 50
26 -50.0 50
27 -50.0 50
28 -50.0 50
29 -50.0 50
30 -50.0 50
31 -50.0 50
32 -50.0 50
33 -50.0 50
34 -38.0 38
35 -50.0 50
36 -50.0 50
37 -50.0 50
38 -31.0 31
39 -50.0 50
40 -50.0 50
41 -50.0 50
42 -50.0 50
43 -50.0 50
44 -35.0 35
45 -50.0 50
46 -21.0 21
47 -50.0 50
48 -24.0 24
49 -17.0 17
50 -18.0 18
51 -15.0 15
52 -50.0 50
53 -26.0 26
54 -50.0 50
55 -17.0 17
56 -13.0 13
57 -11.0 11
58 -14.0 14
59 -14.0 14
0 -50.0 50
1 -50.0 50
2 -50.0 50
3 -50.0 50
4 -50.0 50
5 -50.0 50
6 -50.0 50
7 -50.0 50
8 -50.0 50
9 -50.0 50
10 -50.0 50
11 -50.0 50
12 -39.0 39
13 -50.0 50
14 -50.0 50
15 -50.0 50
16 -50.0 50
17 -50.0 50
18 -50.0 50
19 -50.0 50
20 -50.0 50
21 -50.0 50
22 -50.0 50
23 -50.0 50
24 -50.0 50
25 -50.0 50
26 -50.0 50
27 -50.0 50
28 -47.0 47
29 -50.0 50
30 -50.0 50
31 -50.0 50
32 -50.0 50
33 -50.0 50
34 -50.0 50
35 -50.0 50
36 -50.0 50
37 -31.0 31
38 -30.0 30
39 -25.0 25
40 -50.0 50
41 -50.0 50
42 -50.0 50
43 -37.0 37
44 -50.0 50
45 -50.0 50
46 -50.0 50
47 -21.0 21
48 -50.0 50
49 -50.0 50
50 -32.0 32
51 -50.0 50
52 -27.0 27
53 -29.0 29
54 -14.0 14
55 -18.0 18
56 -33.0 33
57 -46.0 46
58 -9.0 9
59 -9.0 9
0 -50.0 50
1 -50.0 50
2 -50.0 50
3 -50.0 50
4 -50.0 50
5 -50.0 50
6 -50.0 50
7 -50.0 50
8 -50.0 50
9 -50.0 50
10 -50.0 50
11 -50.0 50
12 -50.0 50
13 -50.0 50
14 -50.0 50
15 -50.0 50
16 -50.0 50
17 -50.0 50
18 -50.0 50
19 -34.0 34
20 -50.0 50
21 -50.0 50
22 -50.0 50
23 -50.0 50
24 -50.0 50
25 -50.0 50
26 -50.0 50
27 -50.0 50
28 -50.0 50
29 -50.0 50
30 -50.0 50
31 -50.0 50
32 -50.0 50
33 -36.0 36
34 -50.0 50
35 -50.0 50
36 -32.0 32
37 -38.0 38
38 -17.0 17
39 -15.0 15
40 -34.0 34
41 -50.0 50
42 -24.0 24
43 -50.0 50
44 -31.0 31
45 -50.0 50
46 -50.0 50
47 -50.0 50
48 -50.0 50
49 -50.0 50
50 -50.0 50
51 -50.0 50
52 -50.0 50
53 -50.0 50
54 -50.0 50
55 -50.0 50
56 -50.0 50
57 -48.0 48
58 -36.0 36
59 -50.0 50
0 -50.0 50
1 -50.0 50
2 -50.0 50
3 -50.0 50
4 -50.0 50
5 -50.0 50
6 -50.0 50
7 -50.0 50
8 -50.0 50
9 -50.0 50
10 -50.0 50
11 -50.0 50
12 -50.0 50
13 -50.0 50
14 -50.0 50
15 -50.0 50
16 -50.0 50
17 -49.0 49
18 -50.0 50
19 -50.0 50
20 -50.0 50
21 -50.0 50
22 -50.0 50
23 -50.0 50
24 -26.0 26
25 -50.0 50
26 -50.0 50
27 -50.0 50
28 -50.0 50
29 -50.0 50
30 -50.0 50
31 -50.0 50
32 -50.0 50
33 -50.0 50
34 -32.0 32
35 -50.0 50
36 -50.0 50
37 -50.0 50
38 -50.0 50
39 -50.0 50
40 -50.0 50
41 -50.0 50
42 -50.0 50
43 -14.0 14
44 -17.0 17
45 -9.0 9
46 -12.0 12
47 -13.0 13
48 -50.0 50
49 -15.0 15
50 -50.0 50
51 -33.0 33
52 -50.0 50
53 -22.0 22
54 -12.0 12
55 -11.0 11
56 -9.0 9
57 -9.0 9
58 -9.0 9
59 -11.0 11
0 -50.0 50
1 -50.0 50
2 -50.0 50
3 -50.0 50
4 -50.0 50
5 -50.0 50
6 -50.0 50
7 -50.0 50
8 -50.0 50
9 -50.0 50
10 -50.0 50
11 -23.0 23
12 -50.0 50
13 -50.0 50
14 -50.0 50
15 -50.0 50
16 -50.0 50
17 -50.0 50
18 -50.0 50
19 -50.0 50
20 -50.0 50
21 -50.0 50
22 -50.0 50
23 -50.0 50
24 -50.0 50
25 -50.0 50
26 -50.0 50
27 -50.0 50
28 -50.0 50
29 -50.0 50
30 -50.0 50
31 -50.0 50
32 -50.0 50
33 -48.0 48
34 -50.0 50
35 -50.0 50
36 -18.0 18
37 -24.0 24
38 -50.0 50
39 -50.0 50
40 -50.0 50
41 -50.0 50
42 -41.0 41
43 -50.0 50
44 -26.0 26
45 -50.0 50
46 -50.0 50
47 -50.0 50
48 -20.0 20
49 -21.0 21
50 -28.0 28
51 -22.0 22
52 -16.0 16
53 -12.0 12
54 -13.0 13
55 -14.0 14
56 -18.0 18
57 -16.0 16
58 -13.0 13
59 -13.0 13
