0 -50.0 50
1 -50.0 50
2 -44.0 44
3 -50.0 50
4 -37.0 37
5 -50.0 50
6 -36.0 36
7 -31.0 31
8 -43.0 43
9 -19.0 19
10 -13.0 13
11 -7.0 7
12 -9.0 9
13 -7.0 7
14 -9.0 9
15 -8.0 8
16 -7.0 7
17 -7.0 7
18 -8.0 8
19 -7.0 7
20 -7.0 7
21 -7.0 7
22 -7.0 7
23 -7.0 7
0 -50.0 50
1 -50.0 50
2 -50.0 50
3 -49.0 49
4 -32.0 32
5 -50.0 50
6 -26.0 26
7 -30.0 30
8 -21.0 21
9 -15.0 15
10 -26.0 26
11 -12.0 12
12 -8.0 8
13 -11.0 11
14 -10.0 10
15 -7.0 7
16 -9.0 9
17 -10.0 10
18 -11.0 11
19 -7.0 7
20 -7.0 7
21 -7.0 7
22 -7.0 7
23 -7.0 7
0 -50.0 50
1 -50.0 50
2 -50.0 50
3 -50.0 50
4 -12.0 12
5 -26.0 26
6 -18.0 18
7 -50.0 50
8 -14.0 14
9 -13.0 13
10 -50.0 50
11 -17.0 17
12 -33.0 33
13 -7.0 7
14 -7.0 7
15 -7.0 7
16 -7.0 7
17 -13.0 13
18 -26.0 26
19 -9.0 9
20 -7.0 7
21 -7.0 7
22 -7.0 7
23 -7.0 7
0 -50.0 50
1 -50.0 50
2 -50.0 50
3 -23.0 23
4 -50.0 50
5 -46.0 46
6 -50.0 50
7 -23.0 23
8 -47.0 47
9 -48.0 48
10 -7.0 7
11 -8.0 8
12 -13.0 13
13 -8.0 8
14 -8.0 8
15 -12.0 12
16 -11.0 11
17 -9.0 9
18 -10.0 10
19 -7.0 7
20 -15.0 15
21 -7.0 7
22 -9.0 9
23 -7.0 7
0 -50.0 50
1 -50.0 50
2 -25.0 25
3 -50.0 50
4 -50.0 50
5 -25.0 25
6 -24.0 24
7 -20.0 20
8 -24.0 24
9 -19.0 19
10 -45.0 45
11 -14.0 14
12 -24.0 24
13 -33.0 33
14 -25.0 25
15 -17.0 17
16 -9.0 9
17 -13.0 13
18 -11.0 11
19 -14.0 14
20 -20.0 20
21 -7.0 7
22 -7.0 7
23 -7.0 7
0 -50.0 50
1 -50.0 50
2 -50.0 50
3 -16.0 16
4 -50.0 50
5 -24.0 24
6 -50.0 50
7 -38.0 38
8 -30.0 30
9 -12.0 12
10 -11.0 11
11 -9.0 9
12 -8.0 8
13 -9.0 9
14 -13.0 13
15 -8.0 8
16 -17.0 17
17 -11.0 11
18 -9.0 9
19 -20.0 20
20 -20.0 20
21 -7.0 7
22 -9.0 9
23 -9.0 9
0 -50.0 50
1 -50.0 50
2 -50.0 50
3 -48.0 48
4 -14.0 14
5 -19.0 19
6 -50.0 50
7 -12.0 12
8 -13.0 13
9 -7.0 7
10 -50.0 50
11 -15.0 15
12 -13.0 13
13 -11.0 11
14 -8.0 8
15 -7.0 7
16 -7.0 7
17 -8.0 8
18 -7.0 7
19 -7.0 7
20 -11.0 11
21 -7.0 7
22 -7.0 7
23 -7.0 7
0 -50.0 50
1 -50.0 50
2 -24.0 24
3 -40.0 40
4 -50.0 50
5 -50.0 50
6 -50.0 50
7 -24.0 24
8 -10.0 10
9 -7.0 7
10 -9.0 9
11 -12.0 12
12 -20.0 20
13 -12.0 12
14 -10.0 10
15 -10.0 10
16 -10.0 10
17 -10.0 10
18 -9.0 9
19 -9.0 9
20 -7.0 7
21 -7.0 7
22 -7.0 7
23 -7.0 7
0 -50.0 50
1 -50.0 50
2 -50.0 50
3 -50.0 50
4 -31.0 31
5 -50.0 50
6 -40.0 40
7 -20.0 20
8 -14.0 14
9 -8.0 8
10 -9.0 9
11 -12.0 12
12 -7.0 7
13 -13.0 13
14 -9.0 9
15 -13.0 13
16 -10.0 10
17 -8.0 8
18 -7.0 7
19 -7.0 7
20 -9.0 9
21 -7.0 7
22 -8.0 8
23 -7.0 7
0 -50.0 50
1 -50.0 50
2 -50.0 50
3 -33.0 33
4 -50.0 50
5 -50.0 50
6 -25.0 25
7 -12.0 12
8 -17.0 17
9 -9.0 9
10 -12.0 12
11 -14.0 14
12 -14.0 14
13 -33.0 33
14 -23.0 23
15 -7.0 7
16 -7.0 7
17 -7.0 7
18 -7.0 7
19 -9.0 9
20 -9.0 9
21 -7.0 7
22 -8.0 8
23 -7.0 7
0 -50.0 50
1 -50.0 50
2 -33.0 33
3 -40.0 40
4 -50.0 50
5 -50.0 50
6 -38.0 38
7 -23.0 23
8 -20.0 20
9 -10.0 10
10 -7.0 7
11 -8.0 8
12 -12.0 12
13 -14.0 14
14 -19.0 19
15 -7.0 7
16 -7.0 7
17 -9.0 9
18 -8.0 8
19 -7.0 7
20 -8.0 8
21 -7.0 7
22 -7.0 7
23 -7.0 7
0 -42.0 42
1 -50.0 50
2 -50.0 50
3 -45.0 45
4 -46.0 46
5 -50.0 50
6 -13.0 13
7 -20.0 20
8 -14.0 14
9 -13.0 13
10 -9.0 9
11 -50.0 50
12 -15.0 15
13 -10.0 10
14 -7.0 7
15 -7.0 7
16 -7.0 7
17 -7.0 7
18 -8.0 8
19 -7.0 7
20 -7.0 7
21 -8.0 8
22 -7.0 7
23 -7.0 7
0 -50.0 50
1 -50.0 50
2 -50.0 50
3 -50.0 50
4 -33.0 33
5 -15.0 15
6 -19.0 19
7 -50.0 50
8 -50.0 50
9 -50.0 50
10 -20.0 20
11 -10.0 10
12 -8.0 8
13 -21.0 21
14 -14.0 14
15 -7.0 7
16 -8.0 8
17 -8.0 8
18 -8.0 8
19 -7.0 7
20 -10.0 10
21 -7.0 7
22 -7.0 7
23 -7.0 7
0 -50.0 50
1 -50.0 50
2 -50.0 50
3 -41.0 41
4 -44.0 44
5 -15.0 15
6 -15.0 15
7 -50.0 50
8 -50.0 50
9 -18.0 18
10 -11.0 11
11 -34.0 34
12 -15.0 15
13 -7.0 7
14 -17.0 17
15 -10.0 10
16 -7.0 7
17 -10.0 10
18 -7.0 7
19 -7.0 7
20 -7.0 7
21 -7.0 7
22 -8.0 8
23 -7.0 7
0 -50.0 50
1 -32.0 32
2 -50.0 50
3 -50.0 50
4 -50.0 50
5 -50.0 50
6 -39.0 39
7 -19.0 19
8 -50.0 50
9 -24.0 24
10 -10.0 10
11 -9.0 9
12 -7.0 7
13 -7.0 7
14 -11.0 11
15 -7.0 7
16 -8.0 8
17 -8.0 8
18 -7.0 7
19 -8.0 8
20 -11.0 11
21 -9.0 9
22 -11.0 11
23 -9.0 9
0 -50.0 50
1 -19.0 19
2 -50.0 50
3 -50.0 50
4 -50.0 50
5 -45.0 45
6 -23.0 23
7 -32.0 32
8 -43.0 43
9 -17.0 17
10 -8.0 8
11 -9.0 9
12 -17.0 17
13 -10.0 10
14 -7.0 7
15 -7.0 7
16 -10.0 10
17 -7.0 7
18 -14.0 14
19 -7.0 7
20 -7.0 7
21 -10.0 10
22 -7.0 7
23 -7.0 7
0 -50.0 50
1 -50.0 50
2 -50.0 50
3 -50.0 50
4 -29.0 29
5 -31.0 31
6 -47.0 47
7 -23.0 23
8 -8.0 8
9 -8.0 8
10 -7.0 7
11 -14.0 14
12 -11.0 11
13 -11.0 11
14 -11.0 11
15 -10.0 10
16 -8.0 8
17 -7.0 7
18 -7.0 7
19 -9.0 9
20 -50.0 50
21 -11.0 11
22 -9.0 9
23 -7.0 7
0 -50.0 50
1 -50.0 50
2 -17.0 17
3 -50.0 50
4 -47.0 47
5 -22.0 22
6 -50.0 50
7 -12.0 12
8 -7.0 7
9 -7.0 7
10 -10.0 10
11 -7.0 7
12 -10.0 10
13 -13.0 13
14 -9.0 9
15 -7.0 7
16 -7.0 7
17 -22.0 22
18 -13.0 13
19 -18.0 18
20 -14.0 14
21 -11.0 11
22 -10.0 10
23 -7.0 7
0 -50.0 50
1 -50.0 50
2 -50.0 50
3 -13.0 13
4 -50.0 50
5 -40.0 40
6 -44.0 44
7 -46.0 46
8 -14.0 14
9 -10.0 10
10 -23.0 23
11 -7.0 7
12 -7.0 7
13 -7.0 7
14 -11.0 11
15 -11.0 11
16 -8.0 8
17 -7.0 7
18 -8.0 8
19 -7.0 7
20 -7.0 7
21 -7.0 7
22 -7.0 7
23 -7.0 7
0 -50.0 50
1 -50.0 50
2 -50.0 50
3 -30.0 30
4 -41.0 41
5 -37.0 37
6 -50.0 50
7 -13.0 13
8 -19.0 19
9 -12.0 12
10 -10.0 10
11 -16.0 16
12 -10.0 10
13 -9.0 9
14 -7.0 7
15 -10.0 10
16 -9.0 9
17 -12.0 12
18 -8.0 8
19 -9.0 9
20 -7.0 7
21 -7.0 7
22 -7.0 7
23 -7.0 7
0 -29.0 29
1 -50.0 50
2 -50.0 50
3 -50.0 50
4 -50.0 50
5 -50.0 50
6 -28.0 28
7 -11.0 11
8 -15.0 15
9 -11.0 11
10 -14.0 14
11 -38.0 38
12 -16.0 16
13 -10.0 10
14 -10.0 10
15 -12.0 12
16 -22.0 22
17 -14.0 14
18 -21.0 21
19 -19.0 19
20 -17.0 17
21 -9.0 9
22 -7.0 7
23 -7.0 7
0 -36.0 36
1 -50.0 50
2 -50.0 50
3 -23.0 23
4 -50.0 50
5 -26.0 26
6 -50.0 50
7 -24.0 24
8 -39.0 39
9 -15.0 15
10 -7.0 7
11 -9.0 9
12 -10.0 10
13 -7.0 7
14 -7.0 7
15 -7.0 7
16 -25.0 25
17 -12.0 12
18 -12.0 12
19 -9.0 9
20 -7.0 7
21 -7.0 7
22 -7.0 7
23 -7.0 7
0 -50.0 50
1 -50.0 50
2 -42.0 42
3 -50.0 50
4 -50.0 50
5 -24.0 24
6 -48.0 48
7 -39.0 39
8 -14.0 14
9 -17.0 17
10 -8.0 8
11 -15.0 15
12 -8.0 8
13 -10.0 10
14 -10.0 10
15 -7.0 7
16 -9.0 9
17 -13.0 13
18 -9.0 9
19 -14.0 14
20 -15.0 15
21 -7.0 7
22 -7.0 7
23 -7.0 7
0 -50.0 50
1 -50.0 50
2 -22.0 22
3 -50.0 50
4 -34.0 34
5 -40.0 40
6 -50.0 50
7 -45.0 45
8 -9.0 9
9 -7.0 7
10 -7.0 7
11 -7.0 7
12 -8.0 8
13 -10.0 10
14 -10.0 10
15 -7.0 7
16 -7.0 7
17 -7.0 7
18 -9.0 9
19 -9.0 9
20 -7.0 7
21 -7.0 7
22 -7.0 7
23 -7.0 7
0 -50.0 50
1 -50.0 50
2 -50.0 50
3 -50.0 50
4 -49.0 49
5 -21.0 21
6 -18.0 18
7 -30.0 30
8 -11.0 11
9 -9.0 9
10 -11.0 11
11 -9.0 9
12 -7.0 7
13 -14.0 14
14 -10.0 10
15 -11.0 11
16 -22.0 22
17 -29.0 29
18 -9.0 9
19 -8.0 8
20 -8.0 8
21 -7.0 7
22 -7.0 7
23 -7.0 7
0 -50.0 50
1 -32.0 32
2 -50.0 50
3 -50.0 50
4 -50.0 50
5 -31.0 31
6 -12.0 12
7 -20.0 20
8 -19.0 19
9 -14.0 14
10 -23.0 23
11 -30.0 30
12 -48.0 48
13 -46.0 46
14 -18.0 18
15 -10.0 10
16 -12.0 12
17 -13.0 13
18 -7.0 7
19 -10.0 10
20 -7.0 7
21 -8.0 8
22 -7.0 7
23 -7.0 7
0 -44.0 44
1 -50.0 50
2 -50.0 50
3 -50.0 50
4 -50.0 50
5 -50.0 50
6 -28.0 28
7 -50.0 50
8 -50.0 50
9 -19.0 19
10 -15.0 15
11 -11.0 11
12 -15.0 15
13 -10.0 10
14 -9.0 9
15 -18.0 18
16 -11.0 11
17 -7.0 7
18 -12.0 12
19 -12.0 12
20 -10.0 10
21 -8.0 8
22 -7.0 7
23 -7.0 7
0 -50.0 50
1 -50.0 50
2 -31.0 31
3 -50.0 50
4 -37.0 37
5 -30.0 30
6 -50.0 50
7 -11.0 11
8 -14.0 14
9 -11.0 11
10 -14.0 14
11 -16.0 16
12 -13.0 13
13 -9.0 9
14 -8.0 8
15 -7.0 7
16 -50.0 50
17 -12.0 12
18 -13.0 13
19 -8.0 8
20 -11.0 11
21 -13.0 13
22 -7.0 7
23 -7.0 7
0 -48.0 48
1 -50.0 50
2 -50.0 50
3 -50.0 50
4 -50.0 50
5 -50.0 50
6 -12.0 12
7 -12.0 12
8 -10.0 10
9 -10.0 10
10 -12.0 12
11 -19.0 19
12 -12.0 12
13 -12.0 12
14 -7.0 7
15 -7.0 7
16 -7.0 7
17 -7.0 7
18 -7.0 7
19 -19.0 19
20 -8.0 8
21 -9.0 9
22 -7.0 7
23 -7.0 7
0 -50.0 50
1 -18.0 18
2 -50.0 50
3 -50.0 50
4 -50.0 50
5 -46.0 46
6 -50.0 50
7 -16.0 16
8 -13.0 13
9 -8.0 8
10 -12.0 12
11 -27.0 27
12 -17.0 17
13 -7.0 7
14 -8.0 8
15 -11.0 11
16 -10.0 10
17 -11.0 11
18 -11.0 11
19 -8.0 8
20 -14.0 14
21 -15.0 15
22 -7.0 7
23 -7.0 7
0 -50.0 50
1 -45.0 45
2 -35.0 35
3 -50.0 50
4 -50.0 50
5 -49.0 49
6 -32.0 32
7 -13.0 13
8 -17.0 17
9 -22.0 22
10 -21.0 21
11 -14.0 14
12 -7.0 7
13 -7.0 7
14 -11.0 11
15 -18.0 18
16 -7.0 7
17 -10.0 10
18 -13.0 13
19 -7.0 7
20 -7.0 7
21 -7.0 7
22 -7.0 7
23 -7.0 7
0 -45.0 45
1 -50.0 50
2 -50.0 50
3 -42.0 42
4 -50.0 50
5 -50.0 50
6 -21.0 21
7 -8.0 8
8 -8.0 8
9 -8.0 8
10 -19.0 19
11 -7.0 7
12 -14.0 14
13 -22.0 22
14 -7.0 7
15 -7.0 7
16 -24.0 24
17 -7.0 7
18 -8.0 8
19 -8.0 8
20 -7.0 7
21 -8.0 8
22 -7.0 7
23 -7.0 7
0 -50.0 50
1 -50.0 50
2 -25.0 25
3 -50.0 50
4 -50.0 50
5 -33.0 33
6 -23.0 23
7 -50.0 50
8 -29.0 29
9 -27.0 27
10 -12.0 12
11 -13.0 13
12 -9.0 9
13 -9.0 9
14 -25.0 25
15 -26.0 26
16 -8.0 8
17 -9.0 9
18 -9.0 9
19 -7.0 7
20 -7.0 7
21 -7.0 7
22 -7.0 7
23 -7.0 7
0 -50.0 50
1 -50.0 50
2 -38.0 38
3 -50.0 50
4 -50.0 50
5 -23.0 23
6 -25.0 25
7 -30.0 30
8 -16.0 16
9 -14.0 14
10 -9.0 9
11 -12.0 12
12 -45.0 45
13 -22.0 22
14 -9.0 9
15 -10.0 10
16 -7.0 7
17 -50.0 50
18 -16.0 16
19 -7.0 7
20 -7.0 7
21 -7.0 7
22 -7.0 7
23 -7.0 7
0 -50.0 50
1 -50.0 50
2 -19.0 19
3 -29.0 29
4 -50.0 50
5 -44.0 44
6 -47.0 47
7 -11.0 11
8 -21.0 21
9 -25.0 25
10 -24.0 24
11 -18.0 18
12 -11.0 11
13 -7.0 7
14 -9.0 9
15 -9.0 9
16 -11.0 11
17 -31.0 31
18 -13.0 13
19 -7.0 7
20 -7.0 7
21 -7.0 7
22 -7.0 7
23 -7.0 7
0 -50.0 50
1 -42.0 42
2 -50.0 50
3 -50.0 50
4 -50.0 50
5 -31.0 31
6 -50.0 50
7 -47.0 47
8 -13.0 13
9 -9.0 9
10 -11.0 11
11 -8.0 8
12 -11.0 11
13 -10.0 10
14 -10.0 10
15 -7.0 7
16 -13.0 13
17 -7.0 7
18 -7.0 7
19 -8.0 8
20 -7.0 7
21 -7.0 7
22 -7.0 7
23 -8.0 8
0 -50.0 50
1 -50.0 50
2 -36.0 36
3 -50.0 50
4 -50.0 50
5 -26.0 26
6 -13.0 13
7 -14.0 14
8 -50.0 50
9 -20.0 20
10 -35.0 35
11 -7.0 7
12 -10.0 10
13 -18.0 18
14 -11.0 11
15 -10.0 10
16 -8.0 8
17 -13.0 13
18 -24.0 24
19 -17.0 17
20 -7.0 7
21 -7.0 7
22 -7.0 7
23 -7.0 7
0 -50.0 50
1 -50.0 50
2 -50.0 50
3 -18.0 18
4 -35.0 35
5 -50.0 50
6 -15.0 15
7 -23.0 23
8 -11.0 11
9 -16.0 16
10 -20.0 20
11 -23.0 23
12 -13.0 13
13 -50.0 50
14 -30.0 30
15 -13.0 13
16 -9.0 9
17 -7.0 7
18 -7.0 7
19 -8.0 8
20 -13.0 13
21 -10.0 10
22 -7.0 7
23 -7.0 7
0 -50.0 50
1 -50.0 50
2 -23.0 23
3 -49.0 49
4 -50.0 50
5 -47.0 47
6 -46.0 46
7 -38.0 38
8 -17.0 17
9 -24.0 24
10 -10.0 10
11 -11.0 11
12 -7.0 7
13 -7.0 7
14 -7.0 7
15 -11.0 11
16 -9.0 9
17 -8.0 8
18 -7.0 7
19 -8.0 8
20 -14.0 14
21 -7.0 7
22 -7.0 7
23 -7.0 7
0 -50.0 50
1 -50.0 50
2 -50.0 50
3 -26.0 26
4 -21.0 21
5 -19.0 19
6 -50.0 50
7 -34.0 34
8 -19.0 19
9 -26.0 26
10 -37.0 37
11 -20.0 20
12 -8.0 8
13 -7.0 7
14 -8.0 8
15 -15.0 15
16 -8.0 8
17 -8.0 8
18 -10.0 10
19 -11.0 11
20 -7.0 7
21 -9.0 9
22 -7.0 7
23 -7.0 7
0 -50.0 50
1 -50.0 50
2 -38.0 38
3 -50.0 50
4 -25.0 25
5 -50.0 50
6 -45.0 45
7 -49.0 49
8 -24.0 24
9 -12.0 12
10 -15.0 15
11 -9.0 9
12 -7.0 7
13 -7.0 7
14 -14.0 14
15 -10.0 10
16 -23.0 23
17 -27.0 27
18 -11.0 11
19 -9.0 9
20 -7.0 7
21 -8.0 8
22 -7.0 7
23 -7.0 7
0 -50.0 50
1 -50.0 50
2 -50.0 50
3 -50.0 50
4 -19.0 19
5 -17.0 17
6 -19.0 19
7 -37.0 37
8 -50.0 50
9 -23.0 23
10 -20.0 20
11 -33.0 33
12 -29.0 29
13 -39.0 39
14 -18.0 18
15 -13.0 13
16 -11.0 11
17 -10.0 10
18 -9.0 9
19 -12.0 12
20 -11.0 11
21 -11.0 11
22 -10.0 10
23 -9.0 9
0 -50.0 50
1 -41.0 41
2 -50.0 50
3 -50.0 50
4 -45.0 45
5 -41.0 41
6 -32.0 32
7 -18.0 18
8 -9.0 9
9 -15.0 15
10 -9.0 9
11 -12.0 12
12 -9.0 9
13 -14.0 14
14 -9.0 9
15 -14.0 14
16 -7.0 7
17 -10.0 10
18 -8.0 8
19 -7.0 7
20 -8.0 8
21 -7.0 7
22 -31.0 31
23 -47.0 47
0 -50.0 50
1 -38.0 38
2 -50.0 50
3 -30.0 30
4 -50.0 50
5 -39.0 39
6 -35.0 35
7 -24.0 24
8 -15.0 15
9 -14.0 14
10 -15.0 15
11 -10.0 10
12 -50.0 50
13 -25.0 25
14 -7.0 7
15 -7.0 7
16 -10.0 10
17 -10.0 10
18 -7.0 7
19 -7.0 7
20 -7.0 7
21 -7.0 7
22 -7.0 7
23 -7.0 7
0 -45.0 45
1 -50.0 50
2 -50.0 50
3 -50.0 50
4 -44.0 44
5 -39.0 39
6 -12.0 12
7 -7.0 7
8 -11.0 11
9 -12.0 12
10 -49.0 49
11 -12.0 12
12 -13.0 13
13 -10.0 10
14 -32.0 32
15 -40.0 40
16 -30.0 30
17 -12.0 12
18 -8.0 8
19 -8.0 8
20 -9.0 9
21 -7.0 7
22 -7.0 7
23 -7.0 7
0 -50.0 50
1 -50.0 50
2 -50.0 50
3 -25.0 25
4 -50.0 50
5 -50.0 50
6 -25.0 25
7 -13.0 13
8 -8.0 8
9 -12.0 12
10 -8.0 8
11 -7.0 7
12 -17.0 17
13 -12.0 12
14 -12.0 12
15 -10.0 10
16 -8.0 8
17 -10.0 10
18 -30.0 30
19 -26.0 26
20 -13.0 13
21 -13.0 13
22 -7.0 7
23 -7.0 7
0 -50.0 50
1 -50.0 50
2 -35.0 35
3 -50.0 50
4 -50.0 50
5 -25.0 25
6 -26.0 26
7 -23.0 23
8 -22.0 22
9 -19.0 19
10 -7.0 7
11 -10.0 10
12 -14.0 14
13 -14.0 14
14 -9.0 9
15 -10.0 10
16 -9.0 9
17 -29.0 29
18 -50.0 50
19 -12.0 12
20 -7.0 7
21 -9.0 9
22 -7.0 7
23 -7.0 7
0 -37.0 37
1 -50.0 50
2 -50.0 50
3 -50.0 50
4 -30.0 30
5 -50.0 50
6 -19.0 19
7 -27.0 27
8 -22.0 22
9 -13.0 13
10 -12.0 12
11 -8.0 8
12 -8.0 8
13 -9.0 9
14 -11.0 11
15 -7.0 7
16 -8.0 8
17 -8.0 8
18 -8.0 8
19 -8.0 8
20 -10.0 10
21 -9.0 9
22 -7.0 7
23 -7.0 7
0 -50.0 50
1 -41.0 41
2 -50.0 50
3 -50.0 50
4 -50.0 50
5 -35.0 35
6 -22.0 22
7 -14.0 14
8 -9.0 9
9 -8.0 8
10 -12.0 12
11 -7.0 7
12 -15.0 15
13 -14.0 14
14 -26.0 26
15 -11.0 11
16 -7.0 7
17 -7.0 7
18 -7.0 7
19 -11.0 11
20 -8.0 8
21 -7.0 7
22 -9.0 9
23 -7.0 7
0 -50.0 50
1 -50.0 50
2 -50.0 50
3 -29.0 29
4 -50.0 50
5 -19.0 19
6 -38.0 38
7 -44.0 44
8 -50.0 50
9 -17.0 17
10 -11.0 11
11 -14.0 14
12 -12.0 12
13 -13.0 13
14 -8.0 8
15 -7.0 7
16 -7.0 7
17 -7.0 7
18 -8.0 8
19 -7.0 7
20 -7.0 7
21 -9.0 9
22 -7.0 7
23 -7.0 7
0 -37.0 37
1 -50.0 50
2 -50.0 50
3 -50.0 50
4 -43.0 43
5 -50.0 50
6 -50.0 50
7 -28.0 28
8 -31.0 31
9 -14.0 14
10 -14.0 14
11 -17.0 17
12 -15.0 15
13 -8.0 8
14 -9.0 9
15 -12.0 12
16 -9.0 9
17 -13.0 13
18 -7.0 7
19 -7.0 7
20 -8.0 8
21 -7.0 7
22 -7.0 7
23 -7.0 7
0 -50.0 50
1 -37.0 37
2 -50.0 50
3 -50.0 50
4 -30.0 30
5 -39.0 39
6 -50.0 50
7 -14.0 14
8 -14.0 14
9 -12.0 12
10 -47.0 47
11 -17.0 17
12 -13.0 13
13 -10.0 10
14 -7.0 7
15 -7.0 7
16 -7.0 7
17 -8.0 8
18 -7.0 7
19 -7.0 7
20 -7.0 7
21 -7.0 7
22 -7.0 7
23 -7.0 7
0 -50.0 50
1 -19.0 19
2 -50.0 50
3 -50.0 50
4 -46.0 46
5 -50.0 50
6 -29.0 29
7 -17.0 17
8 -9.0 9
9 -9.0 9
10 -13.0 13
11 -12.0 12
12 -9.0 9
13 -8.0 8
14 -20.0 20
15 -14.0 14
16 -13.0 13
17 -9.0 9
18 -7.0 7
19 -7.0 7
20 -7.0 7
21 -7.0 7
22 -7.0 7
23 -7.0 7
0 -50.0 50
1 -50.0 50
2 -50.0 50
3 -40.0 40
4 -50.0 50
5 -19.0 19
6 -7.0 7
7 -8.0 8
8 -8.0 8
9 -10.0 10
10 -12.0 12
11 -19.0 19
12 -40.0 40
13 -34.0 34
14 -15.0 15
15 -16.0 16
16 -15.0 15
17 -26.0 26
18 -11.0 11
19 -16.0 16
20 -7.0 7
21 -7.0 7
22 -7.0 7
23 -7.0 7
0 -26.0 26
1 -50.0 50
2 -50.0 50
3 -35.0 35
4 -44.0 44
5 -50.0 50
6 -30.0 30
7 -29.0 29
8 -18.0 18
9 -13.0 13
10 -8.0 8
11 -7.0 7
12 -7.0 7
13 -8.0 8
14 -8.0 8
15 -13.0 13
16 -7.0 7
17 -7.0 7
18 -21.0 21
19 -13.0 13
20 -7.0 7
21 -8.0 8
22 -7.0 7
23 -7.0 7
0 -50.0 50
1 -34.0 34
2 -50.0 50
3 -50.0 50
4 -50.0 50
5 -21.0 21
6 -50.0 50
7 -17.0 17
8 -11.0 11
9 -9.0 9
10 -50.0 50
11 -15.0 15
12 -15.0 15
13 -10.0 10
14 -9.0 9
15 -7.0 7
16 -7.0 7
17 -8.0 8
18 -8.0 8
19 -7.0 7
20 -8.0 8
21 -7.0 7
22 -7.0 7
23 -7.0 7
0 -25.0 25
1 -50.0 50
2 -50.0 50
3 -29.0 29
4 -50.0 50
5 -50.0 50
6 -50.0 50
7 -21.0 21
8 -17.0 17
9 -7.0 7
10 -7.0 7
11 -9.0 9
12 -21.0 21
13 -16.0 16
14 -23.0 23
15 -14.0 14
16 -7.0 7
17 -8.0 8
18 -8.0 8
19 -7.0 7
20 -7.0 7
21 -7.0 7
22 -7.0 7
23 -7.0 7
0 -50.0 50
1 -50.0 50
2 -50.0 50
3 -50.0 50
4 -39.0 39
5 -50.0 50
6 -33.0 33
7 -24.0 24
8 -16.0 16
9 -10.0 10
10 -12.0 12
11 -12.0 12
12 -23.0 23
13 -7.0 7
14 -8.0 8
15 -7.0 7
16 -8.0 8
17 -7.0 7
18 -9.0 9
19 -17.0 17
20 -15.0 15
21 -7.0 7
22 -7.0 7
23 -7.0 7
0 -26.0 26
1 -50.0 50
2 -50.0 50
3 -50.0 50
4 -50.0 50
5 -44.0 44
6 -30.0 30
7 -10.0 10
8 -12.0 12
9 -15.0 15
10 -15.0 15
11 -16.0 16
12 -16.0 16
13 -10.0 10
14 -7.0 7
15 -7.0 7
16 -7.0 7
17 -8.0 8
18 -9.0 9
19 -8.0 8
20 -8.0 8
21 -7.0 7
22 -9.0 9
23 -7.0 7
0 -50.0 50
1 -50.0 50
2 -50.0 50
3 -48.0 48
4 -40.0 40
5 -27.0 27
6 -11.0 11
7 -39.0 39
8 -20.0 20
9 -22.0 22
10 -20.0 20
11 -11.0 11
12 -9.0 9
13 -11.0 11
14 -8.0 8
15 -9.0 9
16 -7.0 7
17 -7.0 7
18 -8.0 8
19 -9.0 9
20 -7.0 7
21 -11.0 11
22 -12.0 12
23 -10.0 10
0 -50.0 50
1 -24.0 24
2 -50.0 50
3 -50.0 50
4 -50.0 50
5 -24.0 24
6 -34.0 34
7 -36.0 36
8 -50.0 50
9 -12.0 12
10 -14.0 14
11 -11.0 11
12 -9.0 9
13 -7.0 7
14 -7.0 7
15 -8.0 8
16 -7.0 7
17 -7.0 7
18 -8.0 8
19 -7.0 7
20 -11.0 11
21 -11.0 11
22 -12.0 12
23 -11.0 11
0 -50.0 50
1 -39.0 39
2 -50.0 50
3 -50.0 50
4 -50.0 50
5 -44.0 44
6 -23.0 23
7 -17.0 17
8 -13.0 13
9 -11.0 11
10 -16.0 16
11 -16.0 16
12 -8.0 8
13 -10.0 10
14 -20.0 20
15 -9.0 9
16 -8.0 8
17 -7.0 7
18 -8.0 8
19 -7.0 7
20 -7.0 7
21 -7.0 7
22 -7.0 7
23 -8.0 8
0 -30.0 30
1 -50.0 50
2 -50.0 50
3 -50.0 50
4 -50.0 50
5 -50.0 50
6 -24.0 24
7 -26.0 26
8 -16.0 16
9 -13.0 13
10 -14.0 14
11 -17.0 17
12 -10.0 10
13 -8.0 8
14 -7.0 7
15 -9.0 9
16 -9.0 9
17 -9.0 9
18 -8.0 8
19 -9.0 9
20 -12.0 12
21 -9.0 9
22 -7.0 7
23 -7.0 7
0 -28.0 28
1 -50.0 50
2 -48.0 48
3 -50.0 50
4 -50.0 50
5 -19.0 19
6 -24.0 24
7 -50.0 50
8 -27.0 27
9 -29.0 29
10 -11.0 11
11 -11.0 11
12 -7.0 7
13 -7.0 7
14 -7.0 7
15 -7.0 7
16 -9.0 9
17 -8.0 8
18 -14.0 14
19 -15.0 15
20 -7.0 7
21 -7.0 7
22 -7.0 7
23 -7.0 7
0 -45.0 45
1 -50.0 50
2 -44.0 44
3 -50.0 50
4 -50.0 50
5 -17.0 17
6 -20.0 20
7 -10.0 10
8 -21.0 21
9 -24.0 24
10 -50.0 50
11 -18.0 18
12 -15.0 15
13 -10.0 10
14 -11.0 11
15 -7.0 7
16 -7.0 7
17 -10.0 10
18 -7.0 7
19 -8.0 8
20 -8.0 8
21 -7.0 7
22 -9.0 9
23 -7.0 7
0 -50.0 50
1 -30.0 30
2 -50.0 50
3 -43.0 43
4 -33.0 33
5 -50.0 50
6 -25.0 25
7 -50.0 50
8 -18.0 18
9 -29.0 29
10 -49.0 49
11 -19.0 19
12 -7.0 7
13 -11.0 11
14 -8.0 8
15 -7.0 7
16 -10.0 10
17 -8.0 8
18 -9.0 9
19 -7.0 7
20 -7.0 7
21 -7.0 7
22 -7.0 7
23 -7.0 7
0 -50.0 50
1 -48.0 48
2 -50.0 50
3 -43.0 43
4 -50.0 50
5 -46.0 46
6 -9.0 9
7 -7.0 7
8 -7.0 7
9 -9.0 9
10 -23.0 23
11 -9.0 9
12 -7.0 7
13 -8.0 8
14 -10.0 10
15 -12.0 12
16 -42.0 42
17 -13.0 13
18 -8.0 8
19 -10.0 10
20 -28.0 28
21 -34.0 34
22 -19.0 19
23 -11.0 11
0 -50.0 50
1 -50.0 50
2 -50.0 50
3 -31.0 31
4 -50.0 50
5 -24.0 24
6 -12.0 12
7 -7.0 7
8 -9.0 9
9 -23.0 23
10 -46.0 46
11 -23.0 23
12 -21.0 21
13 -22.0 22
14 -17.0 17
15 -23.0 23
16 -14.0 14
17 -9.0 9
18 -7.0 7
19 -12.0 12
20 -14.0 14
21 -7.0 7
22 -7.0 7
23 -9.0 9
0 -50.0 50
1 -50.0 50
2 -50.0 50
3 -35.0 35
4 -43.0 43
5 -50.0 50
6 -50.0 50
7 -30.0 30
8 -9.0 9
9 -11.0 11
10 -12.0 12
11 -8.0 8
12 -8.0 8
13 -9.0 9
14 -9.0 9
15 -15.0 15
16 -18.0 18
17 -8.0 8
18 -7.0 7
19 -7.0 7
20 -7.0 7
21 -7.0 7
22 -9.0 9
23 -7.0 7
0 -50.0 50
1 -37.0 37
2 -50.0 50
3 -40.0 40
4 -50.0 50
5 -24.0 24
6 -39.0 39
7 -7.0 7
8 -34.0 34
9 -50.0 50
10 -17.0 17
11 -21.0 21
12 -13.0 13
13 -7.0 7
14 -8.0 8
15 -12.0 12
16 -8.0 8
17 -8.0 8
18 -7.0 7
19 -7.0 7
20 -8.0 8
21 -7.0 7
22 -7.0 7
23 -7.0 7
0 -50.0 50
1 -50.0 50
2 -50.0 50
3 -34.0 34
4 -50.0 50
5 -50.0 50
6 -17.0 17
7 -18.0 18
8 -13.0 13
9 -10.0 10
10 -15.0 15
11 -9.0 9
12 -8.0 8
13 -11.0 11
14 -12.0 12
15 -9.0 9
16 -7.0 7
17 -8.0 8
18 -7.0 7
19 -7.0 7
20 -7.0 7
21 -7.0 7
22 -7.0 7
23 -7.0 7
0 -31.0 31
1 -50.0 50
2 -50.0 50
3 -42.0 42
4 -50.0 50
5 -36.0 36
6 -50.0 50
7 -28.0 28
8 -35.0 35
9 -13.0 13
10 -15.0 15
11 -17.0 17
12 -9.0 9
13 -7.0 7
14 -8.0 8
15 -8.0 8
16 -8.0 8
17 -13.0 13
18 -12.0 12
19 -8.0 8
20 -7.0 7
21 -21.0 21
22 -23.0 23
23 -10.0 10
0 -50.0 50
1 -36.0 36
2 -50.0 50
3 -50.0 50
4 -50.0 50
5 -34.0 34
6 -20.0 20
7 -14.0 14
8 -20.0 20
9 -17.0 17
10 -50.0 50
11 -17.0 17
12 -10.0 10
13 -12.0 12
14 -7.0 7
15 -7.0 7
16 -9.0 9
17 -9.0 9
18 -18.0 18
19 -16.0 16
20 -10.0 10
21 -7.0 7
22 -7.0 7
23 -7.0 7
0 -50.0 50
1 -50.0 50
2 -50.0 50
3 -43.0 43
4 -50.0 50
5 -50.0 50
6 -37.0 37
7 -41.0 41
8 -26.0 26
9 -30.0 30
10 -13.0 13
11 -10.0 10
12 -7.0 7
13 -8.0 8
14 -7.0 7
15 -8.0 8
16 -9.0 9
17 -10.0 10
18 -11.0 11
19 -8.0 8
20 -7.0 7
21 -7.0 7
22 -7.0 7
23 -7.0 7
0 -50.0 50
1 -50.0 50
2 -32.0 32
3 -50.0 50
4 -20.0 20
5 -23.0 23
6 -49.0 49
7 -48.0 48
8 -15.0 15
9 -12.0 12
10 -19.0 19
11 -9.0 9
12 -7.0 7
13 -7.0 7
14 -8.0 8
15 -7.0 7
16 -8.0 8
17 -10.0 10
18 -8.0 8
19 -7.0 7
20 -9.0 9
21 -15.0 15
22 -15.0 15
23 -7.0 7
0 -31.0 31
1 -50.0 50
2 -50.0 50
3 -50.0 50
4 -50.0 50
5 -37.0 37
6 -17.0 17
7 -12.0 12
8 -14.0 14
9 -14.0 14
10 -12.0 12
11 -18.0 18
12 -17.0 17
13 -12.0 12
14 -50.0 50
15 -18.0 18
16 -8.0 8
17 -7.0 7
18 -7.0 7
19 -7.0 7
20 -8.0 8
21 -7.0 7
22 -7.0 7
23 -7.0 7
0 -50.0 50
1 -30.0 30
2 -50.0 50
3 -36.0 36
4 -50.0 50
5 -32.0 32
6 -30.0 30
7 -30.0 30
8 -11.0 11
9 -49.0 49
10 -25.0 25
11 -20.0 20
12 -14.0 14
13 -12.0 12
14 -7.0 7
15 -9.0 9
16 -7.0 7
17 -7.0 7
18 -11.0 11
19 -7.0 7
20 -7.0 7
21 -7.0 7
22 -7.0 7
23 -7.0 7
0 -50.0 50
1 -50.0 50
2 -50.0 50
3 -50.0 50
4 -22.0 22
5 -19.0 19
6 -50.0 50
7 -18.0 18
8 -15.0 15
9 -7.0 7
10 -8.0 8
11 -7.0 7
12 -14.0 14
13 -7.0 7
14 -7.0 7
15 -16.0 16
16 -7.0 7
17 -7.0 7
18 -12.0 12
19 -9.0 9
20 -7.0 7
21 -7.0 7
22 -7.0 7
23 -7.0 7
0 -42.0 42
1 -50.0 50
2 -50.0 50
3 -36.0 36
4 -50.0 50
5 -50.0 50
6 -39.0 39
7 -10.0 10
8 -11.0 11
9 -8.0 8
10 -34.0 34
11 -12.0 12
12 -10.0 10
13 -10.0 10
14 -12.0 12
15 -10.0 10
16 -8.0 8
17 -8.0 8
18 -7.0 7
19 -7.0 7
20 -7.0 7
21 -9.0 9
22 -7.0 7
23 -7.0 7
0 -34.0 34
1 -50.0 50
2 -50.0 50
3 -50.0 50
4 -28.0 28
5 -33.0 33
6 -50.0 50
7 -49.0 49
8 -11.0 11
9 -12.0 12
10 -13.0 13
11 -23.0 23
12 -12.0 12
13 -9.0 9
14 -11.0 11
15 -8.0 8
16 -7.0 7
17 -8.0 8
18 -7.0 7
19 -9.0 9
20 -8.0 8
21 -9.0 9
22 -7.0 7
23 -7.0 7
0 -50.0 50
1 -48.0 48
2 -50.0 50
3 -46.0 46
4 -50.0 50
5 -23.0 23
6 -11.0 11
7 -18.0 18
8 -14.0 14
9 -26.0 26
10 -27.0 27
11 -13.0 13
12 -9.0 9
13 -9.0 9
14 -30.0 30
15 -33.0 33
16 -11.0 11
17 -9.0 9
18 -10.0 10
19 -10.0 10
20 -7.0 7
21 -8.0 8
22 -7.0 7
23 -7.0 7
0 -38.0 38
1 -50.0 50
2 -40.0 40
3 -50.0 50
4 -50.0 50
5 -50.0 50
6 -35.0 35
7 -35.0 35
8 -15.0 15
9 -18.0 18
10 -14.0 14
11 -8.0 8
12 -7.0 7
13 -7.0 7
14 -11.0 11
15 -8.0 8
16 -9.0 9
17 -11.0 11
18 -7.0 7
19 -7.0 7
20 -7.0 7
21 -7.0 7
22 -7.0 7
23 -7.0 7
0 -50.0 50
1 -50.0 50
2 -50.0 50
3 -14.0 14
4 -44.0 44
5 -30.0 30
6 -9.0 9
7 -44.0 44
8 -14.0 14
9 -29.0 29
10 -50.0 50
11 -42.0 42
12 -9.0 9
13 -9.0 9
14 -9.0 9
15 -7.0 7
16 -8.0 8
17 -8.0 8
18 -8.0 8
19 -7.0 7
20 -7.0 7
21 -7.0 7
22 -7.0 7
23 -9.0 9
0 -50.0 50
1 -50.0 50
2 -19.0 19
3 -50.0 50
4 -50.0 50
5 -46.0 46
6 -24.0 24
7 -16.0 16
8 -34.0 34
9 -33.0 33
10 -32.0 32
11 -11.0 11
12 -7.0 7
13 -7.0 7
14 -9.0 9
15 -7.0 7
16 -9.0 9
17 -11.0 11
18 -18.0 18
19 -7.0 7
20 -7.0 7
21 -7.0 7
22 -8.0 8
23 -7.0 7
0 -50.0 50
1 -50.0 50
2 -50.0 50
3 -43.0 43
4 -50.0 50
5 -50.0 50
6 -25.0 25
7 -17.0 17
8 -14.0 14
9 -10.0 10
10 -24.0 24
11 -28.0 28
12 -40.0 40
13 -21.0 21
14 -10.0 10
15 -11.0 11
16 -10.0 10
17 -15.0 15
18 -7.0 7
19 -7.0 7
20 -7.0 7
21 -7.0 7
22 -7.0 7
23 -7.0 7
0 -50.0 50
1 -50.0 50
2 -50.0 50
3 -22.0 22
4 -43.0 43
5 -24.0 24
6 -50.0 50
7 -50.0 50
8 -13.0 13
9 -9.0 9
10 -7.0 7
11 -7.0 7
12 -12.0 12
13 -11.0 11
14 -11.0 11
15 -9.0 9
16 -41.0 41
17 -7.0 7
18 -7.0 7
19 -7.0 7
20 -7.0 7
21 -7.0 7
22 -9.0 9
23 -7.0 7
0 -50.0 50
1 -50.0 50
2 -32.0 32
3 -46.0 46
4 -34.0 34
5 -50.0 50
6 -50.0 50
7 -27.0 27
8 -35.0 35
9 -22.0 22
10 -16.0 16
11 -20.0 20
12 -11.0 11
13 -7.0 7
14 -8.0 8
15 -8.0 8
16 -8.0 8
17 -9.0 9
18 -9.0 9
19 -9.0 9
20 -7.0 7
21 -7.0 7
22 -7.0 7
23 -7.0 7
0 -50.0 50
1 -45.0 45
2 -50.0 50
3 -16.0 16
4 -40.0 40
5 -50.0 50
6 -27.0 27
7 -29.0 29
8 -50.0 50
9 -44.0 44
10 -8.0 8
11 -7.0 7
12 -9.0 9
13 -7.0 7
14 -9.0 9
15 -8.0 8
16 -7.0 7
17 -8.0 8
18 -13.0 13
19 -12.0 12
20 -7.0 7
21 -7.0 7
22 -7.0 7
23 -7.0 7
0 -50.0 50
1 -50.0 50
2 -50.0 50
3 -36.0 36
4 -50.0 50
5 -16.0 16
6 -19.0 19
7 -33.0 33
8 -11.0 11
9 -9.0 9
10 -7.0 7
11 -8.0 8
12 -15.0 15
13 -10.0 10
14 -13.0 13
15 -10.0 10
16 -19.0 19
17 -19.0 19
18 -9.0 9
19 -8.0 8
20 -7.0 7
21 -7.0 7
22 -7.0 7
23 -7.0 7
0 -50.0 50
1 -50.0 50
2 -49.0 49
3 -50.0 50
4 -50.0 50
5 -19.0 19
6 -16.0 16
7 -15.0 15
8 -8.0 8
9 -9.0 9
10 -7.0 7
11 -10.0 10
12 -12.0 12
13 -9.0 9
14 -7.0 7
15 -13.0 13
16 -9.0 9
17 -17.0 17
18 -42.0 42
19 -30.0 30
20 -9.0 9
21 -8.0 8
22 -7.0 7
23 -7.0 7
0 -50.0 50
1 -50.0 50
2 -50.0 50
3 -45.0 45
4 -39.0 39
5 -50.0 50
6 -23.0 23
7 -19.0 19
8 -30.0 30
9 -23.0 23
10 -12.0 12
11 -9.0 9
12 -13.0 13
13 -13.0 13
14 -44.0 44
15 -16.0 16
16 -8.0 8
17 -7.0 7
18 -7.0 7
19 -8.0 8
20 -7.0 7
21 -7.0 7
22 -7.0 7
23 -7.0 7
0 -50.0 50
1 -36.0 36
2 -50.0 50
3 -24.0 24
4 -30.0 30
5 -50.0 50
6 -28.0 28
7 -49.0 49
8 -19.0 19
9 -34.0 34
10 -37.0 37
11 -35.0 35
12 -20.0 20
13 -10.0 10
14 -11.0 11
15 -26.0 26
16 -14.0 14
17 -10.0 10
18 -12.0 12
19 -8.0 8
20 -7.0 7
21 -8.0 8
22 -9.0 9
23 -7.0 7
0 -50.0 50
1 -42.0 42
2 -50.0 50
3 -14.0 14
4 -50.0 50
5 -50.0 50
6 -35.0 35
7 -32.0 32
8 -43.0 43
9 -22.0 22
10 -9.0 9
11 -9.0 9
12 -10.0 10
13 -8.0 8
14 -11.0 11
15 -7.0 7
16 -7.0 7
17 -7.0 7
18 -12.0 12
19 -7.0 7
20 -7.0 7
21 -7.0 7
22 -7.0 7
23 -8.0 8
0 -50.0 50
1 -50.0 50
2 -50.0 50
3 -29.0 29
4 -50.0 50
5 -31.0 31
6 -50.0 50
7 -28.0 28
8 -50.0 50
9 -17.0 17
10 -19.0 19
11 -7.0 7
12 -8.0 8
13 -8.0 8
14 -8.0 8
15 -11.0 11
16 -7.0 7
17 -10.0 10
18 -9.0 9
19 -7.0 7
20 -7.0 7
21 -7.0 7
22 -7.0 7
23 -7.0 7
0 -50.0 50
1 -50.0 50
2 -50.0 50
3 -22.0 22
4 -44.0 44
5 -50.0 50
6 -34.0 34
7 -48.0 48
8 -16.0 16
9 -7.0 7
10 -8.0 8
11 -7.0 7
12 -9.0 9
13 -8.0 8
14 -9.0 9
15 -15.0 15
16 -10.0 10
17 -7.0 7
18 -8.0 8
19 -8.0 8
20 -9.0 9
21 -7.0 7
22 -7.0 7
23 -7.0 7
0 -34.0 34
1 -50.0 50
2 -50.0 50
3 -50.0 50
4 -41.0 41
5 -50.0 50
6 -17.0 17
7 -11.0 11
8 -9.0 9
9 -13.0 13
10 -13.0 13
11 -50.0 50
12 -9.0 9
13 -12.0 12
14 -9.0 9
15 -9.0 9
16 -9.0 9
17 -7.0 7
18 -8.0 8
19 -9.0 9
20 -9.0 9
21 -9.0 9
22 -10.0 10
23 -7.0 7
0 -36.0 36
1 -50.0 50
2 -50.0 50
3 -50.0 50
4 -36.0 36
5 -46.0 46
6 -19.0 19
7 -50.0 50
8 -36.0 36
9 -30.0 30
10 -11.0 11
11 -12.0 12
12 -49.0 49
13 -13.0 13
14 -13.0 13
15 -11.0 11
16 -11.0 11
17 -18.0 18
18 -7.0 7
19 -7.0 7
20 -7.0 7
21 -7.0 7
22 -7.0 7
23 -7.0 7
0 -40.0 40
1 -50.0 50
2 -50.0 50
3 -50.0 50
4 -50.0 50
5 -11.0 11
6 -14.0 14
7 -21.0 21
8 -50.0 50
9 -18.0 18
10 -48.0 48
11 -32.0 32
12 -28.0 28
13 -21.0 21
14 -14.0 14
15 -8.0 8
16 -7.0 7
17 -8.0 8
18 -7.0 7
19 -7.0 7
20 -7.0 7
21 -8.0 8
22 -7.0 7
23 -7.0 7
0 -22.0 22
1 -50.0 50
2 -50.0 50
3 -50.0 50
4 -50.0 50
5 -19.0 19
6 -15.0 15
7 -42.0 42
8 -35.0 35
9 -20.0 20
10 -50.0 50
11 -11.0 11
12 -11.0 11
13 -32.0 32
14 -18.0 18
15 -7.0 7
16 -8.0 8
17 -8.0 8
18 -10.0 10
19 -9.0 9
20 -8.0 8
21 -7.0 7
22 -7.0 7
23 -7.0 7
0 -50.0 50
1 -50.0 50
2 -16.0 16
3 -50.0 50
4 -50.0 50
5 -42.0 42
6 -50.0 50
7 -32.0 32
8 -26.0 26
9 -18.0 18
10 -11.0 11
11 -7.0 7
12 -7.0 7
13 -7.0 7
14 -7.0 7
15 -9.0 9
16 -16.0 16
17 -8.0 8
18 -9.0 9
19 -7.0 7
20 -7.0 7
21 -7.0 7
22 -7.0 7
23 -7.0 7
