0 -50.0 50
1 -48.0 48
2 -50.0 50
3 -27.0 27
4 -50.0 50
5 -35.0 35
6 -29.0 29
7 -35.0 35
8 -9.0 9
9 -13.0 13
0 -43.0 43
1 -50.0 50
2 -50.0 50
3 -50.0 50
4 -42.0 42
5 -26.0 26
6 -26.0 26
7 -50.0 50
8 -20.0 20
9 -7.0 7
0 -50.0 50
1 -33.0 33
2 -50.0 50
3 -27.0 27
4 -50.0 50
5 -43.0 43
6 -37.0 37
7 -21.0 21
8 -25.0 25
9 -16.0 16
0 -50.0 50
1 -50.0 50
2 -50.0 50
3 -34.0 34
4 -26.0 26
5 -43.0 43
6 -50.0 50
7 -26.0 26
8 -21.0 21
9 -42.0 42
0 -50.0 50
1 -50.0 50
2 -50.0 50
3 -35.0 35
4 -50.0 50
5 -50.0 50
6 -36.0 36
7 -27.0 27
8 -16.0 16
9 -11.0 11
0 -50.0 50
1 -50.0 50
2 -49.0 49
3 -50.0 50
4 -46.0 46
5 -26.0 26
6 -26.0 26
7 -19.0 19
8 -13.0 13
9 -10.0 10
0 -28.0 28
1 -50.0 50
2 -49.0 49
3 -50.0 50
4 -50.0 50
5 -50.0 50
6 -25.0 25
7 -24.0 24
8 -14.0 14
9 -13.0 13
0 -41.0 41
1 -50.0 50
2 -50.0 50
3 -50.0 50
4 -20.0 20
5 -50.0 50
6 -50.0 50
7 -15.0 15
8 -13.0 13
9 -18.0 18
0 -19.0 19
1 -50.0 50
2 -50.0 50
3 -50.0 50
4 -50.0 50
5 -50.0 50
6 -50.0 50
7 -11.0 11
8 -12.0 12
9 -9.0 9
0 -50.0 50
1 -50.0 50
2 -31.0 31
3 -50.0 50
4 -22.0 22
5 -13.0 13
6 -13.0 13
7 -17.0 17
8 -50.0 50
9 -50.0 50
0 -50.0 50
1 -46.0 46
2 -50.0 50
3 -13.0 13
4 -50.0 50
5 -50.0 50
6 -50.0 50
7 -11.0 11
8 -7.0 7
9 -11.0 11
0 -39.0 39
1 -50.0 50
2 -50.0 50
3 -44.0 44
4 -50.0 50
5 -17.0 17
6 -50.0 50
7 -19.0 19
8 -25.0 25
9 -50.0 50
0 -50.0 50
1 -36.0 36
2 -50.0 50
3 -10.0 10
4 -50.0 50
5 -31.0 31
6 -50.0 50
7 -23.0 23
8 -11.0 11
9 -9.0 9
0 -50.0 50
1 -50.0 50
2 -50.0 50
3 -50.0 50
4 -24.0 24
5 -23.0 23
6 -25.0 25
7 -24.0 24
8 -31.0 31
9 -29.0 29
0 -50.0 50
1 -50.0 50
2 -48.0 48
3 -50.0 50
4 -31.0 31
5 -43.0 43
6 -32.0 32
7 -50.0 50
8 -16.0 16
9 -15.0 15
0 -50.0 50
1 -50.0 50
2 -50.0 50
3 -42.0 42
4 -25.0 25
5 -46.0 46
6 -28.0 28
7 -20.0 20
8 -15.0 15
9 -14.0 14
0 -50.0 50
1 -50.0 50
2 -32.0 32
3 -22.0 22
4 -50.0 50
5 -42.0 42
6 -50.0 50
7 -24.0 24
8 -15.0 15
9 -20.0 20
0 -48.0 48
1 -50.0 50
2 -50.0 50
3 -47.0 47
4 -12.0 12
5 -50.0 50
6 -50.0 50
7 -16.0 16
8 -9.0 9
9 -7.0 7
0 -50.0 50
1 -50.0 50
2 -17.0 17
3 -50.0 50
4 -26.0 26
5 -50.0 50
6 -38.0 38
7 -47.0 47
8 -50.0 50
9 -16.0 16
0 -50.0 50
1 -50.0 50
2 -50.0 50
3 -50.0 50
4 -46.0 46
5 -49.0 49
6 -10.0 10
7 -29.0 29
8 -16.0 16
9 -12.0 12
0 -50.0 50
1 -50.0 50
2 -44.0 44
3 -37.0 37
4 -50.0 50
5 -38.0 38
6 -16.0 16
7 -16.0 16
8 -7.0 7
9 -11.0 11
0 -50.0 50
1 -50.0 50
2 -50.0 50
3 -50.0 50
4 -29.0 29
5 -50.0 50
6 -35.0 35
7 -47.0 47
8 -11.0 11
9 -7.0 7
0 -50.0 50
1 -29.0 29
2 -50.0 50
3 -50.0 50
4 -36.0 36
5 -20.0 20
6 -50.0 50
7 -14.0 14
8 -15.0 15
9 -13.0 13
0 -50.0 50
1 -50.0 50
2 -50.0 50
3 -26.0 26
4 -36.0 36
5 -26.0 26
6 -50.0 50
7 -11.0 11
8 -50.0 50
9 -50.0 50
0 -50.0 50
1 -18.0 18
2 -50.0 50
3 -23.0 23
4 -50.0 50
5 -50.0 50
6 -50.0 50
7 -50.0 50
8 -8.0 8
9 -7.0 7
0 -50.0 50
1 -50.0 50
2 -50.0 50
3 -50.0 50
4 -17.0 17
5 -50.0 50
6 -30.0 30
7 -18.0 18
8 -12.0 12
9 -9.0 9
0 -27.0 27
1 -50.0 50
2 -42.0 42
3 -50.0 50
4 -50.0 50
5 -36.0 36
6 -50.0 50
7 -14.0 14
8 -34.0 34
9 -18.0 18
0 -43.0 43
1 -50.0 50
2 -50.0 50
3 -30.0 30
4 -36.0 36
5 -35.0 35
6 -50.0 50
7 -50.0 50
8 -19.0 19
9 -9.0 9
0 -50.0 50
1 -34.0 34
2 -50.0 50
3 -50.0 50
4 -50.0 50
5 -50.0 50
6 -20.0 20
7 -22.0 22
8 -10.0 10
9 -9.0 9
