0 -50.0 50
1 -29.0 29
2 -43.0 43
3 -8.0 8
4 -50.0 50
5 -48.0 48
6 -20.0 20
7 -10.0 10
8 -7.0 7
9 -7.0 7
0 -50.0 50
1 -50.0 50
2 -50.0 50
3 -34.0 34
4 -47.0 47
5 -11.0 11
6 -8.0 8
7 -7.0 7
8 -7.0 7
9 -7.0 7
0 -50.0 50
1 -27.0 27
2 -43.0 43
3 -24.0 24
4 -23.0 23
5 -13.0 13
6 -10.0 10
7 -50.0 50
8 -50.0 50
9 -15.0 15
0 -50.0 50
1 -50.0 50
2 -10.0 10
3 -40.0 40
4 -50.0 50
5 -8.0 8
6 -8.0 8
7 -7.0 7
8 -8.0 8
9 -7.0 7
0 -50.0 50
1 -41.0 41
2 -50.0 50
3 -50.0 50
4 -16.0 16
5 -14.0 14
6 -17.0 17
7 -14.0 14
8 -11.0 11
9 -7.0 7
0 -50.0 50
1 -35.0 35
2 -47.0 47
3 -46.0 46
4 -7.0 7
5 -7.0 7
6 -7.0 7
7 -7.0 7
8 -8.0 8
9 -7.0 7
0 -36.0 36
1 -50.0 50
2 -50.0 50
3 -42.0 42
4 -18.0 18
5 -32.0 32
6 -12.0 12
7 -8.0 8
8 -9.0 9
9 -7.0 7
0 -47.0 47
1 -50.0 50
2 -50.0 50
3 -50.0 50
4 -49.0 49
5 -23.0 23
6 -13.0 13
7 -12.0 12
8 -7.0 7
9 -7.0 7
0 -50.0 50
1 -31.0 31
2 -46.0 46
3 -50.0 50
4 -40.0 40
5 -7.0 7
6 -7.0 7
7 -9.0 9
8 -8.0 8
9 -7.0 7
0 -50.0 50
1 -50.0 50
2 -39.0 39
3 -27.0 27
4 -10.0 10
5 -36.0 36
6 -13.0 13
7 -11.0 11
8 -7.0 7
9 -8.0 8
0 -50.0 50
1 -31.0 31
2 -50.0 50
3 -48.0 48
4 -11.0 11
5 -8.0 8
6 -7.0 7
7 -7.0 7
8 -11.0 11
9 -7.0 7
0 -38.0 38
1 -50.0 50
2 -50.0 50
3 -28.0 28
4 -9.0 9
5 -10.0 10
6 -15.0 15
7 -10.0 10
8 -8.0 8
9 -7.0 7
0 -50.0 50
1 -50.0 50
2 -50.0 50
3 -7.0 7
4 -10.0 10
5 -14.0 14
6 -13.0 13
7 -8.0 8
8 -8.0 8
9 -8.0 8
0 -47.0 47
1 -50.0 50
2 -50.0 50
3 -50.0 50
4 -23.0 23
5 -13.0 13
6 -7.0 7
7 -8.0 8
8 -9.0 9
9 -7.0 7
0 -50.0 50
1 -9.0 9
2 -48.0 48
3 -50.0 50
4 -8.0 8
5 -9.0 9
6 -7.0 7
7 -7.0 7
8 -8.0 8
9 -7.0 7
0 -50.0 50
1 -50.0 50
2 -50.0 50
3 -50.0 50
4 -14.0 14
5 -8.0 8
6 -7.0 7
7 -7.0 7
8 -7.0 7
9 -7.0 7
0 -50.0 50
1 -50.0 50
2 -45.0 45
3 -18.0 18
4 -10.0 10
5 -7.0 7
6 -10.0 10
7 -7.0 7
8 -9.0 9
9 -7.0 7
0 -47.0 47
1 -50.0 50
2 -50.0 50
3 -26.0 26
4 -30.0 30
5 -7.0 7
6 -7.0 7
7 -7.0 7
8 -7.0 7
9 -7.0 7
0 -50.0 50
1 -37.0 37
2 -50.0 50
3 -16.0 16
4 -11.0 11
5 -14.0 14
6 -23.0 23
7 -10.0 10
8 -8.0 8
9 -7.0 7
0 -50.0 50
1 -50.0 50
2 -18.0 18
3 -9.0 9
4 -10.0 10
5 -50.0 50
6 -50.0 50
7 -13.0 13
8 -10.0 10
9 -7.0 7
0 -50.0 50
1 -34.0 34
2 -24.0 24
3 -39.0 39
4 -41.0 41
5 -9.0 9
6 -10.0 10
7 -8.0 8
8 -8.0 8
9 -7.0 7
0 -50.0 50
1 -50.0 50
2 -40.0 40
3 -20.0 20
4 -7.0 7
5 -7.0 7
6 -7.0 7
7 -7.0 7
8 -7.0 7
9 -7.0 7
0 -50.0 50
1 -33.0 33
2 -50.0 50
3 -28.0 28
4 -34.0 34
5 -9.0 9
6 -21.0 21
7 -26.0 26
8 -12.0 12
9 -7.0 7
0 -50.0 50
1 -40.0 40
2 -32.0 32
3 -44.0 44
4 -50.0 50
5 -7.0 7
6 -7.0 7
7 -8.0 8
8 -7.0 7
9 -7.0 7
0 -50.0 50
1 -50.0 50
2 -50.0 50
3 -30.0 30
4 -36.0 36
5 -7.0 7
6 -7.0 7
7 -7.0 7
8 -10.0 10
9 -7.0 7
0 -50.0 50
1 -50.0 50
2 -50.0 50
3 -8.0 8
4 -7.0 7
5 -7.0 7
6 -9.0 9
7 -7.0 7
8 -35.0 35
9 -42.0 42
0 -50.0 50
1 -24.0 24
2 -31.0 31
3 -38.0 38
4 -18.0 18
5 -7.0 7
6 -50.0 50
7 -50.0 50
8 -22.0 22
9 -10.0 10
0 -50.0 50
1 -50.0 50
2 -35.0 35
3 -12.0 12
4 -11.0 11
5 -7.0 7
6 -7.0 7
7 -33.0 33
8 -13.0 13
9 -7.0 7
0 -50.0 50
1 -50.0 50
2 -50.0 50
3 -21.0 21
4 -18.0 18
5 -16.0 16
6 -19.0 19
7 -7.0 7
8 -7.0 7
9 -7.0 7
0 -50.0 50
1 -50.0 50
2 -30.0 30
3 -25.0 25
4 -18.0 18
5 -9.0 9
6 -10.0 10
7 -7.0 7
8 -31.0 31
9 -25.0 25
0 -50.0 50
1 -9.0 9
2 -50.0 50
3 -26.0 26
4 -30.0 30
5 -28.0 28
6 -21.0 21
7 -7.0 7
8 -7.0 7
9 -8.0 8
0 -50.0 50
1 -36.0 36
2 -50.0 50
3 -50.0 50
4 -41.0 41
5 -7.0 7
6 -15.0 15
7 -11.0 11
8 -7.0 7
9 -7.0 7
0 -50.0 50
1 -28.0 28
2 -50.0 50
3 -32.0 32
4 -50.0 50
5 -13.0 13
6 -8.0 8
7 -7.0 7
8 -7.0 7
9 -7.0 7
0 -50.0 50
1 -50.0 50
2 -19.0 19
3 -46.0 46
4 -33.0 33
5 -31.0 31
6 -7.0 7
7 -7.0 7
8 -7.0 7
9 -7.0 7
0 -50.0 50
1 -50.0 50
2 -25.0 25
3 -49.0 49
4 -14.0 14
5 -9.0 9
6 -7.0 7
7 -16.0 16
8 -19.0 19
9 -21.0 21
0 -50.0 50
1 -21.0 21
2 -46.0 46
3 -44.0 44
4 -7.0 7
5 -7.0 7
6 -7.0 7
7 -9.0 9
8 -7.0 7
9 -7.0 7
0 -50.0 50
1 -50.0 50
2 -50.0 50
3 -24.0 24
4 -7.0 7
5 -8.0 8
6 -7.0 7
7 -7.0 7
8 -7.0 7
9 -7.0 7
0 -50.0 50
1 -38.0 38
2 -38.0 38
3 -26.0 26
4 -7.0 7
5 -8.0 8
6 -7.0 7
7 -7.0 7
8 -9.0 9
9 -7.0 7
0 -50.0 50
1 -19.0 19
2 -50.0 50
3 -44.0 44
4 -8.0 8
5 -8.0 8
6 -12.0 12
7 -48.0 48
8 -26.0 26
9 -14.0 14
0 -50.0 50
1 -28.0 28
2 -23.0 23
3 -50.0 50
4 -13.0 13
5 -7.0 7
6 -10.0 10
7 -7.0 7
8 -7.0 7
9 -7.0 7
