
0 -50.0 50
10 -50.0 50
20 -50.0 50
30 -50.0 50
40 -50.0 50
50 -50.0 50
60 -9.0 9
70 -9.0 9
74 -9.0 9
0 -50.0 50
10 -50.0 50
20 -50.0 50
30 -50.0 50
40 -50.0 50
50 -50.0 50
60 -9.0 9
70 -50.0 50
74 -9.0 9
0 -50.0 50
10 -50.0 50
20 -50.0 50
30 -50.0 50
40 -50.0 50
50 -50.0 50
60 -50.0 50
70 -50.0 50
74 -9.0 9
0 -50.0 50
10 -50.0 50
20 -50.0 50
30 -50.0 50
40 -50.0 50
50 -50.0 50
60 -9.0 9
70 -9.0 9
74 -9.0 9
0 -50.0 50
10 -50.0 50
20 -50.0 50
30 -50.0 50
40 -50.0 50
50 -50.0 50
60 -50.0 50
70 -50.0 50
74 -9.0 9
0 -50.0 50
10 -50.0 50
20 -50.0 50
30 -50.0 50
40 -50.0 50
50 -50.0 50
60 -9.0 9
70 -9.0 9
74 -9.0 9
0 -50.0 50
10 -50.0 50
20 -50.0 50
30 -50.0 50
40 -50.0 50
50 -50.0 50
60 -9.0 9
70 -9.0 9
74 -9.0 9
0 -50.0 50
10 -50.0 50
20 -50.0 50
30 -50.0 50
40 -50.0 50
50 -50.0 50
60 -50.0 50
70 -9.0 9
74 -9.0 9
0 -50.0 50
10 -50.0 50
20 -50.0 50
30 -50.0 50
40 -50.0 50
50 -50.0 50
60 -50.0 50
70 -50.0 50
74 -10.0 10
0 -50.0 50
10 -50.0 50
20 -50.0 50
30 -50.0 50
40 -50.0 50
50 -50.0 50
60 -50.0 50
70 -9.0 9
74 -9.0 9
0 -50.0 50
10 -50.0 50
20 -50.0 50
30 -50.0 50
40 -50.0 50
50 -50.0 50
60 -10.0 10
70 -9.0 9
74 -9.0 9
0 -50.0 50
10 -50.0 50
20 -50.0 50
30 -50.0 50
40 -50.0 50
50 -50.0 50
60 -9.0 9
70 -9.0 9
74 -9.0 9
0 -50.0 50
10 -50.0 50
20 -50.0 50
30 -50.0 50
40 -50.0 50
50 -50.0 50
60 -9.0 9
70 -9.0 9
74 -9.0 9
0 -50.0 50
10 -50.0 50
20 -50.0 50
30 -50.0 50
40 -50.0 50
50 -50.0 50
60 -9.0 9
70 -50.0 50
74 -9.0 9
0 -50.0 50
10 -50.0 50
20 -50.0 50
30 -50.0 50
40 -50.0 50
50 -50.0 50
60 -50.0 50
70 -9.0 9
74 -9.0 9
0 -50.0 50
10 -50.0 50
20 -50.0 50
30 -50.0 50
40 -50.0 50
50 -50.0 50
60 -50.0 50
70 -50.0 50
74 -9.0 9
0 -50.0 50
10 -50.0 50
20 -50.0 50
30 -50.0 50
40 -50.0 50
50 -9.0 9
60 -9.0 9
70 -9.0 9
74 -9.0 9
0 -50.0 50
10 -50.0 50
20 -50.0 50
30 -50.0 50
40 -50.0 50
50 -50.0 50
60 -9.0 9
70 -9.0 9
74 -9.0 9
0 -50.0 50
10 -50.0 50
20 -50.0 50
30 -50.0 50
40 -50.0 50
50 -9.0 9
60 -50.0 50
70 -9.0 9
74 -9.0 9
0 -50.0 50
10 -50.0 50
20 -50.0 50
30 -50.0 50
40 -50.0 50
50 -50.0 50
60 -9.0 9
70 -9.0 9
74 -9.0 9
0 -50.0 50
10 -50.0 50
20 -50.0 50
30 -50.0 50
40 -50.0 50
50 -50.0 50
60 -9.0 9
70 -50.0 50
74 -9.0 9
0 -50.0 50
10 -50.0 50
20 -50.0 50
30 -50.0 50
40 -50.0 50
50 -50.0 50
60 -9.0 9
70 -9.0 9
74 -9.0 9
0 -50.0 50
10 -50.0 50
20 -50.0 50
30 -50.0 50
40 -50.0 50
50 -50.0 50
60 -9.0 9
70 -9.0 9
74 -9.0 9
0 -50.0 50
10 -50.0 50
20 -50.0 50
30 -50.0 50
40 -50.0 50
50 -9.0 9
60 -50.0 50
70 -9.0 9
74 -9.0 9
0 -50.0 50
10 -50.0 50
20 -50.0 50
30 -50.0 50
40 -50.0 50
50 -9.0 9
60 -9.0 9
70 -9.0 9
74 -9.0 9
0 -50.0 50
10 -50.0 50
20 -50.0 50
30 -50.0 50
40 -50.0 50
50 -50.0 50
60 -9.0 9
70 -9.0 9
74 -9.0 9
0 -50.0 50
10 -50.0 50
20 -50.0 50
30 -50.0 50
40 -50.0 50
50 -50.0 50
60 -50.0 50
70 -9.0 9
74 -50.0 50
0 -50.0 50
10 -50.0 50
20 -50.0 50
30 -50.0 50
40 -50.0 50
50 -50.0 50
60 -9.0 9
70 -9.0 9
74 -9.0 9
0 -50.0 50
10 -50.0 50
20 -50.0 50
30 -50.0 50
40 -50.0 50
50 -50.0 50
60 -9.0 9
70 -9.0 9
74 -9.0 9
0 -50.0 50
10 -50.0 50
20 -50.0 50
30 -50.0 50
40 -50.0 50
50 -50.0 50
60 -50.0 50
70 -9.0 9
74 -9.0 9
0 -50.0 50
10 -50.0 50
20 -50.0 50
30 -50.0 50
40 -50.0 50
50 -9.0 9
60 -9.0 9
70 -10.0 10
74 -9.0 9
0 -50.0 50
10 -50.0 50
20 -50.0 50
30 -50.0 50
40 -50.0 50
50 -50.0 50
60 -50.0 50
70 -9.0 9
74 -9.0 9
0 -50.0 50
10 -50.0 50
20 -50.0 50
30 -50.0 50
40 -50.0 50
50 -50.0 50
60 -50.0 50
70 -9.0 9
74 -9.0 9
0 -50.0 50
10 -50.0 50
20 -50.0 50
30 -50.0 50
40 -50.0 50
50 -50.0 50
60 -9.0 9
70 -9.0 9
74 -9.0 9
0 -50.0 50
10 -50.0 50
20 -50.0 50
30 -50.0 50
40 -50.0 50
50 -50.0 50
60 -50.0 50
70 -10.0 10
74 -9.0 9
0 -50.0 50
10 -50.0 50
20 -50.0 50
30 -50.0 50
40 -50.0 50
50 -50.0 50
60 -9.0 9
70 -10.0 10
74 -9.0 9
0 -50.0 50
10 -50.0 50
20 -50.0 50
30 -50.0 50
40 -50.0 50
50 -50.0 50
60 -9.0 9
70 -50.0 50
74 -9.0 9
0 -50.0 50
10 -50.0 50
20 -50.0 50
30 -50.0 50
40 -50.0 50
50 -50.0 50
60 -9.0 9
70 -9.0 9
74 -9.0 9
0 -50.0 50
10 -50.0 50
20 -50.0 50
30 -50.0 50
40 -50.0 50
50 -50.0 50
60 -50.0 50
70 -9.0 9
74 -9.0 9
0 -50.0 50
10 -50.0 50
20 -50.0 50
30 -50.0 50
40 -50.0 50
50 -50.0 50
60 -50.0 50
70 -50.0 50
74 -9.0 9
0 -50.0 50
10 -50.0 50
20 -50.0 50
30 -50.0 50
40 -50.0 50
50 -50.0 50
60 -9.0 9
70 -9.0 9
74 -9.0 9
0 -50.0 50
10 -50.0 50
20 -50.0 50
30 -50.0 50
40 -50.0 50
50 -50.0 50
60 -50.0 50
70 -9.0 9
74 -9.0 9
0 -50.0 50
10 -50.0 50
20 -50.0 50
30 -50.0 50
40 -50.0 50
50 -50.0 50
60 -9.0 9
70 -9.0 9
74 -9.0 9
0 -50.0 50
10 -50.0 50
20 -50.0 50
30 -50.0 50
40 -50.0 50
50 -50.0 50
60 -50.0 50
70 -9.0 9
74 -50.0 50
0 -50.0 50
10 -50.0 50
20 -50.0 50
30 -50.0 50
40 -50.0 50
50 -50.0 50
60 -9.0 9
70 -9.0 9
74 -9.0 9
0 -50.0 50
10 -50.0 50
20 -50.0 50
30 -50.0 50
40 -50.0 50
50 -50.0 50
60 -9.0 9
70 -9.0 9
74 -9.0 9
0 -50.0 50
10 -50.0 50
20 -50.0 50
30 -50.0 50
40 -50.0 50
50 -50.0 50
60 -50.0 50
70 -50.0 50
74 -9.0 9
0 -50.0 50
10 -50.0 50
20 -50.0 50
30 -9.0 9
40 -50.0 50
50 -50.0 50
60 -50.0 50
70 -9.0 9
74 -9.0 9
0 -50.0 50
10 -50.0 50
20 -50.0 50
30 -50.0 50
40 -50.0 50
50 -10.0 10
60 -10.0 10
70 -9.0 9
74 -9.0 9
0 -50.0 50
10 -50.0 50
20 -50.0 50
30 -50.0 50
40 -50.0 50
50 -9.0 9
60 -50.0 50
70 -9.0 9
74 -9.0 9
0 -50.0 50
10 -50.0 50
20 -50.0 50
30 -50.0 50
40 -50.0 50
50 -50.0 50
60 -9.0 9
70 -50.0 50
74 -9.0 9
0 -50.0 50
10 -50.0 50
20 -50.0 50
30 -50.0 50
40 -50.0 50
50 -50.0 50
60 -50.0 50
70 -9.0 9
74 -9.0 9
0 -50.0 50
10 -50.0 50
20 -50.0 50
30 -50.0 50
40 -50.0 50
50 -50.0 50
60 -9.0 9
70 -10.0 10
74 -9.0 9
0 -50.0 50
10 -50.0 50
20 -50.0 50
30 -50.0 50
40 -50.0 50
50 -50.0 50
60 -9.0 9
70 -9.0 9
74 -9.0 9
0 -50.0 50
10 -50.0 50
20 -50.0 50
30 -50.0 50
40 -50.0 50
50 -50.0 50
60 -10.0 10
70 -9.0 9
74 -9.0 9
0 -50.0 50
10 -50.0 50
20 -50.0 50
30 -50.0 50
40 -50.0 50
50 -50.0 50
60 -50.0 50
70 -9.0 9
74 -9.0 9
0 -50.0 50
10 -50.0 50
20 -50.0 50
30 -50.0 50
40 -50.0 50
50 -50.0 50
60 -50.0 50
70 -9.0 9
74 -9.0 9
0 -50.0 50
10 -50.0 50
20 -50.0 50
30 -50.0 50
40 -50.0 50
50 -50.0 50
60 -9.0 9
70 -9.0 9
74 -9.0 9
0 -50.0 50
10 -50.0 50
20 -50.0 50
30 -50.0 50
40 -50.0 50
50 -50.0 50
60 -9.0 9
70 -9.0 9
74 -9.0 9
0 -50.0 50
10 -50.0 50
20 -50.0 50
30 -50.0 50
40 -50.0 50
50 -50.0 50
60 -9.0 9
70 -9.0 9
74 -9.0 9
0 -50.0 50
10 -50.0 50
20 -50.0 50
30 -50.0 50
40 -50.0 50
50 -9.0 9
60 -9.0 9
70 -50.0 50
74 -9.0 9
0 -50.0 50
10 -50.0 50
20 -50.0 50
30 -50.0 50
40 -50.0 50
50 -50.0 50
60 -50.0 50
70 -9.0 9
74 -9.0 9
0 -50.0 50
10 -50.0 50
20 -50.0 50
30 -50.0 50
40 -9.0 9
50 -9.0 9
60 -9.0 9
70 -50.0 50
74 -9.0 9
0 -50.0 50
10 -50.0 50
20 -50.0 50
30 -50.0 50
40 -50.0 50
50 -50.0 50
60 -9.0 9
70 -9.0 9
74 -9.0 9
0 -50.0 50
10 -50.0 50
20 -50.0 50
30 -50.0 50
40 -50.0 50
50 -50.0 50
60 -50.0 50
70 -9.0 9
74 -9.0 9
0 -50.0 50
10 -50.0 50
20 -50.0 50
30 -50.0 50
40 -50.0 50
50 -9.0 9
60 -9.0 9
70 -9.0 9
74 -9.0 9
0 -50.0 50
10 -50.0 50
20 -50.0 50
30 -50.0 50
40 -50.0 50
50 -50.0 50
60 -10.0 10
70 -9.0 9
74 -9.0 9
0 -50.0 50
10 -50.0 50
20 -50.0 50
30 -50.0 50
40 -50.0 50
50 -50.0 50
60 -10.0 10
70 -9.0 9
74 -9.0 9
0 -50.0 50
10 -50.0 50
20 -50.0 50
30 -50.0 50
40 -50.0 50
50 -50.0 50
60 -9.0 9
70 -9.0 9
74 -9.0 9
0 -50.0 50
10 -50.0 50
20 -50.0 50
30 -50.0 50
40 -50.0 50
50 -50.0 50
60 -50.0 50
70 -9.0 9
74 -10.0 10
0 -50.0 50
10 -50.0 50
20 -50.0 50
30 -50.0 50
40 -50.0 50
50 -50.0 50
60 -50.0 50
70 -9.0 9
74 -9.0 9
0 -50.0 50
10 -50.0 50
20 -50.0 50
30 -50.0 50
40 -50.0 50
50 -50.0 50
60 -50.0 50
70 -9.0 9
74 -9.0 9
0 -50.0 50
10 -50.0 50
20 -50.0 50
30 -50.0 50
40 -50.0 50
50 -50.0 50
60 -50.0 50
70 -9.0 9
74 -9.0 9
0 -50.0 50
10 -50.0 50
20 -50.0 50
30 -50.0 50
40 -50.0 50
50 -50.0 50
60 -9.0 9
70 -9.0 9
74 -9.0 9
0 -50.0 50
10 -50.0 50
20 -50.0 50
30 -50.0 50
40 -50.0 50
50 -50.0 50
60 -9.0 9
70 -9.0 9
74 -9.0 9
0 -50.0 50
10 -50.0 50
20 -50.0 50
30 -50.0 50
40 -50.0 50
50 -50.0 50
60 -50.0 50
70 -50.0 50
74 -9.0 9
0 -50.0 50
10 -50.0 50
20 -50.0 50
30 -50.0 50
40 -50.0 50
50 -50.0 50
60 -9.0 9
70 -9.0 9
74 -9.0 9
0 -50.0 50
10 -50.0 50
20 -50.0 50
30 -50.0 50
40 -50.0 50
50 -50.0 50
60 -50.0 50
70 -9.0 9
74 -9.0 9
0 -50.0 50
10 -50.0 50
20 -50.0 50
30 -50.0 50
40 -50.0 50
50 -50.0 50
60 -9.0 9
70 -9.0 9
74 -9.0 9
0 -50.0 50
10 -50.0 50
20 -50.0 50
30 -50.0 50
40 -50.0 50
50 -50.0 50
60 -9.0 9
70 -9.0 9
74 -9.0 9
0 -50.0 50
10 -50.0 50
20 -50.0 50
30 -50.0 50
40 -50.0 50
50 -50.0 50
60 -50.0 50
70 -9.0 9
74 -50.0 50
0 -50.0 50
10 -50.0 50
20 -50.0 50
30 -50.0 50
40 -50.0 50
50 -50.0 50
60 -50.0 50
70 -9.0 9
74 -9.0 9
0 -50.0 50
10 -50.0 50
20 -50.0 50
30 -50.0 50
40 -50.0 50
50 -50.0 50
60 -9.0 9
70 -9.0 9
74 -9.0 9
0 -50.0 50
10 -50.0 50
20 -50.0 50
30 -50.0 50
40 -50.0 50
50 -9.0 9
60 -9.0 9
70 -9.0 9
74 -9.0 9
0 -50.0 50
10 -50.0 50
20 -50.0 50
30 -50.0 50
40 -50.0 50
50 -50.0 50
60 -9.0 9
70 -9.0 9
74 -9.0 9
0 -50.0 50
10 -50.0 50
20 -50.0 50
30 -50.0 50
40 -50.0 50
50 -50.0 50
60 -9.0 9
70 -10.0 10
74 -9.0 9
0 -50.0 50
10 -50.0 50
20 -50.0 50
30 -50.0 50
40 -50.0 50
50 -50.0 50
60 -50.0 50
70 -9.0 9
74 -9.0 9
0 -50.0 50
10 -50.0 50
20 -50.0 50
30 -50.0 50
40 -50.0 50
50 -50.0 50
60 -9.0 9
70 -9.0 9
74 -50.0 50
0 -50.0 50
10 -50.0 50
20 -50.0 50
30 -50.0 50
40 -50.0 50
50 -50.0 50
60 -9.0 9
70 -9.0 9
74 -9.0 9
0 -50.0 50
10 -50.0 50
20 -50.0 50
30 -50.0 50
40 -9.0 9
50 -50.0 50
60 -9.0 9
70 -9.0 9
74 -9.0 9
0 -50.0 50
10 -50.0 50
20 -50.0 50
30 -50.0 50
40 -50.0 50
50 -50.0 50
60 -9.0 9
70 -50.0 50
74 -9.0 9
0 -50.0 50
10 -50.0 50
20 -50.0 50
30 -50.0 50
40 -50.0 50
50 -50.0 50
60 -50.0 50
70 -9.0 9
74 -9.0 9
0 -50.0 50
10 -50.0 50
20 -50.0 50
30 -50.0 50
40 -50.0 50
50 -10.0 10
60 -9.0 9
70 -9.0 9
74 -9.0 9
0 -50.0 50
10 -50.0 50
20 -50.0 50
30 -50.0 50
40 -50.0 50
50 -9.0 9
60 -9.0 9
70 -50.0 50
74 -9.0 9
0 -50.0 50
10 -50.0 50
20 -50.0 50
30 -50.0 50
40 -50.0 50
50 -50.0 50
60 -50.0 50
70 -9.0 9
74 -9.0 9
0 -50.0 50
10 -50.0 50
20 -50.0 50
30 -50.0 50
40 -50.0 50
50 -50.0 50
60 -9.0 9
70 -10.0 10
74 -9.0 9
0 -50.0 50
10 -50.0 50
20 -50.0 50
30 -50.0 50
40 -50.0 50
50 -50.0 50
60 -9.0 9
70 -50.0 50
74 -9.0 9
0 -50.0 50
10 -50.0 50
20 -50.0 50
30 -50.0 50
40 -50.0 50
50 -50.0 50
60 -9.0 9
70 -9.0 9
74 -9.0 9
0 -50.0 50
10 -50.0 50
20 -50.0 50
30 -50.0 50
40 -50.0 50
50 -50.0 50
60 -50.0 50
70 -9.0 9
74 -9.0 9
0 -50.0 50
10 -50.0 50
20 -50.0 50
30 -50.0 50
40 -50.0 50
50 -50.0 50
60 -9.0 9
70 -9.0 9
74 -9.0 9