0 -36.0 36
1 -50.0 50
2 -50.0 50
3 -50.0 50
4 -35.0 35
5 -50.0 50
6 -50.0 50
7 -22.0 22
0 -50.0 50
1 -50.0 50
2 -13.0 13
3 -50.0 50
4 -47.0 47
5 -20.0 20
6 -18.0 18
7 -50.0 50
0 -50.0 50
1 -50.0 50
2 -48.0 48
3 -39.0 39
4 -50.0 50
5 -24.0 24
6 -8.0 8
7 -12.0 12
0 -50.0 50
1 -50.0 50
2 -50.0 50
3 -50.0 50
4 -50.0 50
5 -19.0 19
6 -10.0 10
7 -7.0 7
0 -50.0 50
1 -44.0 44
2 -50.0 50
3 -23.0 23
4 -50.0 50
5 -42.0 42
6 -50.0 50
7 -50.0 50
0 -50.0 50
1 -37.0 37
2 -50.0 50
3 -50.0 50
4 -50.0 50
5 -50.0 50
6 -24.0 24
7 -20.0 20
0 -21.0 21
1 -50.0 50
2 -50.0 50
3 -50.0 50
4 -50.0 50
5 -21.0 21
6 -50.0 50
7 -12.0 12
0 -50.0 50
1 -50.0 50
2 -49.0 49
3 -50.0 50
4 -38.0 38
5 -50.0 50
6 -29.0 29
7 -16.0 16
0 -50.0 50
1 -50.0 50
2 -50.0 50
3 -9.0 9
4 -26.0 26
5 -50.0 50
6 -36.0 36
7 -30.0 30
0 -32.0 32
1 -50.0 50
2 -50.0 50
3 -29.0 29
4 -50.0 50
5 -50.0 50
6 -50.0 50
7 -36.0 36
0 -50.0 50
1 -50.0 50
2 -21.0 21
3 -50.0 50
4 -22.0 22
5 -19.0 19
6 -50.0 50
7 -30.0 30
0 -32.0 32
1 -50.0 50
2 -50.0 50
3 -22.0 22
4 -50.0 50
5 -36.0 36
6 -30.0 30
7 -50.0 50
0 -33.0 33
1 -50.0 50
2 -50.0 50
3 -34.0 34
4 -47.0 47
5 -50.0 50
6 -11.0 11
7 -15.0 15
0 -50.0 50
1 -29.0 29
2 -50.0 50
3 -50.0 50
4 -46.0 46
5 -39.0 39
6 -50.0 50
7 -29.0 29
0 -50.0 50
1 -50.0 50
2 -50.0 50
3 -46.0 46
4 -25.0 25
5 -44.0 44
6 -50.0 50
7 -20.0 20
0 -50.0 50
1 -50.0 50
2 -28.0 28
3 -50.0 50
4 -50.0 50
5 -50.0 50
6 -25.0 25
7 -16.0 16
0 -50.0 50
1 -32.0 32
2 -50.0 50
3 -13.0 13
4 -50.0 50
5 -41.0 41
6 -50.0 50
7 -7.0 7
0 -50.0 50
1 -50.0 50
2 -23.0 23
3 -50.0 50
4 -50.0 50
5 -25.0 25
6 -10.0 10
7 -16.0 16
0 -50.0 50
1 -50.0 50
2 -39.0 39
3 -50.0 50
4 -50.0 50
5 -19.0 19
6 -13.0 13
7 -14.0 14
0 -42.0 42
1 -50.0 50
2 -50.0 50
3 -38.0 38
4 -50.0 50
5 -50.0 50
6 -27.0 27
7 -44.0 44
