0 -50.0 50
1 -50.0 50
2 -19.0 19
3 -18.0 18
4 -50.0 50
5 -11.0 11
6 -7.0 7
7 -7.0 7
8 -7.0 7
9 -7.0 7
10 -7.0 7
11 -8.0 8
0 -50.0 50
1 -50.0 50
2 -24.0 24
3 -33.0 33
4 -33.0 33
5 -14.0 14
6 -7.0 7
7 -7.0 7
8 -7.0 7
9 -7.0 7
10 -10.0 10
11 -7.0 7
0 -50.0 50
1 -50.0 50
2 -34.0 34
3 -50.0 50
4 -26.0 26
5 -39.0 39
6 -16.0 16
7 -7.0 7
8 -9.0 9
9 -8.0 8
10 -7.0 7
11 -7.0 7
0 -50.0 50
1 -36.0 36
2 -47.0 47
3 -9.0 9
4 -21.0 21
5 -47.0 47
6 -11.0 11
7 -7.0 7
8 -9.0 9
9 -8.0 8
10 -7.0 7
11 -7.0 7
0 -50.0 50
1 -50.0 50
2 -50.0 50
3 -16.0 16
4 -9.0 9
5 -7.0 7
6 -7.0 7
7 -7.0 7
8 -8.0 8
9 -7.0 7
10 -7.0 7
11 -7.0 7
0 -50.0 50
1 -41.0 41
2 -43.0 43
3 -8.0 8
4 -50.0 50
5 -50.0 50
6 -9.0 9
7 -17.0 17
8 -7.0 7
9 -8.0 8
10 -7.0 7
11 -7.0 7
0 -50.0 50
1 -47.0 47
2 -50.0 50
3 -7.0 7
4 -8.0 8
5 -7.0 7
6 -11.0 11
7 -37.0 37
8 -14.0 14
9 -7.0 7
10 -7.0 7
11 -7.0 7
0 -50.0 50
1 -50.0 50
2 -44.0 44
3 -27.0 27
4 -14.0 14
5 -7.0 7
6 -7.0 7
7 -10.0 10
8 -9.0 9
9 -8.0 8
10 -8.0 8
11 -7.0 7
0 -50.0 50
1 -50.0 50
2 -48.0 48
3 -7.0 7
4 -7.0 7
5 -9.0 9
6 -7.0 7
7 -7.0 7
8 -39.0 39
9 -26.0 26
10 -21.0 21
11 -7.0 7
0 -50.0 50
1 -50.0 50
2 -16.0 16
3 -31.0 31
4 -14.0 14
5 -8.0 8
6 -50.0 50
7 -16.0 16
8 -7.0 7
9 -7.0 7
10 -7.0 7
11 -7.0 7
0 -50.0 50
1 -26.0 26
2 -50.0 50
3 -50.0 50
4 -29.0 29
5 -19.0 19
6 -11.0 11
7 -9.0 9
8 -7.0 7
9 -9.0 9
10 -7.0 7
11 -7.0 7
0 -50.0 50
1 -50.0 50
2 -27.0 27
3 -19.0 19
4 -17.0 17
5 -7.0 7
6 -7.0 7
7 -50.0 50
8 -25.0 25
9 -31.0 31
10 -11.0 11
11 -10.0 10
0 -50.0 50
1 -22.0 22
2 -34.0 34
3 -50.0 50
4 -50.0 50
5 -23.0 23
6 -30.0 30
7 -13.0 13
8 -11.0 11
9 -8.0 8
10 -9.0 9
11 -9.0 9
0 -50.0 50
1 -50.0 50
2 -17.0 17
3 -30.0 30
4 -50.0 50
5 -8.0 8
6 -9.0 9
7 -8.0 8
8 -7.0 7
9 -8.0 8
10 -7.0 7
11 -8.0 8
0 -50.0 50
1 -50.0 50
2 -48.0 48
3 -35.0 35
4 -7.0 7
5 -7.0 7
6 -7.0 7
7 -7.0 7
8 -8.0 8
9 -7.0 7
10 -7.0 7
11 -7.0 7
0 -50.0 50
1 -50.0 50
2 -50.0 50
3 -12.0 12
4 -7.0 7
5 -7.0 7
6 -9.0 9
7 -9.0 9
8 -9.0 9
9 -8.0 8
10 -7.0 7
11 -7.0 7
0 -50.0 50
1 -21.0 21
2 -41.0 41
3 -50.0 50
4 -50.0 50
5 -31.0 31
6 -12.0 12
7 -12.0 12
8 -7.0 7
9 -7.0 7
10 -7.0 7
11 -7.0 7
0 -50.0 50
1 -24.0 24
2 -11.0 11
3 -15.0 15
4 -46.0 46
5 -50.0 50
6 -41.0 41
7 -46.0 46
8 -7.0 7
9 -7.0 7
10 -7.0 7
11 -8.0 8
0 -50.0 50
1 -50.0 50
2 -17.0 17
3 -42.0 42
4 -12.0 12
5 -8.0 8
6 -10.0 10
7 -7.0 7
8 -15.0 15
9 -7.0 7
10 -7.0 7
11 -7.0 7
0 -50.0 50
1 -50.0 50
2 -33.0 33
3 -31.0 31
4 -14.0 14
5 -8.0 8
6 -8.0 8
7 -7.0 7
8 -36.0 36
9 -27.0 27
10 -7.0 7
11 -7.0 7
0 -36.0 36
1 -50.0 50
2 -27.0 27
3 -42.0 42
4 -30.0 30
5 -15.0 15
6 -8.0 8
7 -8.0 8
8 -7.0 7
9 -8.0 8
10 -7.0 7
11 -7.0 7
0 -50.0 50
1 -50.0 50
2 -50.0 50
3 -50.0 50
4 -13.0 13
5 -10.0 10
6 -7.0 7
7 -7.0 7
8 -7.0 7
9 -7.0 7
10 -7.0 7
11 -7.0 7
0 -50.0 50
1 -14.0 14
2 -50.0 50
3 -50.0 50
4 -18.0 18
5 -10.0 10
6 -9.0 9
7 -7.0 7
8 -11.0 11
9 -7.0 7
10 -7.0 7
11 -7.0 7
0 -50.0 50
1 -11.0 11
2 -42.0 42
3 -50.0 50
4 -50.0 50
5 -21.0 21
6 -8.0 8
7 -8.0 8
8 -7.0 7
9 -8.0 8
10 -7.0 7
11 -7.0 7
0 -50.0 50
1 -38.0 38
2 -38.0 38
3 -12.0 12
4 -8.0 8
5 -50.0 50
6 -23.0 23
7 -34.0 34
8 -10.0 10
9 -7.0 7
10 -8.0 8
11 -7.0 7
0 -50.0 50
1 -25.0 25
2 -19.0 19
3 -50.0 50
4 -43.0 43
5 -8.0 8
6 -8.0 8
7 -7.0 7
8 -10.0 10
9 -8.0 8
10 -7.0 7
11 -7.0 7
0 -50.0 50
1 -30.0 30
2 -36.0 36
3 -14.0 14
4 -50.0 50
5 -44.0 44
6 -7.0 7
7 -7.0 7
8 -7.0 7
9 -7.0 7
10 -9.0 9
11 -7.0 7
0 -50.0 50
1 -37.0 37
2 -50.0 50
3 -11.0 11
4 -9.0 9
5 -9.0 9
6 -11.0 11
7 -8.0 8
8 -28.0 28
9 -50.0 50
10 -19.0 19
11 -10.0 10
0 -50.0 50
1 -50.0 50
2 -35.0 35
3 -16.0 16
4 -12.0 12
5 -40.0 40
6 -14.0 14
7 -8.0 8
8 -9.0 9
9 -8.0 8
10 -8.0 8
11 -7.0 7
0 -50.0 50
1 -50.0 50
2 -50.0 50
3 -14.0 14
4 -7.0 7
5 -8.0 8
6 -7.0 7
7 -8.0 8
8 -9.0 9
9 -7.0 7
10 -7.0 7
11 -7.0 7
0 -50.0 50
1 -50.0 50
2 -24.0 24
3 -26.0 26
4 -26.0 26
5 -7.0 7
6 -7.0 7
7 -7.0 7
8 -45.0 45
9 -16.0 16
10 -27.0 27
11 -19.0 19
0 -50.0 50
1 -49.0 49
2 -21.0 21
3 -26.0 26
4 -22.0 22
5 -19.0 19
6 -8.0 8
7 -13.0 13
8 -9.0 9
9 -36.0 36
10 -28.0 28
11 -10.0 10
0 -50.0 50
1 -50.0 50
2 -7.0 7
3 -50.0 50
4 -50.0 50
5 -33.0 33
6 -22.0 22
7 -9.0 9
8 -7.0 7
9 -7.0 7
10 -7.0 7
11 -7.0 7
0 -47.0 47
1 -50.0 50
2 -50.0 50
3 -42.0 42
4 -44.0 44
5 -7.0 7
6 -8.0 8
7 -7.0 7
8 -9.0 9
9 -12.0 12
10 -7.0 7
11 -7.0 7
0 -50.0 50
1 -27.0 27
2 -50.0 50
3 -50.0 50
4 -50.0 50
5 -29.0 29
6 -16.0 16
7 -12.0 12
8 -7.0 7
9 -10.0 10
10 -7.0 7
11 -7.0 7
0 -50.0 50
1 -29.0 29
2 -41.0 41
3 -47.0 47
4 -15.0 15
5 -45.0 45
6 -25.0 25
7 -7.0 7
8 -7.0 7
9 -8.0 8
10 -7.0 7
11 -7.0 7
0 -50.0 50
1 -50.0 50
2 -37.0 37
3 -16.0 16
4 -7.0 7
5 -7.0 7
6 -7.0 7
7 -43.0 43
8 -22.0 22
9 -14.0 14
10 -10.0 10
11 -7.0 7
0 -50.0 50
1 -50.0 50
2 -38.0 38
3 -17.0 17
4 -13.0 13
5 -7.0 7
6 -49.0 49
7 -7.0 7
8 -7.0 7
9 -26.0 26
10 -7.0 7
11 -7.0 7
0 -50.0 50
1 -50.0 50
2 -23.0 23
3 -20.0 20
4 -50.0 50
5 -29.0 29
6 -46.0 46
7 -9.0 9
8 -10.0 10
9 -7.0 7
10 -8.0 8
11 -7.0 7
0 -50.0 50
1 -29.0 29
2 -35.0 35
3 -44.0 44
4 -7.0 7
5 -25.0 25
6 -11.0 11
7 -8.0 8
8 -7.0 7
9 -8.0 8
10 -7.0 7
11 -7.0 7
