0 -50.0 50
1 -50.0 50
2 -50.0 50
3 -50.0 50
4 -19.0 19
5 -17.0 17
6 -7.0 7
7 -15.0 15
8 -23.0 23
9 -50.0 50
10 -17.0 17
11 -27.0 27
12 -11.0 11
13 -16.0 16
14 -15.0 15
15 -7.0 7
0 -50.0 50
1 -50.0 50
2 -50.0 50
3 -40.0 40
4 -50.0 50
5 -19.0 19
6 -50.0 50
7 -36.0 36
8 -24.0 24
9 -7.0 7
10 -13.0 13
11 -11.0 11
12 -7.0 7
13 -7.0 7
14 -10.0 10
15 -10.0 10
0 -50.0 50
1 -50.0 50
2 -32.0 32
3 -38.0 38
4 -50.0 50
5 -50.0 50
6 -41.0 41
7 -18.0 18
8 -22.0 22
9 -50.0 50
10 -50.0 50
11 -9.0 9
12 -7.0 7
13 -7.0 7
14 -7.0 7
15 -7.0 7
0 -50.0 50
1 -50.0 50
2 -50.0 50
3 -50.0 50
4 -50.0 50
5 -32.0 32
6 -8.0 8
7 -15.0 15
8 -21.0 21
9 -19.0 19
10 -17.0 17
11 -13.0 13
12 -7.0 7
13 -7.0 7
14 -8.0 8
15 -7.0 7
0 -50.0 50
1 -50.0 50
2 -50.0 50
3 -50.0 50
4 -20.0 20
5 -32.0 32
6 -50.0 50
7 -16.0 16
8 -12.0 12
9 -12.0 12
10 -7.0 7
11 -12.0 12
12 -24.0 24
13 -7.0 7
14 -7.0 7
15 -9.0 9
0 -50.0 50
1 -50.0 50
2 -35.0 35
3 -22.0 22
4 -32.0 32
5 -50.0 50
6 -50.0 50
7 -17.0 17
8 -50.0 50
9 -13.0 13
10 -12.0 12
11 -12.0 12
12 -8.0 8
13 -7.0 7
14 -9.0 9
15 -7.0 7
0 -50.0 50
1 -50.0 50
2 -39.0 39
3 -50.0 50
4 -36.0 36
5 -30.0 30
6 -35.0 35
7 -31.0 31
8 -50.0 50
9 -30.0 30
10 -15.0 15
11 -50.0 50
12 -46.0 46
13 -28.0 28
14 -7.0 7
15 -7.0 7
0 -50.0 50
1 -24.0 24
2 -50.0 50
3 -50.0 50
4 -15.0 15
5 -50.0 50
6 -40.0 40
7 -50.0 50
8 -32.0 32
9 -16.0 16
10 -12.0 12
11 -7.0 7
12 -15.0 15
13 -9.0 9
14 -13.0 13
15 -9.0 9
0 -50.0 50
1 -37.0 37
2 -50.0 50
3 -50.0 50
4 -48.0 48
5 -50.0 50
6 -29.0 29
7 -15.0 15
8 -12.0 12
9 -8.0 8
10 -7.0 7
11 -7.0 7
12 -10.0 10
13 -15.0 15
14 -12.0 12
15 -7.0 7
0 -50.0 50
1 -38.0 38
2 -50.0 50
3 -50.0 50
4 -50.0 50
5 -22.0 22
6 -18.0 18
7 -21.0 21
8 -39.0 39
9 -29.0 29
10 -14.0 14
11 -10.0 10
12 -10.0 10
13 -7.0 7
14 -7.0 7
15 -7.0 7
0 -50.0 50
1 -50.0 50
2 -50.0 50
3 -31.0 31
4 -28.0 28
5 -50.0 50
6 -47.0 47
7 -50.0 50
8 -33.0 33
9 -32.0 32
10 -33.0 33
11 -16.0 16
12 -17.0 17
13 -12.0 12
14 -13.0 13
15 -16.0 16
0 -22.0 22
1 -50.0 50
2 -50.0 50
3 -50.0 50
4 -12.0 12
5 -39.0 39
6 -50.0 50
7 -9.0 9
8 -9.0 9
9 -8.0 8
10 -12.0 12
11 -10.0 10
12 -11.0 11
13 -17.0 17
14 -7.0 7
15 -7.0 7
0 -47.0 47
1 -50.0 50
2 -41.0 41
3 -50.0 50
4 -50.0 50
5 -50.0 50
6 -25.0 25
7 -19.0 19
8 -15.0 15
9 -12.0 12
10 -7.0 7
11 -7.0 7
12 -8.0 8
13 -23.0 23
14 -7.0 7
15 -7.0 7
0 -50.0 50
1 -39.0 39
2 -50.0 50
3 -50.0 50
4 -34.0 34
5 -45.0 45
6 -33.0 33
7 -22.0 22
8 -35.0 35
9 -10.0 10
10 -8.0 8
11 -10.0 10
12 -19.0 19
13 -7.0 7
14 -8.0 8
15 -7.0 7
0 -26.0 26
1 -50.0 50
2 -50.0 50
3 -50.0 50
4 -37.0 37
5 -22.0 22
6 -50.0 50
7 -29.0 29
8 -28.0 28
9 -9.0 9
10 -7.0 7
11 -7.0 7
12 -11.0 11
13 -7.0 7
14 -7.0 7
15 -9.0 9
0 -50.0 50
1 -35.0 35
2 -50.0 50
3 -50.0 50
4 -50.0 50
5 -21.0 21
6 -13.0 13
7 -26.0 26
8 -21.0 21
9 -25.0 25
10 -20.0 20
11 -50.0 50
12 -23.0 23
13 -7.0 7
14 -8.0 8
15 -9.0 9
0 -50.0 50
1 -32.0 32
2 -50.0 50
3 -50.0 50
4 -50.0 50
5 -36.0 36
6 -42.0 42
7 -35.0 35
8 -10.0 10
9 -11.0 11
10 -10.0 10
11 -8.0 8
12 -9.0 9
13 -13.0 13
14 -17.0 17
15 -7.0 7
0 -50.0 50
1 -50.0 50
2 -23.0 23
3 -28.0 28
4 -50.0 50
5 -50.0 50
6 -31.0 31
7 -19.0 19
8 -48.0 48
9 -21.0 21
10 -11.0 11
11 -10.0 10
12 -8.0 8
13 -7.0 7
14 -9.0 9
15 -16.0 16
0 -50.0 50
1 -33.0 33
2 -50.0 50
3 -50.0 50
4 -50.0 50
5 -35.0 35
6 -32.0 32
7 -17.0 17
8 -11.0 11
9 -14.0 14
10 -7.0 7
11 -10.0 10
12 -13.0 13
13 -14.0 14
14 -7.0 7
15 -9.0 9
0 -50.0 50
1 -50.0 50
2 -18.0 18
3 -50.0 50
4 -50.0 50
5 -24.0 24
6 -44.0 44
7 -41.0 41
8 -12.0 12
9 -10.0 10
10 -11.0 11
11 -7.0 7
12 -7.0 7
13 -10.0 10
14 -7.0 7
15 -7.0 7
0 -50.0 50
1 -13.0 13
2 -50.0 50
3 -50.0 50
4 -50.0 50
5 -15.0 15
6 -11.0 11
7 -17.0 17
8 -19.0 19
9 -50.0 50
10 -40.0 40
11 -20.0 20
12 -9.0 9
13 -8.0 8
14 -7.0 7
15 -15.0 15
0 -50.0 50
1 -50.0 50
2 -50.0 50
3 -50.0 50
4 -20.0 20
5 -7.0 7
6 -14.0 14
7 -50.0 50
8 -14.0 14
9 -9.0 9
10 -13.0 13
11 -9.0 9
12 -7.0 7
13 -7.0 7
14 -7.0 7
15 -7.0 7
0 -39.0 39
1 -50.0 50
2 -50.0 50
3 -50.0 50
4 -22.0 22
5 -50.0 50
6 -21.0 21
7 -17.0 17
8 -50.0 50
9 -9.0 9
10 -21.0 21
11 -11.0 11
12 -23.0 23
13 -16.0 16
14 -12.0 12
15 -13.0 13
0 -50.0 50
1 -50.0 50
2 -50.0 50
3 -50.0 50
4 -50.0 50
5 -25.0 25
6 -35.0 35
7 -21.0 21
8 -9.0 9
9 -15.0 15
10 -14.0 14
11 -7.0 7
12 -9.0 9
13 -14.0 14
14 -22.0 22
15 -7.0 7
0 -50.0 50
1 -50.0 50
2 -35.0 35
3 -50.0 50
4 -46.0 46
5 -50.0 50
6 -28.0 28
7 -16.0 16
8 -20.0 20
9 -11.0 11
10 -12.0 12
11 -33.0 33
12 -17.0 17
13 -14.0 14
14 -9.0 9
15 -9.0 9
0 -50.0 50
1 -50.0 50
2 -50.0 50
3 -50.0 50
4 -19.0 19
5 -35.0 35
6 -38.0 38
7 -27.0 27
8 -22.0 22
9 -50.0 50
10 -16.0 16
11 -9.0 9
12 -10.0 10
13 -7.0 7
14 -9.0 9
15 -11.0 11
0 -47.0 47
1 -50.0 50
2 -37.0 37
3 -50.0 50
4 -45.0 45
5 -50.0 50
6 -41.0 41
7 -50.0 50
8 -33.0 33
9 -36.0 36
10 -7.0 7
11 -8.0 8
12 -9.0 9
13 -8.0 8
14 -8.0 8
15 -7.0 7
0 -27.0 27
1 -50.0 50
2 -50.0 50
3 -40.0 40
4 -50.0 50
5 -50.0 50
6 -20.0 20
7 -21.0 21
8 -47.0 47
9 -24.0 24
10 -22.0 22
11 -18.0 18
12 -10.0 10
13 -9.0 9
14 -7.0 7
15 -11.0 11
0 -50.0 50
1 -50.0 50
2 -50.0 50
3 -50.0 50
4 -24.0 24
5 -30.0 30
6 -21.0 21
7 -12.0 12
8 -16.0 16
9 -16.0 16
10 -9.0 9
11 -14.0 14
12 -17.0 17
13 -24.0 24
14 -50.0 50
15 -12.0 12
0 -50.0 50
1 -50.0 50
2 -34.0 34
3 -24.0 24
4 -44.0 44
5 -50.0 50
6 -35.0 35
7 -12.0 12
8 -13.0 13
9 -10.0 10
10 -13.0 13
11 -27.0 27
12 -32.0 32
13 -30.0 30
14 -10.0 10
15 -7.0 7
0 -50.0 50
1 -50.0 50
2 -50.0 50
3 -39.0 39
4 -50.0 50
5 -50.0 50
6 -50.0 50
7 -13.0 13
8 -13.0 13
9 -10.0 10
10 -7.0 7
11 -9.0 9
12 -9.0 9
13 -7.0 7
14 -18.0 18
15 -14.0 14
0 -50.0 50
1 -50.0 50
2 -50.0 50
3 -19.0 19
4 -42.0 42
5 -50.0 50
6 -50.0 50
7 -47.0 47
8 -13.0 13
9 -11.0 11
10 -8.0 8
11 -8.0 8
12 -7.0 7
13 -8.0 8
14 -15.0 15
15 -11.0 11
0 -50.0 50
1 -23.0 23
2 -50.0 50
3 -42.0 42
4 -50.0 50
5 -50.0 50
6 -14.0 14
7 -9.0 9
8 -17.0 17
9 -15.0 15
10 -12.0 12
11 -8.0 8
12 -47.0 47
13 -27.0 27
14 -13.0 13
15 -11.0 11
0 -37.0 37
1 -50.0 50
2 -50.0 50
3 -50.0 50
4 -14.0 14
5 -31.0 31
6 -28.0 28
7 -21.0 21
8 -37.0 37
9 -50.0 50
10 -50.0 50
11 -35.0 35
12 -50.0 50
13 -23.0 23
14 -7.0 7
15 -7.0 7
0 -50.0 50
1 -43.0 43
2 -50.0 50
3 -50.0 50
4 -50.0 50
5 -50.0 50
6 -17.0 17
7 -26.0 26
8 -14.0 14
9 -9.0 9
10 -7.0 7
11 -14.0 14
12 -15.0 15
13 -7.0 7
14 -7.0 7
15 -9.0 9
0 -50.0 50
1 -50.0 50
2 -47.0 47
3 -34.0 34
4 -50.0 50
5 -47.0 47
6 -50.0 50
7 -26.0 26
8 -16.0 16
9 -18.0 18
10 -11.0 11
11 -9.0 9
12 -15.0 15
13 -12.0 12
14 -18.0 18
15 -12.0 12
0 -50.0 50
1 -32.0 32
2 -50.0 50
3 -50.0 50
4 -50.0 50
5 -23.0 23
6 -39.0 39
7 -50.0 50
8 -18.0 18
9 -12.0 12
10 -7.0 7
11 -11.0 11
12 -18.0 18
13 -7.0 7
14 -7.0 7
15 -7.0 7
0 -50.0 50
1 -50.0 50
2 -50.0 50
3 -39.0 39
4 -32.0 32
5 -50.0 50
6 -29.0 29
7 -14.0 14
8 -8.0 8
9 -7.0 7
10 -14.0 14
11 -7.0 7
12 -9.0 9
13 -50.0 50
14 -7.0 7
15 -7.0 7
0 -50.0 50
1 -50.0 50
2 -30.0 30
3 -50.0 50
4 -49.0 49
5 -32.0 32
6 -11.0 11
7 -28.0 28
8 -26.0 26
9 -7.0 7
10 -9.0 9
11 -8.0 8
12 -50.0 50
13 -27.0 27
14 -7.0 7
15 -7.0 7
0 -50.0 50
1 -50.0 50
2 -50.0 50
3 -50.0 50
4 -21.0 21
5 -12.0 12
6 -41.0 41
7 -35.0 35
8 -50.0 50
9 -19.0 19
10 -13.0 13
11 -20.0 20
12 -12.0 12
13 -7.0 7
14 -7.0 7
15 -7.0 7
