0 -50.0 50
1 -50.0 50
2 -50.0 50
3 -35.0 35
4 -48.0 48
5 -50.0 50
6 -15.0 15
7 -17.0 17
0 -50.0 50
1 -50.0 50
2 -25.0 25
3 -50.0 50
4 -24.0 24
5 -50.0 50
6 -38.0 38
7 -18.0 18
0 -50.0 50
1 -50.0 50
2 -28.0 28
3 -50.0 50
4 -42.0 42
5 -50.0 50
6 -41.0 41
7 -15.0 15
0 -50.0 50
1 -47.0 47
2 -44.0 44
3 -50.0 50
4 -50.0 50
5 -50.0 50
6 -24.0 24
7 -21.0 21
0 -45.0 45
1 -50.0 50
2 -50.0 50
3 -34.0 34
4 -50.0 50
5 -41.0 41
6 -22.0 22
7 -7.0 7
0 -50.0 50
1 -22.0 22
2 -50.0 50
3 -50.0 50
4 -50.0 50
5 -11.0 11
6 -14.0 14
7 -15.0 15
0 -37.0 37
1 -50.0 50
2 -50.0 50
3 -43.0 43
4 -50.0 50
5 -20.0 20
6 -50.0 50
7 -35.0 35
0 -50.0 50
1 -50.0 50
2 -50.0 50
3 -33.0 33
4 -40.0 40
5 -17.0 17
6 -18.0 18
7 -10.0 10
0 -26.0 26
1 -50.0 50
2 -50.0 50
3 -26.0 26
4 -50.0 50
5 -50.0 50
6 -41.0 41
7 -50.0 50
0 -50.0 50
1 -50.0 50
2 -17.0 17
3 -33.0 33
4 -50.0 50
5 -19.0 19
6 -50.0 50
7 -37.0 37
0 -50.0 50
1 -50.0 50
2 -50.0 50
3 -37.0 37
4 -50.0 50
5 -31.0 31
6 -50.0 50
7 -50.0 50
0 -22.0 22
1 -50.0 50
2 -50.0 50
3 -50.0 50
4 -50.0 50
5 -22.0 22
6 -50.0 50
7 -50.0 50
0 -24.0 24
1 -50.0 50
2 -50.0 50
3 -50.0 50
4 -50.0 50
5 -32.0 32
6 -23.0 23
7 -18.0 18
0 -50.0 50
1 -50.0 50
2 -37.0 37
3 -50.0 50
4 -30.0 30
5 -11.0 11
6 -50.0 50
7 -20.0 20
0 -50.0 50
1 -50.0 50
2 -50.0 50
3 -35.0 35
4 -39.0 39
5 -50.0 50
6 -13.0 13
7 -27.0 27
0 -50.0 50
1 -23.0 23
2 -50.0 50
3 -46.0 46
4 -50.0 50
5 -22.0 22
6 -50.0 50
7 -31.0 31
0 -50.0 50
1 -50.0 50
2 -50.0 50
3 -50.0 50
4 -50.0 50
5 -33.0 33
6 -14.0 14
7 -17.0 17
0 -50.0 50
1 -39.0 39
2 -50.0 50
3 -33.0 33
4 -50.0 50
5 -27.0 27
6 -19.0 19
7 -27.0 27
0 -50.0 50
1 -50.0 50
2 -50.0 50
3 -43.0 43
4 -50.0 50
5 -29.0 29
6 -11.0 11
7 -15.0 15
0 -50.0 50
1 -50.0 50
2 -50.0 50
3 -21.0 21
4 -33.0 33
5 -50.0 50
6 -21.0 21
7 -37.0 37
0 -50.0 50
1 -50.0 50
2 -50.0 50
3 -50.0 50
4 -48.0 48
5 -22.0 22
6 -50.0 50
7 -16.0 16
0 -50.0 50
1 -43.0 43
2 -50.0 50
3 -50.0 50
4 -50.0 50
5 -29.0 29
6 -30.0 30
7 -16.0 16
0 -50.0 50
1 -33.0 33
2 -50.0 50
3 -23.0 23
4 -45.0 45
5 -50.0 50
6 -50.0 50
7 -50.0 50
0 -50.0 50
1 -38.0 38
2 -50.0 50
3 -34.0 34
4 -50.0 50
5 -50.0 50
6 -20.0 20
7 -14.0 14
0 -50.0 50
1 -50.0 50
2 -50.0 50
3 -50.0 50
4 -17.0 17
5 -40.0 40
6 -50.0 50
7 -18.0 18
0 -50.0 50
1 -50.0 50
2 -29.0 29
3 -50.0 50
4 -42.0 42
5 -50.0 50
6 -34.0 34
7 -31.0 31
0 -50.0 50
1 -50.0 50
2 -42.0 42
3 -50.0 50
4 -29.0 29
5 -50.0 50
6 -50.0 50
7 -20.0 20
0 -47.0 47
1 -50.0 50
2 -50.0 50
3 -50.0 50
4 -47.0 47
5 -17.0 17
6 -10.0 10
7 -9.0 9
0 -50.0 50
1 -50.0 50
2 -31.0 31
3 -50.0 50
4 -22.0 22
5 -38.0 38
6 -50.0 50
7 -50.0 50
0 -50.0 50
1 -50.0 50
2 -16.0 16
3 -50.0 50
4 -19.0 19
5 -37.0 37
6 -50.0 50
7 -38.0 38
0 -50.0 50
1 -50.0 50
2 -50.0 50
3 -29.0 29
4 -50.0 50
5 -17.0 17
6 -19.0 19
7 -41.0 41
0 -50.0 50
1 -50.0 50
2 -50.0 50
3 -50.0 50
4 -43.0 43
5 -21.0 21
6 -16.0 16
7 -50.0 50
0 -50.0 50
1 -50.0 50
2 -50.0 50
3 -50.0 50
4 -50.0 50
5 -23.0 23
6 -16.0 16
7 -7.0 7
0 -50.0 50
1 -50.0 50
2 -50.0 50
3 -30.0 30
4 -34.0 34
5 -30.0 30
6 -50.0 50
7 -44.0 44
0 -50.0 50
1 -50.0 50
2 -29.0 29
3 -50.0 50
4 -50.0 50
5 -27.0 27
6 -15.0 15
7 -38.0 38
0 -28.0 28
1 -50.0 50
2 -50.0 50
3 -44.0 44
4 -50.0 50
5 -35.0 35
6 -14.0 14
7 -23.0 23
0 -50.0 50
1 -50.0 50
2 -50.0 50
3 -23.0 23
4 -50.0 50
5 -50.0 50
6 -50.0 50
7 -12.0 12
0 -36.0 36
1 -50.0 50
2 -50.0 50
3 -50.0 50
4 -50.0 50
5 -41.0 41
6 -19.0 19
7 -9.0 9
0 -50.0 50
1 -50.0 50
2 -50.0 50
3 -41.0 41
4 -31.0 31
5 -50.0 50
6 -16.0 16
7 -26.0 26
0 -50.0 50
1 -29.0 29
2 -50.0 50
3 -31.0 31
4 -50.0 50
5 -50.0 50
6 -34.0 34
7 -50.0 50
