0 -50.0 50
1 -50.0 50
2 -50.0 50
3 -48.0 48
4 -45.0 45
5 -25.0 25
6 -22.0 22
7 -9.0 9
0 -50.0 50
1 -50.0 50
2 -50.0 50
3 -38.0 38
4 -25.0 25
5 -18.0 18
6 -15.0 15
7 -20.0 20
0 -30.0 30
1 -50.0 50
2 -27.0 27
3 -50.0 50
4 -50.0 50
5 -50.0 50
6 -31.0 31
7 -50.0 50
0 -34.0 34
1 -50.0 50
2 -50.0 50
3 -50.0 50
4 -50.0 50
5 -50.0 50
6 -22.0 22
7 -12.0 12
0 -50.0 50
1 -36.0 36
2 -50.0 50
3 -50.0 50
4 -50.0 50
5 -28.0 28
6 -50.0 50
7 -17.0 17
0 -50.0 50
1 -21.0 21
2 -50.0 50
3 -50.0 50
4 -35.0 35
5 -50.0 50
6 -29.0 29
7 -50.0 50
0 -50.0 50
1 -50.0 50
2 -50.0 50
3 -50.0 50
4 -39.0 39
5 -11.0 11
6 -19.0 19
7 -23.0 23
0 -50.0 50
1 -50.0 50
2 -50.0 50
3 -25.0 25
4 -25.0 25
5 -28.0 28
6 -28.0 28
7 -31.0 31
0 -23.0 23
1 -50.0 50
2 -50.0 50
3 -50.0 50
4 -48.0 48
5 -50.0 50
6 -36.0 36
7 -38.0 38
0 -50.0 50
1 -15.0 15
2 -50.0 50
3 -44.0 44
4 -50.0 50
5 -50.0 50
6 -19.0 19
7 -50.0 50
0 -50.0 50
1 -50.0 50
2 -50.0 50
3 -45.0 45
4 -50.0 50
5 -38.0 38
6 -32.0 32
7 -26.0 26
0 -50.0 50
1 -50.0 50
2 -19.0 19
3 -46.0 46
4 -34.0 34
5 -50.0 50
6 -39.0 39
7 -50.0 50
0 -36.0 36
1 -50.0 50
2 -50.0 50
3 -50.0 50
4 -50.0 50
5 -23.0 23
6 -28.0 28
7 -22.0 22
0 -50.0 50
1 -50.0 50
2 -39.0 39
3 -50.0 50
4 -50.0 50
5 -20.0 20
6 -29.0 29
7 -17.0 17
0 -50.0 50
1 -31.0 31
2 -50.0 50
3 -38.0 38
4 -17.0 17
5 -50.0 50
6 -50.0 50
7 -16.0 16
0 -50.0 50
1 -50.0 50
2 -25.0 25
3 -41.0 41
4 -50.0 50
5 -27.0 27
6 -23.0 23
7 -23.0 23
0 -50.0 50
1 -50.0 50
2 -38.0 38
3 -42.0 42
4 -50.0 50
5 -12.0 12
6 -18.0 18
7 -32.0 32
0 -50.0 50
1 -36.0 36
2 -50.0 50
3 -50.0 50
4 -50.0 50
5 -16.0 16
6 -10.0 10
7 -23.0 23
0 -50.0 50
1 -44.0 44
2 -50.0 50
3 -50.0 50
4 -30.0 30
5 -17.0 17
6 -16.0 16
7 -26.0 26
0 -16.0 16
1 -50.0 50
2 -50.0 50
3 -50.0 50
4 -50.0 50
5 -19.0 19
6 -13.0 13
7 -22.0 22
0 -50.0 50
1 -50.0 50
2 -50.0 50
3 -50.0 50
4 -13.0 13
5 -36.0 36
6 -50.0 50
7 -24.0 24
0 -50.0 50
1 -35.0 35
2 -50.0 50
3 -18.0 18
4 -50.0 50
5 -50.0 50
6 -42.0 42
7 -50.0 50
0 -50.0 50
1 -42.0 42
2 -50.0 50
3 -50.0 50
4 -41.0 41
5 -45.0 45
6 -18.0 18
7 -15.0 15
0 -50.0 50
1 -50.0 50
2 -26.0 26
3 -50.0 50
4 -50.0 50
5 -24.0 24
6 -23.0 23
7 -27.0 27
0 -18.0 18
1 -50.0 50
2 -50.0 50
3 -50.0 50
4 -32.0 32
5 -24.0 24
6 -37.0 37
7 -50.0 50
0 -43.0 43
1 -50.0 50
2 -50.0 50
3 -25.0 25
4 -50.0 50
5 -40.0 40
6 -42.0 42
7 -13.0 13
0 -50.0 50
1 -50.0 50
2 -50.0 50
3 -16.0 16
4 -50.0 50
5 -22.0 22
6 -35.0 35
7 -33.0 33
0 -50.0 50
1 -50.0 50
2 -50.0 50
3 -50.0 50
4 -43.0 43
5 -39.0 39
6 -26.0 26
7 -9.0 9
0 -50.0 50
1 -42.0 42
2 -50.0 50
3 -50.0 50
4 -50.0 50
5 -50.0 50
6 -48.0 48
7 -14.0 14
0 -50.0 50
1 -50.0 50
2 -50.0 50
3 -26.0 26
4 -50.0 50
5 -29.0 29
6 -50.0 50
7 -39.0 39
0 -50.0 50
1 -50.0 50
2 -31.0 31
3 -24.0 24
4 -50.0 50
5 -47.0 47
6 -50.0 50
7 -11.0 11
0 -48.0 48
1 -50.0 50
2 -50.0 50
3 -16.0 16
4 -50.0 50
5 -40.0 40
6 -50.0 50
7 -32.0 32
0 -33.0 33
1 -50.0 50
2 -50.0 50
3 -49.0 49
4 -50.0 50
5 -24.0 24
6 -25.0 25
7 -50.0 50
0 -50.0 50
1 -50.0 50
2 -38.0 38
3 -22.0 22
4 -50.0 50
5 -41.0 41
6 -50.0 50
7 -8.0 8
0 -50.0 50
1 -50.0 50
2 -50.0 50
3 -27.0 27
4 -50.0 50
5 -22.0 22
6 -21.0 21
7 -50.0 50
0 -50.0 50
1 -17.0 17
2 -50.0 50
3 -50.0 50
4 -50.0 50
5 -20.0 20
6 -50.0 50
7 -42.0 42
0 -50.0 50
1 -50.0 50
2 -50.0 50
3 -43.0 43
4 -37.0 37
5 -50.0 50
6 -42.0 42
7 -10.0 10
0 -50.0 50
1 -50.0 50
2 -46.0 46
3 -50.0 50
4 -50.0 50
5 -50.0 50
6 -27.0 27
7 -9.0 9
0 -50.0 50
1 -50.0 50
2 -50.0 50
3 -16.0 16
4 -50.0 50
5 -31.0 31
6 -21.0 21
7 -23.0 23
0 -50.0 50
1 -50.0 50
2 -25.0 25
3 -50.0 50
4 -50.0 50
5 -27.0 27
6 -50.0 50
7 -50.0 50
