0 -50.0 50
1 -36.0 36
2 -19.0 19
3 -18.0 18
4 -46.0 46
5 -50.0 50
6 -37.0 37
7 -16.0 16
8 -10.0 10
9 -9.0 9
10 -9.0 9
11 -10.0 10
12 -8.0 8
13 -8.0 8
14 -7.0 7
15 -7.0 7
16 -7.0 7
17 -7.0 7
0 -50.0 50
1 -12.0 12
2 -46.0 46
3 -28.0 28
4 -23.0 23
5 -10.0 10
6 -32.0 32
7 -18.0 18
8 -7.0 7
9 -7.0 7
10 -8.0 8
11 -7.0 7
12 -9.0 9
13 -7.0 7
14 -7.0 7
15 -7.0 7
16 -7.0 7
17 -7.0 7
0 -50.0 50
1 -47.0 47
2 -30.0 30
3 -16.0 16
4 -14.0 14
5 -12.0 12
6 -7.0 7
7 -9.0 9
8 -15.0 15
9 -46.0 46
10 -11.0 11
11 -11.0 11
12 -7.0 7
13 -9.0 9
14 -8.0 8
15 -7.0 7
16 -7.0 7
17 -7.0 7
0 -50.0 50
1 -50.0 50
2 -50.0 50
3 -24.0 24
4 -38.0 38
5 -11.0 11
6 -10.0 10
7 -10.0 10
8 -12.0 12
9 -7.0 7
10 -7.0 7
11 -9.0 9
12 -7.0 7
13 -7.0 7
14 -8.0 8
15 -7.0 7
16 -7.0 7
17 -7.0 7
0 -50.0 50
1 -33.0 33
2 -40.0 40
3 -50.0 50
4 -50.0 50
5 -33.0 33
6 -11.0 11
7 -13.0 13
8 -14.0 14
9 -11.0 11
10 -9.0 9
11 -9.0 9
12 -7.0 7
13 -7.0 7
14 -8.0 8
15 -7.0 7
16 -7.0 7
17 -7.0 7
0 -50.0 50
1 -50.0 50
2 -20.0 20
3 -9.0 9
4 -11.0 11
5 -10.0 10
6 -50.0 50
7 -50.0 50
8 -19.0 19
9 -27.0 27
10 -7.0 7
11 -10.0 10
12 -7.0 7
13 -7.0 7
14 -7.0 7
15 -7.0 7
16 -7.0 7
17 -7.0 7
0 -50.0 50
1 -50.0 50
2 -37.0 37
3 -50.0 50
4 -28.0 28
5 -19.0 19
6 -7.0 7
7 -8.0 8
8 -10.0 10
9 -8.0 8
10 -7.0 7
11 -10.0 10
12 -7.0 7
13 -7.0 7
14 -7.0 7
15 -7.0 7
16 -7.0 7
17 -7.0 7
0 -47.0 47
1 -36.0 36
2 -50.0 50
3 -29.0 29
4 -39.0 39
5 -7.0 7
6 -7.0 7
7 -7.0 7
8 -7.0 7
9 -9.0 9
10 -7.0 7
11 -10.0 10
12 -7.0 7
13 -7.0 7
14 -12.0 12
15 -7.0 7
16 -7.0 7
17 -7.0 7
0 -50.0 50
1 -11.0 11
2 -50.0 50
3 -11.0 11
4 -22.0 22
5 -28.0 28
6 -7.0 7
7 -38.0 38
8 -30.0 30
9 -13.0 13
10 -7.0 7
11 -10.0 10
12 -7.0 7
13 -13.0 13
14 -7.0 7
15 -7.0 7
16 -7.0 7
17 -7.0 7
0 -50.0 50
1 -30.0 30
2 -28.0 28
3 -50.0 50
4 -24.0 24
5 -21.0 21
6 -7.0 7
7 -7.0 7
8 -7.0 7
9 -7.0 7
10 -7.0 7
11 -10.0 10
12 -7.0 7
13 -10.0 10
14 -7.0 7
15 -8.0 8
16 -7.0 7
17 -7.0 7
0 -50.0 50
1 -50.0 50
2 -37.0 37
3 -10.0 10
4 -8.0 8
5 -22.0 22
6 -15.0 15
7 -7.0 7
8 -7.0 7
9 -7.0 7
10 -34.0 34
11 -39.0 39
12 -7.0 7
13 -7.0 7
14 -7.0 7
15 -8.0 8
16 -7.0 7
17 -7.0 7
0 -41.0 41
1 -50.0 50
2 -42.0 42
3 -16.0 16
4 -22.0 22
5 -14.0 14
6 -7.0 7
7 -8.0 8
8 -8.0 8
9 -7.0 7
10 -8.0 8
11 -7.0 7
12 -7.0 7
13 -7.0 7
14 -8.0 8
15 -8.0 8
16 -7.0 7
17 -7.0 7
0 -50.0 50
1 -25.0 25
2 -47.0 47
3 -20.0 20
4 -50.0 50
5 -50.0 50
6 -32.0 32
7 -26.0 26
8 -9.0 9
9 -9.0 9
10 -7.0 7
11 -8.0 8
12 -8.0 8
13 -9.0 9
14 -8.0 8
15 -8.0 8
16 -7.0 7
17 -7.0 7
0 -50.0 50
1 -41.0 41
2 -32.0 32
3 -45.0 45
4 -7.0 7
5 -7.0 7
6 -7.0 7
7 -8.0 8
8 -7.0 7
9 -7.0 7
10 -7.0 7
11 -8.0 8
12 -8.0 8
13 -9.0 9
14 -7.0 7
15 -7.0 7
16 -7.0 7
17 -7.0 7
0 -50.0 50
1 -42.0 42
2 -50.0 50
3 -41.0 41
4 -9.0 9
5 -8.0 8
6 -8.0 8
7 -7.0 7
8 -7.0 7
9 -7.0 7
10 -7.0 7
11 -8.0 8
12 -7.0 7
13 -7.0 7
14 -8.0 8
15 -7.0 7
16 -7.0 7
17 -7.0 7
0 -50.0 50
1 -50.0 50
2 -31.0 31
3 -9.0 9
4 -9.0 9
5 -11.0 11
6 -7.0 7
7 -8.0 8
8 -9.0 9
9 -10.0 10
10 -12.0 12
11 -11.0 11
12 -15.0 15
13 -37.0 37
14 -7.0 7
15 -8.0 8
16 -7.0 7
17 -7.0 7
0 -50.0 50
1 -11.0 11
2 -39.0 39
3 -50.0 50
4 -50.0 50
5 -50.0 50
6 -33.0 33
7 -10.0 10
8 -7.0 7
9 -7.0 7
10 -7.0 7
11 -7.0 7
12 -7.0 7
13 -7.0 7
14 -7.0 7
15 -8.0 8
16 -8.0 8
17 -7.0 7
0 -50.0 50
1 -47.0 47
2 -28.0 28
3 -32.0 32
4 -17.0 17
5 -8.0 8
6 -8.0 8
7 -9.0 9
8 -50.0 50
9 -30.0 30
10 -22.0 22
11 -8.0 8
12 -8.0 8
13 -9.0 9
14 -9.0 9
15 -7.0 7
16 -7.0 7
17 -7.0 7
0 -50.0 50
1 -50.0 50
2 -50.0 50
3 -50.0 50
4 -50.0 50
5 -29.0 29
6 -45.0 45
7 -10.0 10
8 -10.0 10
9 -7.0 7
10 -8.0 8
11 -7.0 7
12 -7.0 7
13 -7.0 7
14 -7.0 7
15 -7.0 7
16 -7.0 7
17 -7.0 7
0 -50.0 50
1 -33.0 33
2 -49.0 49
3 -10.0 10
4 -32.0 32
5 -46.0 46
6 -27.0 27
7 -29.0 29
8 -14.0 14
9 -11.0 11
10 -11.0 11
11 -10.0 10
12 -9.0 9
13 -7.0 7
14 -9.0 9
15 -7.0 7
16 -8.0 8
17 -7.0 7
0 -50.0 50
1 -25.0 25
2 -36.0 36
3 -29.0 29
4 -12.0 12
5 -50.0 50
6 -37.0 37
7 -29.0 29
8 -7.0 7
9 -8.0 8
10 -9.0 9
11 -7.0 7
12 -7.0 7
13 -7.0 7
14 -7.0 7
15 -7.0 7
16 -8.0 8
17 -7.0 7
0 -50.0 50
1 -50.0 50
2 -29.0 29
3 -37.0 37
4 -11.0 11
5 -9.0 9
6 -9.0 9
7 -7.0 7
8 -9.0 9
9 -7.0 7
10 -8.0 8
11 -7.0 7
12 -10.0 10
13 -9.0 9
14 -8.0 8
15 -8.0 8
16 -7.0 7
17 -7.0 7
0 -50.0 50
1 -48.0 48
2 -41.0 41
3 -22.0 22
4 -20.0 20
5 -7.0 7
6 -7.0 7
7 -9.0 9
8 -7.0 7
9 -7.0 7
10 -24.0 24
11 -16.0 16
12 -12.0 12
13 -7.0 7
14 -7.0 7
15 -8.0 8
16 -7.0 7
17 -7.0 7
0 -50.0 50
1 -31.0 31
2 -13.0 13
3 -17.0 17
4 -50.0 50
5 -15.0 15
6 -14.0 14
7 -10.0 10
8 -9.0 9
9 -7.0 7
10 -7.0 7
11 -7.0 7
12 -7.0 7
13 -9.0 9
14 -28.0 28
15 -49.0 49
16 -7.0 7
17 -7.0 7
0 -50.0 50
1 -38.0 38
2 -28.0 28
3 -9.0 9
4 -29.0 29
5 -50.0 50
6 -43.0 43
7 -35.0 35
8 -14.0 14
9 -12.0 12
10 -9.0 9
11 -7.0 7
12 -7.0 7
13 -8.0 8
14 -9.0 9
15 -7.0 7
16 -7.0 7
17 -7.0 7
0 -50.0 50
1 -27.0 27
2 -8.0 8
3 -50.0 50
4 -42.0 42
5 -8.0 8
6 -7.0 7
7 -7.0 7
8 -7.0 7
9 -13.0 13
10 -50.0 50
11 -13.0 13
12 -8.0 8
13 -8.0 8
14 -9.0 9
15 -8.0 8
16 -7.0 7
17 -7.0 7
0 -50.0 50
1 -50.0 50
2 -50.0 50
3 -45.0 45
4 -50.0 50
5 -16.0 16
6 -9.0 9
7 -7.0 7
8 -9.0 9
9 -7.0 7
10 -9.0 9
11 -7.0 7
12 -9.0 9
13 -8.0 8
14 -7.0 7
15 -7.0 7
16 -7.0 7
17 -7.0 7
0 -50.0 50
1 -49.0 49
2 -50.0 50
3 -30.0 30
4 -18.0 18
5 -7.0 7
6 -7.0 7
7 -7.0 7
8 -7.0 7
9 -8.0 8
10 -7.0 7
11 -7.0 7
12 -9.0 9
13 -7.0 7
14 -7.0 7
15 -7.0 7
16 -7.0 7
17 -7.0 7
0 -50.0 50
1 -24.0 24
2 -50.0 50
3 -16.0 16
4 -22.0 22
5 -7.0 7
6 -25.0 25
7 -39.0 39
8 -50.0 50
9 -21.0 21
10 -7.0 7
11 -9.0 9
12 -7.0 7
13 -7.0 7
14 -10.0 10
15 -8.0 8
16 -7.0 7
17 -7.0 7
0 -50.0 50
1 -50.0 50
2 -50.0 50
3 -15.0 15
4 -10.0 10
5 -10.0 10
6 -7.0 7
7 -7.0 7
8 -7.0 7
9 -8.0 8
10 -7.0 7
11 -12.0 12
12 -8.0 8
13 -8.0 8
14 -7.0 7
15 -7.0 7
16 -7.0 7
17 -7.0 7
0 -50.0 50
1 -7.0 7
2 -32.0 32
3 -50.0 50
4 -50.0 50
5 -33.0 33
6 -20.0 20
7 -8.0 8
8 -8.0 8
9 -8.0 8
10 -9.0 9
11 -15.0 15
12 -7.0 7
13 -7.0 7
14 -7.0 7
15 -7.0 7
16 -7.0 7
17 -7.0 7
0 -50.0 50
1 -50.0 50
2 -50.0 50
3 -35.0 35
4 -21.0 21
5 -10.0 10
6 -7.0 7
7 -7.0 7
8 -7.0 7
9 -8.0 8
10 -7.0 7
11 -9.0 9
12 -7.0 7
13 -7.0 7
14 -7.0 7
15 -8.0 8
16 -7.0 7
17 -7.0 7
0 -50.0 50
1 -50.0 50
2 -40.0 40
3 -39.0 39
4 -34.0 34
5 -18.0 18
6 -8.0 8
7 -7.0 7
8 -12.0 12
9 -8.0 8
10 -9.0 9
11 -7.0 7
12 -8.0 8
13 -7.0 7
14 -10.0 10
15 -7.0 7
16 -7.0 7
17 -7.0 7
0 -50.0 50
1 -50.0 50
2 -35.0 35
3 -29.0 29
4 -10.0 10
5 -7.0 7
6 -10.0 10
7 -27.0 27
8 -36.0 36
9 -7.0 7
10 -7.0 7
11 -9.0 9
12 -7.0 7
13 -11.0 11
14 -7.0 7
15 -9.0 9
16 -7.0 7
17 -7.0 7
0 -50.0 50
1 -50.0 50
2 -50.0 50
3 -49.0 49
4 -8.0 8
5 -7.0 7
6 -9.0 9
7 -9.0 9
8 -7.0 7
9 -7.0 7
10 -7.0 7
11 -7.0 7
12 -8.0 8
13 -7.0 7
14 -7.0 7
15 -7.0 7
16 -7.0 7
17 -7.0 7
0 -50.0 50
1 -32.0 32
2 -50.0 50
3 -50.0 50
4 -19.0 19
5 -7.0 7
6 -8.0 8
7 -7.0 7
8 -7.0 7
9 -24.0 24
10 -32.0 32
11 -7.0 7
12 -7.0 7
13 -11.0 11
14 -7.0 7
15 -8.0 8
16 -7.0 7
17 -7.0 7
0 -50.0 50
1 -50.0 50
2 -50.0 50
3 -50.0 50
4 -16.0 16
5 -11.0 11
6 -7.0 7
7 -10.0 10
8 -7.0 7
9 -7.0 7
10 -10.0 10
11 -7.0 7
12 -9.0 9
13 -7.0 7
14 -7.0 7
15 -8.0 8
16 -7.0 7
17 -7.0 7
0 -50.0 50
1 -45.0 45
2 -50.0 50
3 -43.0 43
4 -18.0 18
5 -7.0 7
6 -7.0 7
7 -7.0 7
8 -8.0 8
9 -9.0 9
10 -8.0 8
11 -7.0 7
12 -7.0 7
13 -7.0 7
14 -7.0 7
15 -7.0 7
16 -7.0 7
17 -7.0 7
0 -50.0 50
1 -24.0 24
2 -44.0 44
3 -14.0 14
4 -36.0 36
5 -50.0 50
6 -15.0 15
7 -10.0 10
8 -18.0 18
9 -12.0 12
10 -8.0 8
11 -7.0 7
12 -7.0 7
13 -9.0 9
14 -8.0 8
15 -7.0 7
16 -7.0 7
17 -7.0 7
0 -50.0 50
1 -32.0 32
2 -34.0 34
3 -50.0 50
4 -46.0 46
5 -10.0 10
6 -8.0 8
7 -8.0 8
8 -8.0 8
9 -7.0 7
10 -8.0 8
11 -11.0 11
12 -7.0 7
13 -7.0 7
14 -9.0 9
15 -7.0 7
16 -7.0 7
17 -7.0 7
