0 -50.0 50
1 -50.0 50
2 -47.0 47
3 -45.0 45
4 -36.0 36
5 -50.0 50
6 -22.0 22
7 -26.0 26
8 -18.0 18
9 -9.0 9
10 -16.0 16
11 -18.0 18
12 -18.0 18
13 -16.0 16
14 -20.0 20
15 -15.0 15
16 -7.0 7
17 -7.0 7
0 -50.0 50
1 -26.0 26
2 -50.0 50
3 -50.0 50
4 -50.0 50
5 -19.0 19
6 -17.0 17
7 -14.0 14
8 -12.0 12
9 -15.0 15
10 -19.0 19
11 -30.0 30
12 -50.0 50
13 -38.0 38
14 -13.0 13
15 -8.0 8
16 -7.0 7
17 -7.0 7
0 -29.0 29
1 -50.0 50
2 -50.0 50
3 -50.0 50
4 -50.0 50
5 -50.0 50
6 -50.0 50
7 -18.0 18
8 -7.0 7
9 -9.0 9
10 -11.0 11
11 -40.0 40
12 -27.0 27
13 -12.0 12
14 -10.0 10
15 -10.0 10
16 -12.0 12
17 -10.0 10
0 -36.0 36
1 -50.0 50
2 -50.0 50
3 -43.0 43
4 -50.0 50
5 -50.0 50
6 -50.0 50
7 -12.0 12
8 -11.0 11
9 -11.0 11
10 -13.0 13
11 -13.0 13
12 -17.0 17
13 -7.0 7
14 -7.0 7
15 -7.0 7
16 -9.0 9
17 -7.0 7
0 -50.0 50
1 -50.0 50
2 -50.0 50
3 -50.0 50
4 -34.0 34
5 -20.0 20
6 -50.0 50
7 -31.0 31
8 -50.0 50
9 -22.0 22
10 -25.0 25
11 -26.0 26
12 -12.0 12
13 -10.0 10
14 -9.0 9
15 -7.0 7
16 -8.0 8
17 -7.0 7
0 -50.0 50
1 -27.0 27
2 -50.0 50
3 -50.0 50
4 -50.0 50
5 -26.0 26
6 -25.0 25
7 -18.0 18
8 -31.0 31
9 -18.0 18
10 -22.0 22
11 -11.0 11
12 -7.0 7
13 -7.0 7
14 -11.0 11
15 -30.0 30
16 -13.0 13
17 -12.0 12
0 -50.0 50
1 -37.0 37
2 -50.0 50
3 -50.0 50
4 -37.0 37
5 -50.0 50
6 -36.0 36
7 -25.0 25
8 -42.0 42
9 -12.0 12
10 -13.0 13
11 -11.0 11
12 -15.0 15
13 -11.0 11
14 -7.0 7
15 -11.0 11
16 -7.0 7
17 -9.0 9
0 -38.0 38
1 -50.0 50
2 -50.0 50
3 -49.0 49
4 -24.0 24
5 -50.0 50
6 -50.0 50
7 -25.0 25
8 -7.0 7
9 -7.0 7
10 -7.0 7
11 -7.0 7
12 -7.0 7
13 -18.0 18
14 -14.0 14
15 -7.0 7
16 -7.0 7
17 -7.0 7
0 -50.0 50
1 -50.0 50
2 -29.0 29
3 -50.0 50
4 -50.0 50
5 -36.0 36
6 -36.0 36
7 -50.0 50
8 -20.0 20
9 -26.0 26
10 -28.0 28
11 -8.0 8
12 -10.0 10
13 -10.0 10
14 -7.0 7
15 -8.0 8
16 -7.0 7
17 -7.0 7
0 -50.0 50
1 -31.0 31
2 -50.0 50
3 -46.0 46
4 -42.0 42
5 -50.0 50
6 -50.0 50
7 -13.0 13
8 -15.0 15
9 -13.0 13
10 -23.0 23
11 -9.0 9
12 -7.0 7
13 -7.0 7
14 -9.0 9
15 -8.0 8
16 -8.0 8
17 -7.0 7
0 -50.0 50
1 -21.0 21
2 -50.0 50
3 -50.0 50
4 -50.0 50
5 -37.0 37
6 -14.0 14
7 -8.0 8
8 -22.0 22
9 -35.0 35
10 -31.0 31
11 -41.0 41
12 -13.0 13
13 -14.0 14
14 -7.0 7
15 -7.0 7
16 -7.0 7
17 -7.0 7
0 -50.0 50
1 -50.0 50
2 -50.0 50
3 -13.0 13
4 -31.0 31
5 -48.0 48
6 -50.0 50
7 -27.0 27
8 -14.0 14
9 -33.0 33
10 -14.0 14
11 -12.0 12
12 -9.0 9
13 -7.0 7
14 -9.0 9
15 -18.0 18
16 -12.0 12
17 -7.0 7
0 -39.0 39
1 -50.0 50
2 -50.0 50
3 -50.0 50
4 -50.0 50
5 -17.0 17
6 -29.0 29
7 -17.0 17
8 -19.0 19
9 -30.0 30
10 -10.0 10
11 -9.0 9
12 -7.0 7
13 -9.0 9
14 -16.0 16
15 -8.0 8
16 -7.0 7
17 -7.0 7
0 -50.0 50
1 -50.0 50
2 -50.0 50
3 -17.0 17
4 -33.0 33
5 -50.0 50
6 -13.0 13
7 -18.0 18
8 -50.0 50
9 -27.0 27
10 -44.0 44
11 -13.0 13
12 -12.0 12
13 -7.0 7
14 -9.0 9
15 -9.0 9
16 -7.0 7
17 -7.0 7
0 -32.0 32
1 -50.0 50
2 -50.0 50
3 -39.0 39
4 -50.0 50
5 -50.0 50
6 -7.0 7
7 -21.0 21
8 -7.0 7
9 -9.0 9
10 -7.0 7
11 -15.0 15
12 -9.0 9
13 -10.0 10
14 -10.0 10
15 -11.0 11
16 -7.0 7
17 -9.0 9
0 -50.0 50
1 -50.0 50
2 -50.0 50
3 -20.0 20
4 -50.0 50
5 -18.0 18
6 -19.0 19
7 -50.0 50
8 -21.0 21
9 -50.0 50
10 -9.0 9
11 -17.0 17
12 -7.0 7
13 -12.0 12
14 -10.0 10
15 -7.0 7
16 -9.0 9
17 -7.0 7
0 -50.0 50
1 -25.0 25
2 -50.0 50
3 -50.0 50
4 -50.0 50
5 -50.0 50
6 -21.0 21
7 -13.0 13
8 -42.0 42
9 -8.0 8
10 -18.0 18
11 -14.0 14
12 -10.0 10
13 -13.0 13
14 -7.0 7
15 -7.0 7
16 -10.0 10
17 -7.0 7
0 -21.0 21
1 -50.0 50
2 -50.0 50
3 -50.0 50
4 -34.0 34
5 -27.0 27
6 -18.0 18
7 -17.0 17
8 -35.0 35
9 -24.0 24
10 -22.0 22
11 -50.0 50
12 -26.0 26
13 -17.0 17
14 -24.0 24
15 -14.0 14
16 -14.0 14
17 -7.0 7
0 -50.0 50
1 -50.0 50
2 -50.0 50
3 -22.0 22
4 -31.0 31
5 -50.0 50
6 -46.0 46
7 -19.0 19
8 -22.0 22
9 -13.0 13
10 -7.0 7
11 -7.0 7
12 -9.0 9
13 -50.0 50
14 -10.0 10
15 -8.0 8
16 -7.0 7
17 -7.0 7
0 -50.0 50
1 -31.0 31
2 -50.0 50
3 -46.0 46
4 -50.0 50
5 -29.0 29
6 -19.0 19
7 -12.0 12
8 -10.0 10
9 -12.0 12
10 -14.0 14
11 -14.0 14
12 -42.0 42
13 -14.0 14
14 -11.0 11
15 -11.0 11
16 -10.0 10
17 -7.0 7
0 -50.0 50
1 -50.0 50
2 -30.0 30
3 -50.0 50
4 -20.0 20
5 -50.0 50
6 -50.0 50
7 -29.0 29
8 -16.0 16
9 -9.0 9
10 -10.0 10
11 -7.0 7
12 -18.0 18
13 -10.0 10
14 -9.0 9
15 -14.0 14
16 -10.0 10
17 -7.0 7
0 -50.0 50
1 -50.0 50
2 -50.0 50
3 -50.0 50
4 -34.0 34
5 -50.0 50
6 -33.0 33
7 -10.0 10
8 -15.0 15
9 -8.0 8
10 -15.0 15
11 -45.0 45
12 -15.0 15
13 -16.0 16
14 -7.0 7
15 -7.0 7
16 -7.0 7
17 -7.0 7
0 -50.0 50
1 -50.0 50
2 -50.0 50
3 -20.0 20
4 -50.0 50
5 -18.0 18
6 -50.0 50
7 -50.0 50
8 -50.0 50
9 -15.0 15
10 -23.0 23
11 -24.0 24
12 -8.0 8
13 -13.0 13
14 -8.0 8
15 -9.0 9
16 -7.0 7
17 -7.0 7
0 -45.0 45
1 -50.0 50
2 -50.0 50
3 -31.0 31
4 -50.0 50
5 -43.0 43
6 -24.0 24
7 -50.0 50
8 -21.0 21
9 -8.0 8
10 -7.0 7
11 -9.0 9
12 -10.0 10
13 -7.0 7
14 -12.0 12
15 -14.0 14
16 -9.0 9
17 -7.0 7
0 -50.0 50
1 -50.0 50
2 -46.0 46
3 -50.0 50
4 -50.0 50
5 -48.0 48
6 -50.0 50
7 -16.0 16
8 -50.0 50
9 -11.0 11
10 -9.0 9
11 -8.0 8
12 -7.0 7
13 -7.0 7
14 -8.0 8
15 -7.0 7
16 -7.0 7
17 -7.0 7
0 -50.0 50
1 -50.0 50
2 -50.0 50
3 -21.0 21
4 -44.0 44
5 -50.0 50
6 -48.0 48
7 -26.0 26
8 -12.0 12
9 -9.0 9
10 -13.0 13
11 -28.0 28
12 -15.0 15
13 -8.0 8
14 -9.0 9
15 -9.0 9
16 -7.0 7
17 -7.0 7
0 -50.0 50
1 -41.0 41
2 -46.0 46
3 -50.0 50
4 -50.0 50
5 -50.0 50
6 -50.0 50
7 -25.0 25
8 -18.0 18
9 -13.0 13
10 -7.0 7
11 -7.0 7
12 -7.0 7
13 -7.0 7
14 -7.0 7
15 -8.0 8
16 -7.0 7
17 -7.0 7
0 -50.0 50
1 -29.0 29
2 -50.0 50
3 -50.0 50
4 -44.0 44
5 -42.0 42
6 -16.0 16
7 -15.0 15
8 -50.0 50
9 -50.0 50
10 -26.0 26
11 -28.0 28
12 -16.0 16
13 -14.0 14
14 -13.0 13
15 -11.0 11
16 -11.0 11
17 -11.0 11
0 -50.0 50
1 -50.0 50
2 -50.0 50
3 -43.0 43
4 -50.0 50
5 -14.0 14
6 -40.0 40
7 -16.0 16
8 -15.0 15
9 -10.0 10
10 -8.0 8
11 -7.0 7
12 -8.0 8
13 -9.0 9
14 -7.0 7
15 -7.0 7
16 -15.0 15
17 -16.0 16
0 -50.0 50
1 -19.0 19
2 -50.0 50
3 -21.0 21
4 -50.0 50
5 -50.0 50
6 -50.0 50
7 -29.0 29
8 -40.0 40
9 -21.0 21
10 -14.0 14
11 -27.0 27
12 -11.0 11
13 -8.0 8
14 -7.0 7
15 -18.0 18
16 -9.0 9
17 -7.0 7
0 -50.0 50
1 -50.0 50
2 -47.0 47
3 -50.0 50
4 -42.0 42
5 -50.0 50
6 -47.0 47
7 -30.0 30
8 -14.0 14
9 -13.0 13
10 -10.0 10
11 -10.0 10
12 -10.0 10
13 -8.0 8
14 -8.0 8
15 -7.0 7
16 -7.0 7
17 -7.0 7
0 -32.0 32
1 -50.0 50
2 -50.0 50
3 -28.0 28
4 -50.0 50
5 -50.0 50
6 -37.0 37
7 -7.0 7
8 -8.0 8
9 -23.0 23
10 -7.0 7
11 -12.0 12
12 -7.0 7
13 -7.0 7
14 -7.0 7
15 -8.0 8
16 -7.0 7
17 -7.0 7
0 -50.0 50
1 -50.0 50
2 -50.0 50
3 -50.0 50
4 -29.0 29
5 -50.0 50
6 -50.0 50
7 -19.0 19
8 -12.0 12
9 -39.0 39
10 -35.0 35
11 -29.0 29
12 -9.0 9
13 -9.0 9
14 -12.0 12
15 -15.0 15
16 -8.0 8
17 -7.0 7
0 -50.0 50
1 -50.0 50
2 -50.0 50
3 -41.0 41
4 -32.0 32
5 -50.0 50
6 -48.0 48
7 -34.0 34
8 -9.0 9
9 -10.0 10
10 -9.0 9
11 -8.0 8
12 -12.0 12
13 -10.0 10
14 -11.0 11
15 -12.0 12
16 -7.0 7
17 -7.0 7
0 -50.0 50
1 -50.0 50
2 -50.0 50
3 -35.0 35
4 -50.0 50
5 -27.0 27
6 -17.0 17
7 -16.0 16
8 -17.0 17
9 -10.0 10
10 -10.0 10
11 -16.0 16
12 -10.0 10
13 -13.0 13
14 -16.0 16
15 -9.0 9
16 -9.0 9
17 -7.0 7
0 -50.0 50
1 -50.0 50
2 -50.0 50
3 -29.0 29
4 -38.0 38
5 -50.0 50
6 -39.0 39
7 -8.0 8
8 -9.0 9
9 -15.0 15
10 -13.0 13
11 -7.0 7
12 -12.0 12
13 -17.0 17
14 -13.0 13
15 -10.0 10
16 -7.0 7
17 -7.0 7
0 -50.0 50
1 -50.0 50
2 -50.0 50
3 -50.0 50
4 -23.0 23
5 -12.0 12
6 -19.0 19
7 -21.0 21
8 -41.0 41
9 -18.0 18
10 -12.0 12
11 -39.0 39
12 -35.0 35
13 -28.0 28
14 -9.0 9
15 -8.0 8
16 -7.0 7
17 -7.0 7
0 -50.0 50
1 -50.0 50
2 -38.0 38
3 -28.0 28
4 -50.0 50
5 -39.0 39
6 -50.0 50
7 -25.0 25
8 -17.0 17
9 -10.0 10
10 -11.0 11
11 -10.0 10
12 -22.0 22
13 -11.0 11
14 -12.0 12
15 -9.0 9
16 -7.0 7
17 -7.0 7
0 -35.0 35
1 -50.0 50
2 -25.0 25
3 -50.0 50
4 -50.0 50
5 -50.0 50
6 -50.0 50
7 -15.0 15
8 -23.0 23
9 -30.0 30
10 -25.0 25
11 -22.0 22
12 -12.0 12
13 -13.0 13
14 -14.0 14
15 -13.0 13
16 -8.0 8
17 -7.0 7
0 -50.0 50
1 -50.0 50
2 -48.0 48
3 -50.0 50
4 -32.0 32
5 -36.0 36
6 -50.0 50
7 -22.0 22
8 -7.0 7
9 -8.0 8
10 -7.0 7
11 -7.0 7
12 -10.0 10
13 -8.0 8
14 -37.0 37
15 -10.0 10
16 -9.0 9
17 -7.0 7
0 -24.0 24
1 -50.0 50
2 -50.0 50
3 -45.0 45
4 -50.0 50
5 -50.0 50
6 -23.0 23
7 -30.0 30
8 -22.0 22
9 -9.0 9
10 -13.0 13
11 -7.0 7
12 -20.0 20
13 -7.0 7
14 -7.0 7
15 -9.0 9
16 -16.0 16
17 -11.0 11
0 -50.0 50
1 -50.0 50
2 -15.0 15
3 -50.0 50
4 -18.0 18
5 -50.0 50
6 -50.0 50
7 -13.0 13
8 -50.0 50
9 -16.0 16
10 -11.0 11
11 -15.0 15
12 -41.0 41
13 -22.0 22
14 -12.0 12
15 -10.0 10
16 -10.0 10
17 -11.0 11
0 -50.0 50
1 -50.0 50
2 -40.0 40
3 -50.0 50
4 -44.0 44
5 -22.0 22
6 -50.0 50
7 -27.0 27
8 -27.0 27
9 -10.0 10
10 -10.0 10
11 -24.0 24
12 -14.0 14
13 -8.0 8
14 -10.0 10
15 -9.0 9
16 -7.0 7
17 -7.0 7
0 -37.0 37
1 -50.0 50
2 -50.0 50
3 -50.0 50
4 -14.0 14
5 -21.0 21
6 -21.0 21
7 -20.0 20
8 -50.0 50
9 -50.0 50
10 -50.0 50
11 -10.0 10
12 -13.0 13
13 -7.0 7
14 -8.0 8
15 -7.0 7
16 -7.0 7
17 -7.0 7
0 -50.0 50
1 -50.0 50
2 -50.0 50
3 -39.0 39
4 -44.0 44
5 -47.0 47
6 -44.0 44
7 -20.0 20
8 -23.0 23
9 -23.0 23
10 -16.0 16
11 -18.0 18
12 -26.0 26
13 -50.0 50
14 -18.0 18
15 -23.0 23
16 -11.0 11
17 -13.0 13
0 -50.0 50
1 -50.0 50
2 -50.0 50
3 -21.0 21
4 -50.0 50
5 -38.0 38
6 -11.0 11
7 -23.0 23
8 -48.0 48
9 -17.0 17
10 -16.0 16
11 -8.0 8
12 -9.0 9
13 -16.0 16
14 -15.0 15
15 -12.0 12
16 -7.0 7
17 -7.0 7
0 -50.0 50
1 -35.0 35
2 -50.0 50
3 -31.0 31
4 -50.0 50
5 -50.0 50
6 -18.0 18
7 -24.0 24
8 -49.0 49
9 -23.0 23
10 -16.0 16
11 -11.0 11
12 -11.0 11
13 -9.0 9
14 -7.0 7
15 -7.0 7
16 -7.0 7
17 -7.0 7
0 -50.0 50
1 -40.0 40
2 -50.0 50
3 -35.0 35
4 -30.0 30
5 -50.0 50
6 -50.0 50
7 -36.0 36
8 -20.0 20
9 -12.0 12
10 -7.0 7
11 -7.0 7
12 -9.0 9
13 -13.0 13
14 -7.0 7
15 -8.0 8
16 -9.0 9
17 -7.0 7
0 -50.0 50
1 -27.0 27
2 -50.0 50
3 -42.0 42
4 -32.0 32
5 -50.0 50
6 -30.0 30
7 -32.0 32
8 -31.0 31
9 -14.0 14
10 -50.0 50
11 -50.0 50
12 -29.0 29
13 -25.0 25
14 -18.0 18
15 -10.0 10
16 -35.0 35
17 -7.0 7
0 -50.0 50
1 -50.0 50
2 -20.0 20
3 -39.0 39
4 -50.0 50
5 -50.0 50
6 -12.0 12
7 -20.0 20
8 -17.0 17
9 -22.0 22
10 -22.0 22
11 -12.0 12
12 -7.0 7
13 -8.0 8
14 -10.0 10
15 -18.0 18
16 -13.0 13
17 -10.0 10
0 -50.0 50
1 -50.0 50
2 -50.0 50
3 -23.0 23
4 -50.0 50
5 -50.0 50
6 -32.0 32
7 -12.0 12
8 -16.0 16
9 -7.0 7
10 -11.0 11
11 -23.0 23
12 -13.0 13
13 -15.0 15
14 -50.0 50
15 -28.0 28
16 -17.0 17
17 -9.0 9
0 -50.0 50
1 -50.0 50
2 -44.0 44
3 -50.0 50
4 -50.0 50
5 -15.0 15
6 -50.0 50
7 -47.0 47
8 -15.0 15
9 -14.0 14
10 -10.0 10
11 -9.0 9
12 -10.0 10
13 -10.0 10
14 -12.0 12
15 -7.0 7
16 -9.0 9
17 -7.0 7
0 -50.0 50
1 -50.0 50
2 -19.0 19
3 -33.0 33
4 -50.0 50
5 -43.0 43
6 -27.0 27
7 -50.0 50
8 -14.0 14
9 -50.0 50
10 -18.0 18
11 -32.0 32
12 -50.0 50
13 -15.0 15
14 -11.0 11
15 -9.0 9
16 -11.0 11
17 -12.0 12
0 -50.0 50
1 -50.0 50
2 -27.0 27
3 -48.0 48
4 -50.0 50
5 -38.0 38
6 -28.0 28
7 -9.0 9
8 -48.0 48
9 -26.0 26
10 -14.0 14
11 -12.0 12
12 -34.0 34
13 -24.0 24
14 -19.0 19
15 -12.0 12
16 -11.0 11
17 -11.0 11
0 -50.0 50
1 -21.0 21
2 -50.0 50
3 -47.0 47
4 -29.0 29
5 -40.0 40
6 -50.0 50
7 -50.0 50
8 -25.0 25
9 -8.0 8
10 -7.0 7
11 -9.0 9
12 -7.0 7
13 -9.0 9
14 -12.0 12
15 -7.0 7
16 -7.0 7
17 -9.0 9
0 -50.0 50
1 -38.0 38
2 -50.0 50
3 -50.0 50
4 -41.0 41
5 -50.0 50
6 -31.0 31
7 -35.0 35
8 -20.0 20
9 -13.0 13
10 -39.0 39
11 -28.0 28
12 -11.0 11
13 -8.0 8
14 -7.0 7
15 -7.0 7
16 -7.0 7
17 -7.0 7
0 -37.0 37
1 -50.0 50
2 -50.0 50
3 -8.0 8
4 -41.0 41
5 -41.0 41
6 -50.0 50
7 -50.0 50
8 -35.0 35
9 -33.0 33
10 -10.0 10
11 -9.0 9
12 -18.0 18
13 -22.0 22
14 -17.0 17
15 -9.0 9
16 -7.0 7
17 -7.0 7
0 -50.0 50
1 -50.0 50
2 -18.0 18
3 -50.0 50
4 -17.0 17
5 -50.0 50
6 -48.0 48
7 -11.0 11
8 -10.0 10
9 -14.0 14
10 -7.0 7
11 -11.0 11
12 -9.0 9
13 -14.0 14
14 -9.0 9
15 -8.0 8
16 -7.0 7
17 -11.0 11
0 -50.0 50
1 -50.0 50
2 -50.0 50
3 -50.0 50
4 -30.0 30
5 -35.0 35
6 -14.0 14
7 -26.0 26
8 -30.0 30
9 -41.0 41
10 -7.0 7
11 -7.0 7
12 -7.0 7
13 -9.0 9
14 -23.0 23
15 -8.0 8
16 -11.0 11
17 -7.0 7
0 -50.0 50
1 -50.0 50
2 -50.0 50
3 -21.0 21
4 -50.0 50
5 -45.0 45
6 -49.0 49
7 -8.0 8
8 -11.0 11
9 -11.0 11
10 -8.0 8
11 -7.0 7
12 -38.0 38
13 -11.0 11
14 -9.0 9
15 -7.0 7
16 -7.0 7
17 -7.0 7
0 -50.0 50
1 -50.0 50
2 -39.0 39
3 -49.0 49
4 -50.0 50
5 -34.0 34
6 -26.0 26
7 -16.0 16
8 -9.0 9
9 -13.0 13
10 -9.0 9
11 -9.0 9
12 -50.0 50
13 -38.0 38
14 -10.0 10
15 -12.0 12
16 -10.0 10
17 -10.0 10
0 -17.0 17
1 -50.0 50
2 -50.0 50
3 -50.0 50
4 -48.0 48
5 -34.0 34
6 -27.0 27
7 -13.0 13
8 -50.0 50
9 -50.0 50
10 -18.0 18
11 -18.0 18
12 -9.0 9
13 -8.0 8
14 -7.0 7
15 -7.0 7
16 -7.0 7
17 -7.0 7
0 -50.0 50
1 -50.0 50
2 -50.0 50
3 -30.0 30
4 -50.0 50
5 -26.0 26
6 -33.0 33
7 -50.0 50
8 -11.0 11
9 -11.0 11
10 -9.0 9
11 -7.0 7
12 -8.0 8
13 -12.0 12
14 -18.0 18
15 -8.0 8
16 -7.0 7
17 -11.0 11
0 -50.0 50
1 -50.0 50
2 -27.0 27
3 -50.0 50
4 -50.0 50
5 -50.0 50
6 -19.0 19
7 -18.0 18
8 -9.0 9
9 -50.0 50
10 -12.0 12
11 -10.0 10
12 -7.0 7
13 -7.0 7
14 -7.0 7
15 -7.0 7
16 -9.0 9
17 -9.0 9
0 -50.0 50
1 -50.0 50
2 -42.0 42
3 -50.0 50
4 -29.0 29
5 -32.0 32
6 -29.0 29
7 -13.0 13
8 -50.0 50
9 -30.0 30
10 -18.0 18
11 -7.0 7
12 -7.0 7
13 -9.0 9
14 -8.0 8
15 -10.0 10
16 -7.0 7
17 -9.0 9
0 -50.0 50
1 -50.0 50
2 -50.0 50
3 -25.0 25
4 -50.0 50
5 -50.0 50
6 -14.0 14
7 -26.0 26
8 -50.0 50
9 -27.0 27
10 -18.0 18
11 -11.0 11
12 -17.0 17
13 -11.0 11
14 -8.0 8
15 -10.0 10
16 -8.0 8
17 -7.0 7
0 -50.0 50
1 -50.0 50
2 -50.0 50
3 -15.0 15
4 -50.0 50
5 -40.0 40
6 -50.0 50
7 -17.0 17
8 -12.0 12
9 -9.0 9
10 -9.0 9
11 -10.0 10
12 -10.0 10
13 -18.0 18
14 -10.0 10
15 -12.0 12
16 -7.0 7
17 -7.0 7
0 -50.0 50
1 -36.0 36
2 -50.0 50
3 -50.0 50
4 -50.0 50
5 -19.0 19
6 -10.0 10
7 -43.0 43
8 -7.0 7
9 -14.0 14
10 -14.0 14
11 -23.0 23
12 -7.0 7
13 -7.0 7
14 -8.0 8
15 -9.0 9
16 -7.0 7
17 -7.0 7
0 -50.0 50
1 -50.0 50
2 -50.0 50
3 -50.0 50
4 -16.0 16
5 -44.0 44
6 -50.0 50
7 -41.0 41
8 -9.0 9
9 -9.0 9
10 -13.0 13
11 -15.0 15
12 -7.0 7
13 -7.0 7
14 -9.0 9
15 -8.0 8
16 -7.0 7
17 -7.0 7
0 -50.0 50
1 -50.0 50
2 -50.0 50
3 -41.0 41
4 -49.0 49
5 -50.0 50
6 -50.0 50
7 -12.0 12
8 -17.0 17
9 -12.0 12
10 -22.0 22
11 -13.0 13
12 -7.0 7
13 -43.0 43
14 -11.0 11
15 -9.0 9
16 -7.0 7
17 -7.0 7
0 -44.0 44
1 -50.0 50
2 -50.0 50
3 -50.0 50
4 -50.0 50
5 -14.0 14
6 -50.0 50
7 -25.0 25
8 -22.0 22
9 -10.0 10
10 -15.0 15
11 -24.0 24
12 -22.0 22
13 -15.0 15
14 -12.0 12
15 -11.0 11
16 -12.0 12
17 -11.0 11
0 -50.0 50
1 -50.0 50
2 -42.0 42
3 -50.0 50
4 -50.0 50
5 -27.0 27
6 -27.0 27
7 -50.0 50
8 -37.0 37
9 -50.0 50
10 -26.0 26
11 -13.0 13
12 -12.0 12
13 -15.0 15
14 -17.0 17
15 -18.0 18
16 -11.0 11
17 -7.0 7
0 -50.0 50
1 -50.0 50
2 -50.0 50
3 -16.0 16
4 -50.0 50
5 -50.0 50
6 -13.0 13
7 -9.0 9
8 -15.0 15
9 -15.0 15
10 -22.0 22
11 -26.0 26
12 -10.0 10
13 -11.0 11
14 -9.0 9
15 -9.0 9
16 -7.0 7
17 -7.0 7
0 -50.0 50
1 -50.0 50
2 -50.0 50
3 -27.0 27
4 -47.0 47
5 -50.0 50
6 -15.0 15
7 -50.0 50
8 -26.0 26
9 -39.0 39
10 -13.0 13
11 -9.0 9
12 -8.0 8
13 -10.0 10
14 -16.0 16
15 -12.0 12
16 -7.0 7
17 -7.0 7
0 -24.0 24
1 -50.0 50
2 -50.0 50
3 -50.0 50
4 -39.0 39
5 -50.0 50
6 -10.0 10
7 -27.0 27
8 -50.0 50
9 -22.0 22
10 -24.0 24
11 -18.0 18
12 -40.0 40
13 -10.0 10
14 -11.0 11
15 -7.0 7
16 -7.0 7
17 -7.0 7
0 -50.0 50
1 -50.0 50
2 -36.0 36
3 -50.0 50
4 -50.0 50
5 -50.0 50
6 -32.0 32
7 -9.0 9
8 -8.0 8
9 -35.0 35
10 -10.0 10
11 -7.0 7
12 -11.0 11
13 -15.0 15
14 -11.0 11
15 -8.0 8
16 -7.0 7
17 -7.0 7
0 -50.0 50
1 -50.0 50
2 -27.0 27
3 -50.0 50
4 -50.0 50
5 -43.0 43
6 -50.0 50
7 -26.0 26
8 -7.0 7
9 -14.0 14
10 -19.0 19
11 -15.0 15
12 -12.0 12
13 -8.0 8
14 -14.0 14
15 -17.0 17
16 -7.0 7
17 -7.0 7
0 -50.0 50
1 -22.0 22
2 -50.0 50
3 -50.0 50
4 -50.0 50
5 -38.0 38
6 -14.0 14
7 -10.0 10
8 -15.0 15
9 -16.0 16
10 -21.0 21
11 -47.0 47
12 -13.0 13
13 -9.0 9
14 -9.0 9
15 -9.0 9
16 -9.0 9
17 -19.0 19
0 -50.0 50
1 -45.0 45
2 -50.0 50
3 -50.0 50
4 -50.0 50
5 -50.0 50
6 -17.0 17
7 -8.0 8
8 -7.0 7
9 -12.0 12
10 -7.0 7
11 -7.0 7
12 -8.0 8
13 -7.0 7
14 -7.0 7
15 -8.0 8
16 -15.0 15
17 -7.0 7
0 -50.0 50
1 -50.0 50
2 -50.0 50
3 -50.0 50
4 -18.0 18
5 -20.0 20
6 -15.0 15
7 -7.0 7
8 -16.0 16
9 -29.0 29
10 -50.0 50
11 -50.0 50
12 -22.0 22
13 -35.0 35
14 -21.0 21
15 -12.0 12
16 -13.0 13
17 -13.0 13
0 -33.0 33
1 -50.0 50
2 -50.0 50
3 -50.0 50
4 -30.0 30
5 -50.0 50
6 -22.0 22
7 -23.0 23
8 -20.0 20
9 -50.0 50
10 -19.0 19
11 -20.0 20
12 -10.0 10
13 -7.0 7
14 -7.0 7
15 -7.0 7
16 -7.0 7
17 -7.0 7
0 -50.0 50
1 -22.0 22
2 -50.0 50
3 -33.0 33
4 -50.0 50
5 -50.0 50
6 -28.0 28
7 -21.0 21
8 -10.0 10
9 -15.0 15
10 -15.0 15
11 -14.0 14
12 -11.0 11
13 -50.0 50
14 -34.0 34
15 -14.0 14
16 -10.0 10
17 -10.0 10
0 -50.0 50
1 -28.0 28
2 -50.0 50
3 -50.0 50
4 -29.0 29
5 -50.0 50
6 -50.0 50
7 -16.0 16
8 -9.0 9
9 -9.0 9
10 -11.0 11
11 -9.0 9
12 -11.0 11
13 -31.0 31
14 -7.0 7
15 -7.0 7
16 -11.0 11
17 -18.0 18
0 -50.0 50
1 -50.0 50
2 -50.0 50
3 -50.0 50
4 -43.0 43
5 -23.0 23
6 -14.0 14
7 -26.0 26
8 -14.0 14
9 -14.0 14
10 -20.0 20
11 -11.0 11
12 -19.0 19
13 -18.0 18
14 -7.0 7
15 -7.0 7
16 -7.0 7
17 -7.0 7
0 -50.0 50
1 -50.0 50
2 -50.0 50
3 -25.0 25
4 -42.0 42
5 -43.0 43
6 -26.0 26
7 -50.0 50
8 -50.0 50
9 -12.0 12
10 -10.0 10
11 -11.0 11
12 -8.0 8
13 -10.0 10
14 -16.0 16
15 -7.0 7
16 -7.0 7
17 -7.0 7
0 -50.0 50
1 -50.0 50
2 -50.0 50
3 -28.0 28
4 -50.0 50
5 -50.0 50
6 -23.0 23
7 -44.0 44
8 -22.0 22
9 -14.0 14
10 -9.0 9
11 -13.0 13
12 -7.0 7
13 -7.0 7
14 -9.0 9
15 -15.0 15
16 -13.0 13
17 -9.0 9
0 -46.0 46
1 -50.0 50
2 -50.0 50
3 -17.0 17
4 -38.0 38
5 -50.0 50
6 -27.0 27
7 -34.0 34
8 -35.0 35
9 -7.0 7
10 -9.0 9
11 -7.0 7
12 -7.0 7
13 -11.0 11
14 -12.0 12
15 -18.0 18
16 -10.0 10
17 -7.0 7
0 -50.0 50
1 -50.0 50
2 -50.0 50
3 -13.0 13
4 -35.0 35
5 -50.0 50
6 -50.0 50
7 -50.0 50
8 -27.0 27
9 -16.0 16
10 -7.0 7
11 -9.0 9
12 -7.0 7
13 -7.0 7
14 -7.0 7
15 -7.0 7
16 -7.0 7
17 -15.0 15
0 -50.0 50
1 -50.0 50
2 -50.0 50
3 -35.0 35
4 -50.0 50
5 -34.0 34
6 -43.0 43
7 -20.0 20
8 -9.0 9
9 -17.0 17
10 -22.0 22
11 -21.0 21
12 -7.0 7
13 -8.0 8
14 -7.0 7
15 -7.0 7
16 -7.0 7
17 -9.0 9
0 -50.0 50
1 -31.0 31
2 -50.0 50
3 -37.0 37
4 -50.0 50
5 -24.0 24
6 -50.0 50
7 -29.0 29
8 -50.0 50
9 -29.0 29
10 -7.0 7
11 -13.0 13
12 -23.0 23
13 -9.0 9
14 -9.0 9
15 -14.0 14
16 -35.0 35
17 -24.0 24
0 -50.0 50
1 -50.0 50
2 -50.0 50
3 -50.0 50
4 -23.0 23
5 -49.0 49
6 -30.0 30
7 -20.0 20
8 -12.0 12
9 -44.0 44
10 -24.0 24
11 -17.0 17
12 -15.0 15
13 -11.0 11
14 -7.0 7
15 -7.0 7
16 -7.0 7
17 -9.0 9
0 -50.0 50
1 -50.0 50
2 -50.0 50
3 -23.0 23
4 -33.0 33
5 -30.0 30
6 -50.0 50
7 -50.0 50
8 -20.0 20
9 -10.0 10
10 -14.0 14
11 -11.0 11
12 -15.0 15
13 -12.0 12
14 -10.0 10
15 -9.0 9
16 -7.0 7
17 -11.0 11
0 -50.0 50
1 -50.0 50
2 -34.0 34
3 -50.0 50
4 -28.0 28
5 -40.0 40
6 -43.0 43
7 -10.0 10
8 -12.0 12
9 -50.0 50
10 -32.0 32
11 -26.0 26
12 -22.0 22
13 -14.0 14
14 -11.0 11
15 -13.0 13
16 -11.0 11
17 -11.0 11
0 -50.0 50
1 -39.0 39
2 -50.0 50
3 -50.0 50
4 -39.0 39
5 -50.0 50
6 -50.0 50
7 -18.0 18
8 -12.0 12
9 -13.0 13
10 -7.0 7
11 -10.0 10
12 -12.0 12
13 -28.0 28
14 -9.0 9
15 -7.0 7
16 -7.0 7
17 -8.0 8
0 -50.0 50
1 -28.0 28
2 -50.0 50
3 -50.0 50
4 -12.0 12
5 -26.0 26
6 -40.0 40
7 -50.0 50
8 -50.0 50
9 -50.0 50
10 -22.0 22
11 -13.0 13
12 -10.0 10
13 -12.0 12
14 -25.0 25
15 -7.0 7
16 -9.0 9
17 -9.0 9
0 -50.0 50
1 -50.0 50
2 -20.0 20
3 -50.0 50
4 -50.0 50
5 -50.0 50
6 -32.0 32
7 -50.0 50
8 -37.0 37
9 -8.0 8
10 -7.0 7
11 -8.0 8
12 -7.0 7
13 -8.0 8
14 -10.0 10
15 -7.0 7
16 -10.0 10
17 -7.0 7
0 -50.0 50
1 -18.0 18
2 -50.0 50
3 -50.0 50
4 -21.0 21
5 -50.0 50
6 -50.0 50
7 -19.0 19
8 -43.0 43
9 -34.0 34
10 -10.0 10
11 -9.0 9
12 -12.0 12
13 -16.0 16
14 -10.0 10
15 -9.0 9
16 -7.0 7
17 -7.0 7
0 -50.0 50
1 -23.0 23
2 -50.0 50
3 -50.0 50
4 -41.0 41
5 -47.0 47
6 -43.0 43
7 -39.0 39
8 -14.0 14
9 -11.0 11
10 -9.0 9
11 -23.0 23
12 -35.0 35
13 -13.0 13
14 -9.0 9
15 -10.0 10
16 -7.0 7
17 -7.0 7
0 -50.0 50
1 -18.0 18
2 -50.0 50
3 -50.0 50
4 -50.0 50
5 -50.0 50
6 -49.0 49
7 -34.0 34
8 -10.0 10
9 -16.0 16
10 -12.0 12
11 -9.0 9
12 -7.0 7
13 -9.0 9
14 -8.0 8
15 -8.0 8
16 -7.0 7
17 -7.0 7
0 -50.0 50
1 -50.0 50
2 -43.0 43
3 -36.0 36
4 -50.0 50
5 -20.0 20
6 -34.0 34
7 -17.0 17
8 -16.0 16
9 -16.0 16
10 -9.0 9
11 -7.0 7
12 -7.0 7
13 -15.0 15
14 -16.0 16
15 -50.0 50
16 -44.0 44
17 -19.0 19
