0 -50.0 50
1 -50.0 50
2 -50.0 50
3 -31.0 31
4 -50.0 50
5 -50.0 50
6 -16.0 16
7 -13.0 13
8 -19.0 19
9 -11.0 11
10 -16.0 16
11 -37.0 37
12 -13.0 13
13 -7.0 7
14 -8.0 8
15 -12.0 12
16 -9.0 9
17 -8.0 8
18 -7.0 7
19 -7.0 7
20 -7.0 7
21 -7.0 7
0 -50.0 50
1 -50.0 50
2 -41.0 41
3 -50.0 50
4 -45.0 45
5 -43.0 43
6 -31.0 31
7 -12.0 12
8 -22.0 22
9 -27.0 27
10 -9.0 9
11 -7.0 7
12 -12.0 12
13 -9.0 9
14 -9.0 9
15 -16.0 16
16 -50.0 50
17 -11.0 11
18 -29.0 29
19 -7.0 7
20 -7.0 7
21 -7.0 7
0 -25.0 25
1 -50.0 50
2 -29.0 29
3 -50.0 50
4 -50.0 50
5 -50.0 50
6 -37.0 37
7 -14.0 14
8 -16.0 16
9 -19.0 19
10 -10.0 10
11 -11.0 11
12 -15.0 15
13 -13.0 13
14 -8.0 8
15 -7.0 7
16 -50.0 50
17 -9.0 9
18 -14.0 14
19 -9.0 9
20 -9.0 9
21 -7.0 7
0 -50.0 50
1 -50.0 50
2 -39.0 39
3 -50.0 50
4 -27.0 27
5 -20.0 20
6 -50.0 50
7 -27.0 27
8 -21.0 21
9 -50.0 50
10 -50.0 50
11 -21.0 21
12 -7.0 7
13 -7.0 7
14 -7.0 7
15 -8.0 8
16 -7.0 7
17 -9.0 9
18 -9.0 9
19 -9.0 9
20 -10.0 10
21 -7.0 7
0 -50.0 50
1 -50.0 50
2 -50.0 50
3 -20.0 20
4 -50.0 50
5 -23.0 23
6 -28.0 28
7 -35.0 35
8 -27.0 27
9 -10.0 10
10 -14.0 14
11 -20.0 20
12 -21.0 21
13 -50.0 50
14 -24.0 24
15 -25.0 25
16 -9.0 9
17 -7.0 7
18 -7.0 7
19 -7.0 7
20 -9.0 9
21 -7.0 7
0 -50.0 50
1 -50.0 50
2 -50.0 50
3 -30.0 30
4 -23.0 23
5 -8.0 8
6 -50.0 50
7 -19.0 19
8 -16.0 16
9 -14.0 14
10 -18.0 18
11 -17.0 17
12 -12.0 12
13 -7.0 7
14 -8.0 8
15 -9.0 9
16 -13.0 13
17 -7.0 7
18 -7.0 7
19 -7.0 7
20 -7.0 7
21 -7.0 7
0 -50.0 50
1 -50.0 50
2 -31.0 31
3 -45.0 45
4 -45.0 45
5 -50.0 50
6 -50.0 50
7 -13.0 13
8 -10.0 10
9 -13.0 13
10 -11.0 11
11 -9.0 9
12 -7.0 7
13 -7.0 7
14 -8.0 8
15 -8.0 8
16 -8.0 8
17 -21.0 21
18 -16.0 16
19 -7.0 7
20 -7.0 7
21 -7.0 7
0 -50.0 50
1 -50.0 50
2 -39.0 39
3 -50.0 50
4 -24.0 24
5 -50.0 50
6 -16.0 16
7 -48.0 48
8 -47.0 47
9 -11.0 11
10 -13.0 13
11 -12.0 12
12 -13.0 13
13 -17.0 17
14 -27.0 27
15 -15.0 15
16 -8.0 8
17 -8.0 8
18 -7.0 7
19 -7.0 7
20 -7.0 7
21 -7.0 7
0 -50.0 50
1 -50.0 50
2 -50.0 50
3 -34.0 34
4 -50.0 50
5 -32.0 32
6 -40.0 40
7 -13.0 13
8 -12.0 12
9 -30.0 30
10 -24.0 24
11 -18.0 18
12 -50.0 50
13 -15.0 15
14 -13.0 13
15 -9.0 9
16 -7.0 7
17 -8.0 8
18 -11.0 11
19 -7.0 7
20 -7.0 7
21 -7.0 7
0 -50.0 50
1 -50.0 50
2 -50.0 50
3 -31.0 31
4 -42.0 42
5 -50.0 50
6 -50.0 50
7 -24.0 24
8 -17.0 17
9 -7.0 7
10 -7.0 7
11 -7.0 7
12 -7.0 7
13 -7.0 7
14 -14.0 14
15 -9.0 9
16 -8.0 8
17 -7.0 7
18 -13.0 13
19 -18.0 18
20 -9.0 9
21 -7.0 7
0 -50.0 50
1 -50.0 50
2 -50.0 50
3 -10.0 10
4 -27.0 27
5 -44.0 44
6 -37.0 37
7 -15.0 15
8 -19.0 19
9 -11.0 11
10 -22.0 22
11 -16.0 16
12 -42.0 42
13 -50.0 50
14 -50.0 50
15 -40.0 40
16 -41.0 41
17 -13.0 13
18 -16.0 16
19 -12.0 12
20 -13.0 13
21 -13.0 13
0 -50.0 50
1 -44.0 44
2 -50.0 50
3 -50.0 50
4 -50.0 50
5 -30.0 30
6 -26.0 26
7 -9.0 9
8 -8.0 8
9 -7.0 7
10 -10.0 10
11 -9.0 9
12 -7.0 7
13 -9.0 9
14 -17.0 17
15 -10.0 10
16 -11.0 11
17 -9.0 9
18 -7.0 7
19 -7.0 7
20 -7.0 7
21 -7.0 7
0 -50.0 50
1 -39.0 39
2 -34.0 34
3 -50.0 50
4 -50.0 50
5 -35.0 35
6 -43.0 43
7 -21.0 21
8 -22.0 22
9 -18.0 18
10 -14.0 14
11 -12.0 12
12 -7.0 7
13 -7.0 7
14 -11.0 11
15 -11.0 11
16 -33.0 33
17 -50.0 50
18 -19.0 19
19 -11.0 11
20 -12.0 12
21 -13.0 13
0 -50.0 50
1 -50.0 50
2 -50.0 50
3 -31.0 31
4 -39.0 39
5 -50.0 50
6 -50.0 50
7 -12.0 12
8 -7.0 7
9 -10.0 10
10 -12.0 12
11 -50.0 50
12 -14.0 14
13 -8.0 8
14 -7.0 7
15 -7.0 7
16 -7.0 7
17 -7.0 7
18 -7.0 7
19 -7.0 7
20 -7.0 7
21 -7.0 7
0 -24.0 24
1 -50.0 50
2 -50.0 50
3 -50.0 50
4 -16.0 16
5 -50.0 50
6 -28.0 28
7 -50.0 50
8 -31.0 31
9 -19.0 19
10 -11.0 11
11 -11.0 11
12 -9.0 9
13 -7.0 7
14 -7.0 7
15 -7.0 7
16 -7.0 7
17 -10.0 10
18 -10.0 10
19 -7.0 7
20 -7.0 7
21 -7.0 7
0 -50.0 50
1 -50.0 50
2 -47.0 47
3 -50.0 50
4 -35.0 35
5 -50.0 50
6 -34.0 34
7 -22.0 22
8 -15.0 15
9 -43.0 43
10 -32.0 32
11 -9.0 9
12 -7.0 7
13 -17.0 17
14 -14.0 14
15 -7.0 7
16 -7.0 7
17 -7.0 7
18 -7.0 7
19 -8.0 8
20 -7.0 7
21 -7.0 7
0 -50.0 50
1 -50.0 50
2 -50.0 50
3 -27.0 27
4 -23.0 23
5 -40.0 40
6 -19.0 19
7 -17.0 17
8 -40.0 40
9 -9.0 9
10 -17.0 17
11 -11.0 11
12 -10.0 10
13 -50.0 50
14 -17.0 17
15 -50.0 50
16 -28.0 28
17 -29.0 29
18 -12.0 12
19 -11.0 11
20 -7.0 7
21 -7.0 7
0 -50.0 50
1 -50.0 50
2 -50.0 50
3 -41.0 41
4 -39.0 39
5 -50.0 50
6 -31.0 31
7 -19.0 19
8 -10.0 10
9 -15.0 15
10 -12.0 12
11 -19.0 19
12 -17.0 17
13 -10.0 10
14 -7.0 7
15 -11.0 11
16 -11.0 11
17 -14.0 14
18 -10.0 10
19 -9.0 9
20 -7.0 7
21 -7.0 7
0 -50.0 50
1 -50.0 50
2 -50.0 50
3 -32.0 32
4 -50.0 50
5 -18.0 18
6 -17.0 17
7 -7.0 7
8 -10.0 10
9 -50.0 50
10 -39.0 39
11 -21.0 21
12 -12.0 12
13 -7.0 7
14 -7.0 7
15 -7.0 7
16 -10.0 10
17 -8.0 8
18 -7.0 7
19 -7.0 7
20 -7.0 7
21 -7.0 7
0 -50.0 50
1 -44.0 44
2 -50.0 50
3 -40.0 40
4 -50.0 50
5 -21.0 21
6 -14.0 14
7 -46.0 46
8 -16.0 16
9 -12.0 12
10 -18.0 18
11 -7.0 7
12 -7.0 7
13 -7.0 7
14 -7.0 7
15 -18.0 18
16 -15.0 15
17 -8.0 8
18 -9.0 9
19 -7.0 7
20 -9.0 9
21 -7.0 7
0 -50.0 50
1 -40.0 40
2 -50.0 50
3 -50.0 50
4 -25.0 25
5 -41.0 41
6 -50.0 50
7 -23.0 23
8 -16.0 16
9 -50.0 50
10 -9.0 9
11 -9.0 9
12 -9.0 9
13 -7.0 7
14 -7.0 7
15 -11.0 11
16 -15.0 15
17 -12.0 12
18 -7.0 7
19 -7.0 7
20 -7.0 7
21 -7.0 7
0 -50.0 50
1 -48.0 48
2 -26.0 26
3 -50.0 50
4 -50.0 50
5 -50.0 50
6 -23.0 23
7 -19.0 19
8 -12.0 12
9 -16.0 16
10 -11.0 11
11 -8.0 8
12 -7.0 7
13 -16.0 16
14 -9.0 9
15 -8.0 8
16 -10.0 10
17 -24.0 24
18 -22.0 22
19 -7.0 7
20 -7.0 7
21 -7.0 7
0 -50.0 50
1 -50.0 50
2 -50.0 50
3 -50.0 50
4 -35.0 35
5 -50.0 50
6 -50.0 50
7 -21.0 21
8 -9.0 9
9 -12.0 12
10 -10.0 10
11 -10.0 10
12 -14.0 14
13 -8.0 8
14 -7.0 7
15 -8.0 8
16 -7.0 7
17 -12.0 12
18 -14.0 14
19 -7.0 7
20 -7.0 7
21 -9.0 9
0 -50.0 50
1 -50.0 50
2 -39.0 39
3 -50.0 50
4 -50.0 50
5 -48.0 48
6 -29.0 29
7 -17.0 17
8 -8.0 8
9 -13.0 13
10 -9.0 9
11 -9.0 9
12 -9.0 9
13 -7.0 7
14 -7.0 7
15 -7.0 7
16 -9.0 9
17 -18.0 18
18 -11.0 11
19 -7.0 7
20 -7.0 7
21 -7.0 7
0 -50.0 50
1 -50.0 50
2 -50.0 50
3 -50.0 50
4 -26.0 26
5 -50.0 50
6 -33.0 33
7 -28.0 28
8 -26.0 26
9 -12.0 12
10 -18.0 18
11 -23.0 23
12 -13.0 13
13 -9.0 9
14 -9.0 9
15 -7.0 7
16 -8.0 8
17 -7.0 7
18 -8.0 8
19 -9.0 9
20 -7.0 7
21 -7.0 7
0 -50.0 50
1 -38.0 38
2 -50.0 50
3 -38.0 38
4 -37.0 37
5 -50.0 50
6 -50.0 50
7 -36.0 36
8 -14.0 14
9 -50.0 50
10 -32.0 32
11 -16.0 16
12 -7.0 7
13 -15.0 15
14 -7.0 7
15 -8.0 8
16 -9.0 9
17 -7.0 7
18 -7.0 7
19 -7.0 7
20 -7.0 7
21 -7.0 7
0 -50.0 50
1 -50.0 50
2 -21.0 21
3 -37.0 37
4 -50.0 50
5 -50.0 50
6 -39.0 39
7 -41.0 41
8 -33.0 33
9 -23.0 23
10 -12.0 12
11 -26.0 26
12 -10.0 10
13 -13.0 13
14 -7.0 7
15 -8.0 8
16 -7.0 7
17 -7.0 7
18 -7.0 7
19 -7.0 7
20 -9.0 9
21 -7.0 7
0 -50.0 50
1 -45.0 45
2 -50.0 50
3 -23.0 23
4 -50.0 50
5 -20.0 20
6 -20.0 20
7 -50.0 50
8 -18.0 18
9 -47.0 47
10 -50.0 50
11 -22.0 22
12 -21.0 21
13 -7.0 7
14 -8.0 8
15 -8.0 8
16 -7.0 7
17 -7.0 7
18 -7.0 7
19 -7.0 7
20 -7.0 7
21 -7.0 7
0 -48.0 48
1 -50.0 50
2 -50.0 50
3 -12.0 12
4 -34.0 34
5 -50.0 50
6 -44.0 44
7 -37.0 37
8 -9.0 9
9 -28.0 28
10 -13.0 13
11 -9.0 9
12 -10.0 10
13 -8.0 8
14 -9.0 9
15 -7.0 7
16 -8.0 8
17 -7.0 7
18 -8.0 8
19 -7.0 7
20 -7.0 7
21 -7.0 7
0 -50.0 50
1 -50.0 50
2 -37.0 37
3 -50.0 50
4 -45.0 45
5 -50.0 50
6 -40.0 40
7 -50.0 50
8 -11.0 11
9 -12.0 12
10 -7.0 7
11 -7.0 7
12 -17.0 17
13 -8.0 8
14 -12.0 12
15 -14.0 14
16 -8.0 8
17 -8.0 8
18 -7.0 7
19 -7.0 7
20 -7.0 7
21 -7.0 7
0 -50.0 50
1 -50.0 50
2 -39.0 39
3 -50.0 50
4 -50.0 50
5 -42.0 42
6 -29.0 29
7 -15.0 15
8 -15.0 15
9 -50.0 50
10 -41.0 41
11 -16.0 16
12 -16.0 16
13 -11.0 11
14 -8.0 8
15 -7.0 7
16 -7.0 7
17 -8.0 8
18 -7.0 7
19 -7.0 7
20 -7.0 7
21 -7.0 7
0 -50.0 50
1 -50.0 50
2 -50.0 50
3 -42.0 42
4 -26.0 26
5 -50.0 50
6 -21.0 21
7 -13.0 13
8 -23.0 23
9 -17.0 17
10 -13.0 13
11 -19.0 19
12 -24.0 24
13 -7.0 7
14 -11.0 11
15 -9.0 9
16 -7.0 7
17 -9.0 9
18 -7.0 7
19 -14.0 14
20 -15.0 15
21 -10.0 10
0 -50.0 50
1 -50.0 50
2 -50.0 50
3 -50.0 50
4 -19.0 19
5 -16.0 16
6 -41.0 41
7 -30.0 30
8 -22.0 22
9 -50.0 50
10 -35.0 35
11 -36.0 36
12 -18.0 18
13 -12.0 12
14 -12.0 12
15 -12.0 12
16 -12.0 12
17 -11.0 11
18 -8.0 8
19 -13.0 13
20 -7.0 7
21 -8.0 8
0 -50.0 50
1 -43.0 43
2 -50.0 50
3 -50.0 50
4 -24.0 24
5 -39.0 39
6 -27.0 27
7 -50.0 50
8 -26.0 26
9 -14.0 14
10 -24.0 24
11 -38.0 38
12 -11.0 11
13 -8.0 8
14 -9.0 9
15 -9.0 9
16 -11.0 11
17 -11.0 11
18 -8.0 8
19 -7.0 7
20 -7.0 7
21 -7.0 7
0 -50.0 50
1 -50.0 50
2 -50.0 50
3 -25.0 25
4 -50.0 50
5 -17.0 17
6 -14.0 14
7 -21.0 21
8 -17.0 17
9 -12.0 12
10 -19.0 19
11 -24.0 24
12 -19.0 19
13 -15.0 15
14 -7.0 7
15 -7.0 7
16 -7.0 7
17 -7.0 7
18 -9.0 9
19 -10.0 10
20 -7.0 7
21 -12.0 12
0 -36.0 36
1 -50.0 50
2 -50.0 50
3 -50.0 50
4 -50.0 50
5 -50.0 50
6 -27.0 27
7 -50.0 50
8 -18.0 18
9 -13.0 13
10 -13.0 13
11 -10.0 10
12 -13.0 13
13 -12.0 12
14 -12.0 12
15 -13.0 13
16 -8.0 8
17 -8.0 8
18 -12.0 12
19 -13.0 13
20 -9.0 9
21 -14.0 14
0 -24.0 24
1 -50.0 50
2 -50.0 50
3 -50.0 50
4 -15.0 15
5 -50.0 50
6 -28.0 28
7 -50.0 50
8 -28.0 28
9 -30.0 30
10 -33.0 33
11 -23.0 23
12 -12.0 12
13 -19.0 19
14 -11.0 11
15 -10.0 10
16 -11.0 11
17 -9.0 9
18 -13.0 13
19 -11.0 11
20 -10.0 10
21 -7.0 7
0 -43.0 43
1 -50.0 50
2 -50.0 50
3 -40.0 40
4 -50.0 50
5 -46.0 46
6 -11.0 11
7 -44.0 44
8 -24.0 24
9 -11.0 11
10 -9.0 9
11 -21.0 21
12 -7.0 7
13 -11.0 11
14 -9.0 9
15 -11.0 11
16 -10.0 10
17 -7.0 7
18 -14.0 14
19 -7.0 7
20 -7.0 7
21 -7.0 7
0 -50.0 50
1 -50.0 50
2 -50.0 50
3 -50.0 50
4 -17.0 17
5 -24.0 24
6 -37.0 37
7 -29.0 29
8 -50.0 50
9 -7.0 7
10 -7.0 7
11 -10.0 10
12 -16.0 16
13 -7.0 7
14 -7.0 7
15 -7.0 7
16 -11.0 11
17 -7.0 7
18 -7.0 7
19 -7.0 7
20 -7.0 7
21 -8.0 8
0 -50.0 50
1 -50.0 50
2 -37.0 37
3 -50.0 50
4 -34.0 34
5 -20.0 20
6 -23.0 23
7 -50.0 50
8 -19.0 19
9 -37.0 37
10 -44.0 44
11 -10.0 10
12 -11.0 11
13 -9.0 9
14 -7.0 7
15 -8.0 8
16 -8.0 8
17 -11.0 11
18 -9.0 9
19 -9.0 9
20 -17.0 17
21 -10.0 10
