0 -50.0 50
1 -50.0 50
2 -36.0 36
3 -50.0 50
0 -50.0 50
1 -47.0 47
2 -50.0 50
3 -50.0 50
0 -50.0 50
1 -50.0 50
2 -18.0 18
3 -50.0 50
0 -50.0 50
1 -39.0 39
2 -50.0 50
3 -14.0 14
0 -50.0 50
1 -50.0 50
2 -29.0 29
3 -36.0 36
0 -30.0 30
1 -50.0 50
2 -50.0 50
3 -35.0 35
0 -50.0 50
1 -50.0 50
2 -43.0 43
3 -15.0 15
0 -50.0 50
1 -50.0 50
2 -50.0 50
3 -41.0 41
0 -50.0 50
1 -38.0 38
2 -50.0 50
3 -50.0 50
0 -50.0 50
1 -50.0 50
2 -50.0 50
3 -41.0 41
0 -50.0 50
1 -50.0 50
2 -50.0 50
3 -42.0 42
0 -50.0 50
1 -50.0 50
2 -50.0 50
3 -39.0 39
0 -50.0 50
1 -50.0 50
2 -16.0 16
3 -50.0 50
0 -50.0 50
1 -50.0 50
2 -29.0 29
3 -50.0 50
0 -50.0 50
1 -50.0 50
2 -50.0 50
3 -37.0 37
0 -13.0 13
1 -50.0 50
2 -27.0 27
3 -50.0 50
0 -50.0 50
1 -42.0 42
2 -50.0 50
3 -50.0 50
0 -50.0 50
1 -50.0 50
2 -26.0 26
3 -50.0 50
0 -50.0 50
1 -42.0 42
2 -50.0 50
3 -32.0 32
0 -35.0 35
1 -50.0 50
2 -50.0 50
3 -50.0 50
0 -50.0 50
1 -50.0 50
2 -50.0 50
3 -43.0 43
0 -50.0 50
1 -30.0 30
2 -50.0 50
3 -50.0 50
0 -50.0 50
1 -50.0 50
2 -50.0 50
3 -39.0 39
0 -50.0 50
1 -13.0 13
2 -50.0 50
3 -50.0 50
0 -50.0 50
1 -29.0 29
2 -50.0 50
3 -50.0 50
0 -50.0 50
1 -38.0 38
2 -50.0 50
3 -50.0 50
0 -50.0 50
1 -50.0 50
2 -36.0 36
3 -50.0 50
0 -50.0 50
1 -39.0 39
2 -50.0 50
3 -46.0 46
0 -50.0 50
1 -23.0 23
2 -50.0 50
3 -50.0 50
0 -50.0 50
1 -50.0 50
2 -50.0 50
3 -50.0 50
0 -50.0 50
1 -50.0 50
2 -30.0 30
3 -50.0 50
0 -50.0 50
1 -50.0 50
2 -50.0 50
3 -39.0 39
0 -50.0 50
1 -50.0 50
2 -50.0 50
3 -50.0 50
0 -50.0 50
1 -50.0 50
2 -50.0 50
3 -23.0 23
0 -50.0 50
1 -50.0 50
2 -15.0 15
3 -29.0 29
0 -50.0 50
1 -50.0 50
2 -49.0 49
3 -50.0 50
0 -42.0 42
1 -50.0 50
2 -50.0 50
3 -26.0 26
0 -50.0 50
1 -50.0 50
2 -44.0 44
3 -50.0 50
0 -50.0 50
1 -26.0 26
2 -50.0 50
3 -50.0 50
0 -50.0 50
1 -50.0 50
2 -40.0 40
3 -50.0 50
