0 -50.0 50
1 -42.0 42
2 -50.0 50
3 -50.0 50
4 -50.0 50
5 -24.0 24
6 -33.0 33
7 -26.0 26
8 -42.0 42
9 -14.0 14
10 -23.0 23
11 -10.0 10
12 -13.0 13
13 -7.0 7
14 -9.0 9
15 -12.0 12
16 -9.0 9
17 -7.0 7
18 -9.0 9
19 -7.0 7
0 -50.0 50
1 -20.0 20
2 -50.0 50
3 -50.0 50
4 -48.0 48
5 -18.0 18
6 -50.0 50
7 -18.0 18
8 -14.0 14
9 -22.0 22
10 -9.0 9
11 -12.0 12
12 -8.0 8
13 -8.0 8
14 -10.0 10
15 -7.0 7
16 -7.0 7
17 -11.0 11
18 -14.0 14
19 -7.0 7
0 -50.0 50
1 -50.0 50
2 -23.0 23
3 -50.0 50
4 -45.0 45
5 -44.0 44
6 -42.0 42
7 -29.0 29
8 -9.0 9
9 -12.0 12
10 -11.0 11
11 -16.0 16
12 -50.0 50
13 -11.0 11
14 -9.0 9
15 -10.0 10
16 -7.0 7
17 -7.0 7
18 -7.0 7
19 -7.0 7
0 -36.0 36
1 -50.0 50
2 -50.0 50
3 -50.0 50
4 -50.0 50
5 -33.0 33
6 -16.0 16
7 -11.0 11
8 -34.0 34
9 -32.0 32
10 -20.0 20
11 -31.0 31
12 -13.0 13
13 -11.0 11
14 -11.0 11
15 -8.0 8
16 -14.0 14
17 -16.0 16
18 -7.0 7
19 -7.0 7
0 -50.0 50
1 -50.0 50
2 -50.0 50
3 -50.0 50
4 -17.0 17
5 -50.0 50
6 -15.0 15
7 -13.0 13
8 -7.0 7
9 -31.0 31
10 -7.0 7
11 -8.0 8
12 -7.0 7
13 -16.0 16
14 -8.0 8
15 -10.0 10
16 -7.0 7
17 -7.0 7
18 -7.0 7
19 -7.0 7
0 -50.0 50
1 -50.0 50
2 -50.0 50
3 -19.0 19
4 -50.0 50
5 -50.0 50
6 -21.0 21
7 -17.0 17
8 -11.0 11
9 -18.0 18
10 -15.0 15
11 -18.0 18
12 -9.0 9
13 -11.0 11
14 -18.0 18
15 -14.0 14
16 -22.0 22
17 -34.0 34
18 -12.0 12
19 -7.0 7
0 -50.0 50
1 -27.0 27
2 -50.0 50
3 -50.0 50
4 -50.0 50
5 -32.0 32
6 -18.0 18
7 -12.0 12
8 -31.0 31
9 -7.0 7
10 -7.0 7
11 -11.0 11
12 -7.0 7
13 -12.0 12
14 -17.0 17
15 -14.0 14
16 -13.0 13
17 -7.0 7
18 -7.0 7
19 -9.0 9
0 -50.0 50
1 -50.0 50
2 -50.0 50
3 -48.0 48
4 -50.0 50
5 -28.0 28
6 -17.0 17
7 -36.0 36
8 -31.0 31
9 -19.0 19
10 -18.0 18
11 -7.0 7
12 -11.0 11
13 -21.0 21
14 -9.0 9
15 -10.0 10
16 -7.0 7
17 -8.0 8
18 -9.0 9
19 -7.0 7
0 -50.0 50
1 -50.0 50
2 -50.0 50
3 -26.0 26
4 -50.0 50
5 -50.0 50
6 -34.0 34
7 -25.0 25
8 -9.0 9
9 -7.0 7
10 -7.0 7
11 -12.0 12
12 -8.0 8
13 -9.0 9
14 -16.0 16
15 -12.0 12
16 -9.0 9
17 -7.0 7
18 -7.0 7
19 -7.0 7
0 -41.0 41
1 -50.0 50
2 -50.0 50
3 -47.0 47
4 -31.0 31
5 -50.0 50
6 -50.0 50
7 -22.0 22
8 -16.0 16
9 -12.0 12
10 -14.0 14
11 -39.0 39
12 -15.0 15
13 -11.0 11
14 -41.0 41
15 -27.0 27
16 -12.0 12
17 -10.0 10
18 -9.0 9
19 -9.0 9
0 -50.0 50
1 -50.0 50
2 -50.0 50
3 -27.0 27
4 -31.0 31
5 -8.0 8
6 -26.0 26
7 -50.0 50
8 -43.0 43
9 -36.0 36
10 -21.0 21
11 -22.0 22
12 -9.0 9
13 -10.0 10
14 -12.0 12
15 -12.0 12
16 -10.0 10
17 -7.0 7
18 -7.0 7
19 -7.0 7
0 -48.0 48
1 -50.0 50
2 -50.0 50
3 -50.0 50
4 -17.0 17
5 -30.0 30
6 -33.0 33
7 -50.0 50
8 -18.0 18
9 -37.0 37
10 -39.0 39
11 -28.0 28
12 -13.0 13
13 -13.0 13
14 -12.0 12
15 -10.0 10
16 -10.0 10
17 -7.0 7
18 -7.0 7
19 -7.0 7
0 -50.0 50
1 -50.0 50
2 -34.0 34
3 -45.0 45
4 -44.0 44
5 -29.0 29
6 -31.0 31
7 -50.0 50
8 -50.0 50
9 -50.0 50
10 -10.0 10
11 -27.0 27
12 -7.0 7
13 -7.0 7
14 -8.0 8
15 -8.0 8
16 -7.0 7
17 -7.0 7
18 -7.0 7
19 -7.0 7
0 -50.0 50
1 -50.0 50
2 -50.0 50
3 -20.0 20
4 -50.0 50
5 -20.0 20
6 -42.0 42
7 -50.0 50
8 -30.0 30
9 -20.0 20
10 -11.0 11
11 -14.0 14
12 -12.0 12
13 -7.0 7
14 -9.0 9
15 -8.0 8
16 -7.0 7
17 -7.0 7
18 -7.0 7
19 -7.0 7
0 -50.0 50
1 -48.0 48
2 -50.0 50
3 -50.0 50
4 -21.0 21
5 -28.0 28
6 -28.0 28
7 -50.0 50
8 -50.0 50
9 -31.0 31
10 -17.0 17
11 -14.0 14
12 -16.0 16
13 -11.0 11
14 -9.0 9
15 -14.0 14
16 -27.0 27
17 -7.0 7
18 -7.0 7
19 -7.0 7
0 -50.0 50
1 -50.0 50
2 -50.0 50
3 -32.0 32
4 -35.0 35
5 -50.0 50
6 -42.0 42
7 -39.0 39
8 -30.0 30
9 -38.0 38
10 -13.0 13
11 -8.0 8
12 -7.0 7
13 -12.0 12
14 -10.0 10
15 -9.0 9
16 -9.0 9
17 -7.0 7
18 -9.0 9
19 -7.0 7
0 -50.0 50
1 -50.0 50
2 -38.0 38
3 -35.0 35
4 -50.0 50
5 -17.0 17
6 -34.0 34
7 -49.0 49
8 -25.0 25
9 -50.0 50
10 -50.0 50
11 -34.0 34
12 -7.0 7
13 -9.0 9
14 -9.0 9
15 -8.0 8
16 -15.0 15
17 -8.0 8
18 -7.0 7
19 -7.0 7
0 -50.0 50
1 -50.0 50
2 -16.0 16
3 -50.0 50
4 -45.0 45
5 -49.0 49
6 -48.0 48
7 -34.0 34
8 -25.0 25
9 -11.0 11
10 -7.0 7
11 -7.0 7
12 -8.0 8
13 -9.0 9
14 -9.0 9
15 -7.0 7
16 -7.0 7
17 -11.0 11
18 -7.0 7
19 -7.0 7
0 -50.0 50
1 -50.0 50
2 -50.0 50
3 -50.0 50
4 -27.0 27
5 -26.0 26
6 -35.0 35
7 -50.0 50
8 -15.0 15
9 -13.0 13
10 -18.0 18
11 -26.0 26
12 -27.0 27
13 -24.0 24
14 -11.0 11
15 -12.0 12
16 -18.0 18
17 -14.0 14
18 -13.0 13
19 -24.0 24
0 -24.0 24
1 -50.0 50
2 -50.0 50
3 -46.0 46
4 -50.0 50
5 -41.0 41
6 -50.0 50
7 -50.0 50
8 -29.0 29
9 -24.0 24
10 -25.0 25
11 -13.0 13
12 -11.0 11
13 -13.0 13
14 -9.0 9
15 -8.0 8
16 -7.0 7
17 -7.0 7
18 -7.0 7
19 -7.0 7
0 -50.0 50
1 -18.0 18
2 -50.0 50
3 -50.0 50
4 -50.0 50
5 -25.0 25
6 -14.0 14
7 -50.0 50
8 -13.0 13
9 -16.0 16
10 -18.0 18
11 -10.0 10
12 -10.0 10
13 -7.0 7
14 -10.0 10
15 -7.0 7
16 -20.0 20
17 -20.0 20
18 -9.0 9
19 -10.0 10
0 -50.0 50
1 -50.0 50
2 -50.0 50
3 -50.0 50
4 -41.0 41
5 -22.0 22
6 -33.0 33
7 -23.0 23
8 -50.0 50
9 -50.0 50
10 -20.0 20
11 -13.0 13
12 -14.0 14
13 -13.0 13
14 -14.0 14
15 -13.0 13
16 -19.0 19
17 -11.0 11
18 -9.0 9
19 -9.0 9
0 -50.0 50
1 -37.0 37
2 -50.0 50
3 -37.0 37
4 -50.0 50
5 -28.0 28
6 -50.0 50
7 -39.0 39
8 -16.0 16
9 -12.0 12
10 -10.0 10
11 -22.0 22
12 -17.0 17
13 -13.0 13
14 -14.0 14
15 -7.0 7
16 -7.0 7
17 -8.0 8
18 -7.0 7
19 -8.0 8
0 -50.0 50
1 -30.0 30
2 -50.0 50
3 -33.0 33
4 -50.0 50
5 -34.0 34
6 -50.0 50
7 -50.0 50
8 -39.0 39
9 -18.0 18
10 -10.0 10
11 -7.0 7
12 -7.0 7
13 -11.0 11
14 -13.0 13
15 -7.0 7
16 -7.0 7
17 -7.0 7
18 -7.0 7
19 -7.0 7
0 -50.0 50
1 -35.0 35
2 -50.0 50
3 -50.0 50
4 -50.0 50
5 -31.0 31
6 -13.0 13
7 -16.0 16
8 -23.0 23
9 -27.0 27
10 -16.0 16
11 -7.0 7
12 -10.0 10
13 -7.0 7
14 -7.0 7
15 -7.0 7
16 -7.0 7
17 -7.0 7
18 -7.0 7
19 -7.0 7
0 -50.0 50
1 -27.0 27
2 -50.0 50
3 -35.0 35
4 -50.0 50
5 -50.0 50
6 -15.0 15
7 -10.0 10
8 -18.0 18
9 -50.0 50
10 -22.0 22
11 -29.0 29
12 -26.0 26
13 -10.0 10
14 -7.0 7
15 -7.0 7
16 -10.0 10
17 -7.0 7
18 -7.0 7
19 -9.0 9
0 -50.0 50
1 -49.0 49
2 -50.0 50
3 -40.0 40
4 -50.0 50
5 -50.0 50
6 -14.0 14
7 -8.0 8
8 -45.0 45
9 -19.0 19
10 -9.0 9
11 -8.0 8
12 -18.0 18
13 -10.0 10
14 -7.0 7
15 -11.0 11
16 -9.0 9
17 -7.0 7
18 -7.0 7
19 -7.0 7
0 -50.0 50
1 -50.0 50
2 -50.0 50
3 -50.0 50
4 -29.0 29
5 -37.0 37
6 -27.0 27
7 -50.0 50
8 -21.0 21
9 -20.0 20
10 -7.0 7
11 -9.0 9
12 -10.0 10
13 -18.0 18
14 -26.0 26
15 -8.0 8
16 -7.0 7
17 -7.0 7
18 -8.0 8
19 -7.0 7
0 -50.0 50
1 -50.0 50
2 -50.0 50
3 -50.0 50
4 -32.0 32
5 -44.0 44
6 -32.0 32
7 -24.0 24
8 -50.0 50
9 -15.0 15
10 -12.0 12
11 -7.0 7
12 -8.0 8
13 -10.0 10
14 -8.0 8
15 -8.0 8
16 -7.0 7
17 -9.0 9
18 -8.0 8
19 -7.0 7
0 -50.0 50
1 -50.0 50
2 -50.0 50
3 -21.0 21
4 -28.0 28
5 -50.0 50
6 -50.0 50
7 -21.0 21
8 -24.0 24
9 -25.0 25
10 -21.0 21
11 -32.0 32
12 -12.0 12
13 -10.0 10
14 -11.0 11
15 -13.0 13
16 -7.0 7
17 -8.0 8
18 -7.0 7
19 -9.0 9
0 -50.0 50
1 -50.0 50
2 -50.0 50
3 -34.0 34
4 -50.0 50
5 -49.0 49
6 -50.0 50
7 -9.0 9
8 -10.0 10
9 -13.0 13
10 -20.0 20
11 -7.0 7
12 -7.0 7
13 -7.0 7
14 -17.0 17
15 -16.0 16
16 -8.0 8
17 -7.0 7
18 -7.0 7
19 -7.0 7
0 -31.0 31
1 -50.0 50
2 -50.0 50
3 -42.0 42
4 -50.0 50
5 -49.0 49
6 -16.0 16
7 -7.0 7
8 -12.0 12
9 -14.0 14
10 -16.0 16
11 -16.0 16
12 -13.0 13
13 -30.0 30
14 -9.0 9
15 -12.0 12
16 -21.0 21
17 -7.0 7
18 -7.0 7
19 -7.0 7
0 -46.0 46
1 -50.0 50
2 -50.0 50
3 -50.0 50
4 -33.0 33
5 -50.0 50
6 -20.0 20
7 -24.0 24
8 -13.0 13
9 -7.0 7
10 -8.0 8
11 -7.0 7
12 -12.0 12
13 -23.0 23
14 -8.0 8
15 -10.0 10
16 -8.0 8
17 -10.0 10
18 -8.0 8
19 -9.0 9
0 -47.0 47
1 -50.0 50
2 -42.0 42
3 -50.0 50
4 -50.0 50
5 -24.0 24
6 -8.0 8
7 -13.0 13
8 -10.0 10
9 -20.0 20
10 -19.0 19
11 -50.0 50
12 -23.0 23
13 -7.0 7
14 -7.0 7
15 -9.0 9
16 -10.0 10
17 -7.0 7
18 -7.0 7
19 -7.0 7
0 -50.0 50
1 -28.0 28
2 -50.0 50
3 -50.0 50
4 -12.0 12
5 -25.0 25
6 -50.0 50
7 -50.0 50
8 -26.0 26
9 -31.0 31
10 -24.0 24
11 -14.0 14
12 -16.0 16
13 -20.0 20
14 -9.0 9
15 -7.0 7
16 -9.0 9
17 -20.0 20
18 -27.0 27
19 -10.0 10
0 -50.0 50
1 -40.0 40
2 -50.0 50
3 -50.0 50
4 -17.0 17
5 -30.0 30
6 -36.0 36
7 -50.0 50
8 -32.0 32
9 -17.0 17
10 -22.0 22
11 -19.0 19
12 -26.0 26
13 -21.0 21
14 -24.0 24
15 -17.0 17
16 -7.0 7
17 -7.0 7
18 -7.0 7
19 -7.0 7
0 -50.0 50
1 -50.0 50
2 -50.0 50
3 -50.0 50
4 -50.0 50
5 -30.0 30
6 -19.0 19
7 -14.0 14
8 -10.0 10
9 -7.0 7
10 -19.0 19
11 -15.0 15
12 -32.0 32
13 -40.0 40
14 -9.0 9
15 -9.0 9
16 -12.0 12
17 -7.0 7
18 -7.0 7
19 -7.0 7
0 -35.0 35
1 -50.0 50
2 -50.0 50
3 -50.0 50
4 -41.0 41
5 -25.0 25
6 -15.0 15
7 -10.0 10
8 -9.0 9
9 -34.0 34
10 -31.0 31
11 -18.0 18
12 -17.0 17
13 -50.0 50
14 -14.0 14
15 -9.0 9
16 -7.0 7
17 -13.0 13
18 -15.0 15
19 -9.0 9
0 -27.0 27
1 -50.0 50
2 -47.0 47
3 -50.0 50
4 -34.0 34
5 -50.0 50
6 -25.0 25
7 -21.0 21
8 -50.0 50
9 -50.0 50
10 -22.0 22
11 -7.0 7
12 -11.0 11
13 -13.0 13
14 -9.0 9
15 -7.0 7
16 -7.0 7
17 -7.0 7
18 -7.0 7
19 -7.0 7
0 -50.0 50
1 -33.0 33
2 -50.0 50
3 -43.0 43
4 -50.0 50
5 -50.0 50
6 -9.0 9
7 -11.0 11
8 -13.0 13
9 -21.0 21
10 -9.0 9
11 -19.0 19
12 -15.0 15
13 -14.0 14
14 -22.0 22
15 -11.0 11
16 -8.0 8
17 -7.0 7
18 -7.0 7
19 -11.0 11
